-0.121486
-0.116036
-0.110132
-0.103818
-0.097151
-0.090203
-0.083062
-0.075826
-0.068586
-0.061406
-0.054279
-0.047113
-0.039731
-0.032002
-0.024036
-0.015928
-0.007675
0.000641
0.008867
0.016784
0.024102
0.030442
0.035314
0.038092
0.038092
0.035314
0.030442
0.024102
0.016784
0.008867
0.000641
-0.007672
-0.015912
-0.023974
-0.031815
-0.039289
-0.046270
-0.052895
-0.059396
-0.065944
-0.072618
-0.079409
-0.086244
-0.093021
-0.099639
-0.106006
-0.112049
-0.117707
-0.121486
-0.226736
-0.216724
-0.205454
-0.192911
-0.179142
-0.164275
-0.148532
-0.132231
-0.115785
-0.099663
-0.084308
-0.070006
-0.056747
-0.044331
-0.032644
-0.021407
-0.010264
0.000856
0.011825
0.022379
0.032135
0.040587
0.047082
0.050787
0.050787
0.047082
0.040587
0.032135
0.022378
0.011822
0.000855
-0.010239
-0.021280
-0.032219
-0.043208
-0.054426
-0.066086
-0.078596
-0.092256
-0.107028
-0.122591
-0.138480
-0.154221
-0.169408
-0.183730
-0.196977
-0.209029
-0.219845
-0.226736
-0.331555
-0.317232
-0.300885
-0.282409
-0.261781
-0.239102
-0.214641
-0.188880
-0.162528
-0.136493
-0.111770
-0.089222
-0.069303
-0.052012
-0.037122
-0.023867
-0.011320
0.000939
0.012949
0.024487
0.035154
0.044398
0.051503
0.055555
0.055555
0.051503
0.044397
0.035152
0.024480
0.012936
0.000936
-0.011236
-0.023471
-0.035923
-0.049135
-0.063856
-0.080709
-0.100171
-0.122307
-0.146580
-0.172081
-0.197806
-0.222863
-0.246572
-0.268485
-0.288361
-0.306120
-0.321801
-0.331555
-0.437741
-0.419287
-0.398071
-0.373893
-0.346651
-0.316393
-0.283392
-0.248224
-0.211832
-0.175523
-0.140846
-0.109298
-0.081922
-0.059102
-0.040677
-0.025461
-0.011874
0.000976
0.013399
0.025296
0.036294
0.045831
0.053164
0.057346
0.057346
0.053163
0.045829
0.036287
0.025274
0.013363
0.000969
-0.011677
-0.024617
-0.038322
-0.053841
-0.072560
-0.095404
-0.122711
-0.154124
-0.188495
-0.224283
-0.259954
-0.294247
-0.326278
-0.355529
-0.381773
-0.404997
-0.425325
-0.437741
-0.545818
-0.523390
-0.497479
-0.467792
-0.434139
-0.396505
-0.355144
-0.310694
-0.264278
-0.217546
-0.172561
-0.131472
-0.095970
-0.066949
-0.044463
-0.027001
-0.012320
0.000999
0.013621
0.025634
0.036737
0.046374
0.053788
0.058019
0.058019
0.053787
0.046367
0.036716
0.025583
0.013542
0.000985
-0.011954
-0.025542
-0.040638
-0.058852
-0.082194
-0.111765
-0.147605
-0.188829
-0.233622
-0.279812
-0.325377
-0.368747
-0.408893
-0.445258
-0.477652
-0.506135
-0.530927
-0.545818
-0.655893
-0.629632
-0.599184
-0.564157
-0.524269
-0.479431
-0.429868
-0.376253
-0.319855
-0.262618
-0.207080
-0.156019
-0.111818
-0.075971
-0.048875
-0.028785
-0.012812
0.001021
0.013789
0.025823
0.036932
0.046587
0.054025
0.058272
0.058271
0.054022
0.046572
0.036885
0.025718
0.013641
0.000997
-0.012222
-0.026563
-0.043324
-0.064691
-0.093270
-0.130222
-0.175165
-0.226601
-0.282026
-0.338656
-0.394033
-0.446333
-0.494410
-0.537696
-0.576048
-0.609610
-0.638700
-0.655893
-0.767909
-0.737948
-0.703108
-0.662897
-0.616934
-0.565049
-0.507421
-0.444744
-0.378405
-0.310607
-0.244321
-0.182929
-0.129525
-0.086274
-0.054035
-0.030922
-0.013411
0.001048
0.013974
0.025990
0.037054
0.046684
0.054118
0.058368
0.058367
0.054110
0.046652
0.036962
0.025803
0.013730
0.001010
-0.012544
-0.027805
-0.046540
-0.071522
-0.105920
-0.150842
-0.205377
-0.267353
-0.333561
-0.400647
-0.465761
-0.526857
-0.582703
-0.632734
-0.676868
-0.715342
-0.748575
-0.767909
-0.881747
-0.848208
-0.809112
-0.763863
-0.711976
-0.653192
-0.587630
-0.515985
-0.439742
-0.361337
-0.284138
-0.212108
-0.149050
-0.097864
-0.059976
-0.033446
-0.014139
0.001082
0.014208
0.026191
0.037175
0.046751
0.054162
0.058406
0.058403
0.054145
0.046690
0.037015
0.025888
0.013836
0.001027
-0.012947
-0.029315
-0.050339
-0.079386
-0.120149
-0.173581
-0.238137
-0.310923
-0.388040
-0.465590
-0.540369
-0.610138
-0.673600
-0.730210
-0.779963
-0.823191
-0.860423
-0.881747
-0.997265
-0.960265
-0.917042
-0.866893
-0.809227
-0.743683
-0.670312
-0.589793
-0.503685
-0.414633
-0.326379
-0.243441
-0.170327
-0.110714
-0.066696
-0.036367
-0.015006
0.001123
0.014507
0.026455
0.037331
0.046823
0.054194
0.058423
0.058417
0.054162
0.046717
0.037072
0.025996
0.013975
0.001049
-0.013441
-0.031111
-0.054735
-0.088280
-0.135925
-0.198360
-0.273315
-0.357146
-0.445275
-0.533292
-0.617665
-0.695988
-0.766918
-0.829951
-0.885164
-0.932998
-0.974094
-0.997265
-1.114316
-1.073965
-1.026737
-0.971822
-0.908514
-0.836348
-0.755292
-0.665992
-0.570064
-0.470335
-0.370900
-0.276813
-0.193282
-0.124790
-0.074185
-0.039685
-0.016012
0.001173
0.014877
0.026796
0.037540
0.046920
0.054229
0.058436
0.058425
0.054173
0.046748
0.037149
0.026141
0.014155
0.001076
-0.014033
-0.033198
-0.059730
-0.098193
-0.153206
-0.225093
-0.310782
-0.405865
-0.505093
-0.603573
-0.697465
-0.784223
-0.862479
-0.931781
-0.992304
-1.044602
-1.089431
-1.114316
-1.232760
-1.189161
-1.138045
-1.078490
-1.009674
-0.931021
-0.842402
-0.744419
-0.638720
-0.528297
-0.417572
-0.312120
-0.217842
-0.140054
-0.082430
-0.043398
-0.017161
0.001231
0.015324
0.027224
0.037815
0.047053
0.054279
0.058450
0.058431
0.054187
0.046790
0.037254
0.026333
0.014382
0.001108
-0.014725
-0.035579
-0.065318
-0.109105
-0.171946
-0.253695
-0.350422
-0.456936
-0.567338
-0.676264
-0.779598
-0.874670
-0.960109
-1.035533
-1.101220
-1.157847
-1.206286
-1.232760
-1.352459
-1.305713
-1.250821
-1.186748
-1.112555
-1.027545
-0.931487
-0.824919
-0.709508
-0.588382
-0.466275
-0.349264
-0.243941
-0.156469
-0.091417
-0.047504
-0.018451
0.001297
0.015850
0.027747
0.038165
0.047232
0.054348
0.058471
0.058439
0.054206
0.046850
0.037395
0.026577
0.014658
0.001146
-0.015519
-0.038254
-0.071498
-0.121001
-0.192100
-0.284088
-0.392124
-0.510230
-0.631864
-0.751212
-0.863902
-0.967166
-1.059648
-1.141048
-1.211760
-1.272585
-1.324517
-1.352459
-1.473289
-1.423492
-1.364930
-1.296457
-1.217013
-1.125774
-1.022400
-0.907350
-0.782291
-0.650468
-0.516901
-0.388157
-0.271514
-0.174001
-0.101133
-0.052000
-0.019884
0.001372
0.016457
0.028369
0.038600
0.047464
0.054444
0.058502
0.058452
0.054235
0.046933
0.037579
0.026880
0.014986
0.001190
-0.016414
-0.041224
-0.078265
-0.133862
-0.213624
-0.316200
-0.435790
-0.565629
-0.698538
-0.828274
-0.950229
-1.061561
-1.160947
-1.248181
-1.323782
-1.388679
-1.443991
-1.473289
-1.595132
-1.542374
-1.480246
-1.407489
-1.322915
-1.225576
-1.115006
-0.991581
-0.856944
-0.714439
-0.569351
-0.428720
-0.300504
-0.192616
-0.111566
-0.056884
-0.021459
0.001455
0.017146
0.029093
0.039124
0.047757
0.054572
0.058545
0.058471
0.054275
0.047043
0.037811
0.027244
0.015369
0.001240
-0.017412
-0.044490
-0.085616
-0.147671
-0.236478
-0.349961
-0.481331
-0.623023
-0.767236
-0.907315
-1.038440
-1.157715
-1.263866
-1.356796
-1.437153
-1.506002
-1.564586
-1.595132
-1.717880
-1.662248
-1.596654
-1.519722
-1.430140
-1.326824
-1.209182
-1.077488
-0.933350
-0.780189
-0.623533
-0.470878
-0.330858
-0.212283
-0.122703
-0.062154
-0.023177
0.001547
0.017919
0.029923
0.039742
0.048116
0.054736
0.058605
0.058500
0.054331
0.047185
0.038096
0.027675
0.015808
0.001296
-0.018515
-0.048052
-0.093547
-0.162412
-0.260622
-0.385310
-0.528662
-0.682313
-0.837845
-0.988212
-1.128407
-1.255498
-1.368278
-1.466766
-1.551752
-1.624435
-1.686187
-1.717880
-1.841431
-1.783012
-1.714046
-1.633047
-1.538573
-1.429403
-1.304810
-1.164958
-1.011402
-0.847619
-0.679361
-0.514562
-0.362525
-0.232970
-0.134531
-0.067807
-0.025038
0.001648
0.018777
0.030861
0.040459
0.048548
0.054943
0.058686
0.058540
0.054405
0.047363
0.038438
0.028174
0.016303
0.001358
-0.019722
-0.051912
-0.102055
-0.178068
-0.286020
-0.422189
-0.577707
-0.743404
-0.910258
-1.070852
-1.220010
-1.354789
-1.474062
-1.577976
-1.667465
-1.743869
-1.808689
-1.841431
-1.965695
-1.904567
-1.832323
-1.747361
-1.648109
-1.533206
-1.401783
-1.253884
-1.090997
-0.916636
-0.736755
-0.559708
-0.395459
-0.254650
-0.147037
-0.073840
-0.027044
0.001758
0.019721
0.031909
0.041278
0.049056
0.055197
0.058790
0.058596
0.054502
0.047582
0.038840
0.028745
0.016857
0.001426
-0.021035
-0.056070
-0.111136
-0.194621
-0.312637
-0.460544
-0.628393
-0.806208
-0.984376
-1.155126
-1.313139
-1.455477
-1.581108
-1.690318
-1.784189
-1.864205
-1.931995
-1.965695
-2.090585
-2.026828
-1.951395
-1.862570
-1.758651
-1.638133
-1.500002
-1.344168
-1.172041
-0.987153
-0.795639
-0.606255
-0.429615
-0.277295
-0.160210
-0.080252
-0.029195
0.001877
0.020752
0.033069
0.042202
0.049646
0.055503
0.058922
0.058669
0.054624
0.047845
0.039307
0.029388
0.017469
0.001500
-0.022455
-0.060529
-0.120786
-0.212057
-0.340439
-0.500322
-0.680652
-0.870643
-1.060105
-1.240934
-1.407690
-1.557458
-1.689313
-1.803691
-1.901825
-1.985348
-2.056016
-2.090585
-2.216024
-2.149712
-2.071175
-1.978585
-1.870108
-1.744092
-1.599372
-1.435718
-1.254446
-1.059090
-0.855943
-0.654146
-0.464953
-0.300880
-0.174037
-0.087038
-0.031490
0.002004
0.021871
0.034342
0.043233
0.050320
0.055864
0.059086
0.058765
0.054777
0.048157
0.039840
0.030106
0.018142
0.001581
-0.023984
-0.065288
-0.131000
-0.230358
-0.369394
-0.541475
-0.734419
-0.936632
-1.137357
-1.328182
-1.503566
-1.660634
-1.798583
-1.918003
-2.020286
-2.107213
-2.180670
-2.216024
-2.341938
-2.273144
-2.191588
-2.095327
-1.982397
-1.850998
-1.699807
-1.528448
-1.338128
-1.132368
-0.917599
-0.703325
-0.501432
-0.325379
-0.188505
-0.094196
-0.033931
0.002141
0.023079
0.035731
0.044374
0.051081
0.056285
0.059286
0.058886
0.054962
0.048520
0.040443
0.030900
0.018876
0.001669
-0.025622
-0.070348
-0.141774
-0.249509
-0.399473
-0.583958
-0.789635
-1.004100
-1.216050
-1.416783
-1.600678
-1.764916
-1.908829
-2.033167
-2.139489
-2.229720
-2.305879
-2.341938
-2.468263
-2.397055
-2.312559
-2.212720
-2.095440
-1.958769
-1.801225
-1.622275
-1.423010
-1.206915
-0.980544
-0.753743
-0.539014
-0.350769
-0.203604
-0.101723
-0.036517
0.002288
0.024379
0.037237
0.045626
0.051933
0.056770
0.059526
0.059037
0.055184
0.048938
0.041118
0.031772
0.019671
0.001763
-0.027371
-0.075711
-0.153103
-0.269494
-0.430644
-0.627726
-0.846239
-1.072979
-1.296107
-1.506655
-1.698939
-1.870219
-2.019968
-2.149105
-2.259356
-2.352797
-2.431575
-2.468263
-2.594936
-2.521381
-2.434024
-2.330695
-2.209165
-2.067332
-1.903551
-1.717126
-1.509018
-1.282664
-1.044718
-0.805350
-0.577664
-0.377027
-0.219322
-0.109615
-0.039249
0.002443
0.025771
0.038863
0.046992
0.052877
0.057321
0.059810
0.059221
0.055447
0.049413
0.041865
0.032724
0.020530
0.001863
-0.029231
-0.081375
-0.164980
-0.290298
-0.462881
-0.672737
-0.904179
-1.143202
-1.377454
-1.597718
-1.798272
-1.976464
-2.131922
-2.265742
-2.379817
-2.476375
-2.557692
-2.594936
-2.721902
-2.646064
-2.555919
-2.449187
-2.323503
-2.176617
-2.006712
-1.812928
-1.596082
-1.359549
-1.110063
-0.858097
-0.617346
-0.404130
-0.235646
-0.117867
-0.042126
0.002608
0.027257
0.040610
0.048475
0.053917
0.057941
0.060140
0.059441
0.055754
0.049948
0.042689
0.033756
0.021453
0.001971
-0.031204
-0.087341
-0.177401
-0.311905
-0.496156
-0.718950
-0.963399
-1.214707
-1.460020
-1.689899
-1.898601
-2.083577
-2.244622
-2.383010
-2.500806
-2.600391
-2.684171
-2.721902
-2.849108
-2.771050
-2.678189
-2.568135
-2.438394
-2.286559
-2.110644
-1.909614
-1.684137
-1.437508
-1.176524
-0.911941
-0.658028
-0.432057
-0.252567
-0.126477
-0.045149
0.002782
0.028839
0.042481
0.050075
0.055055
0.058635
0.060522
0.059703
0.056107
0.050545
0.043590
0.034871
0.022442
0.002085
-0.033290
-0.093608
-0.190360
-0.334302
-0.530442
-0.766326
-1.023851
-1.287433
-1.543741
-1.783130
-1.999857
-2.191490
-2.357999
-2.500843
-2.622262
-2.724789
-2.810956
-2.849108
-2.976507
-2.896287
-2.800780
-2.687486
-2.553779
-2.397097
-2.215283
-2.007121
-1.773121
-1.516484
-1.244050
-0.966839
-0.699676
-0.460787
-0.270073
-0.135441
-0.048317
0.002966
0.030517
0.044479
0.051797
0.056292
0.059403
0.060958
0.060009
0.056511
0.051208
0.044569
0.036069
0.023497
0.002207
-0.035491
-0.100176
-0.203851
-0.357473
-0.565714
-0.814829
-1.085485
-1.361325
-1.628553
-1.877345
-2.101972
-2.300137
-2.471990
-2.619182
-2.744128
-2.849513
-2.937996
-2.976507
-3.104053
-3.021729
-2.923644
-2.807188
-2.669603
-2.508176
-2.320572
-2.105391
-1.862976
-1.596421
-1.312590
-1.022748
-0.742259
-0.490299
-0.288153
-0.144754
-0.051630
0.003160
0.032293
0.046604
0.053641
0.057632
0.060250
0.061451
0.060363
0.056969
0.051938
0.045630
0.037354
0.024620
0.002335
-0.037807
-0.107043
-0.217867
-0.381405
-0.601947
-0.864421
-1.148255
-1.436326
-1.714397
-1.972481
-2.204886
-2.409458
-2.586539
-2.737973
-2.866352
-2.974514
-3.065245
-3.104053
-3.231708
-3.147334
-3.046735
-2.927191
-2.785817
-2.619741
-2.426454
-2.204367
-1.953646
-1.677265
-1.382098
-1.079629
-0.785748
-0.520574
-0.306797
-0.154412
-0.055086
0.003363
0.034169
0.048861
0.055610
0.059075
0.061177
0.062005
0.060768
0.057483
0.052737
0.046773
0.038725
0.025812
0.002471
-0.040239
-0.114210
-0.232404
-0.406082
-0.639116
-0.915067
-1.212117
-1.512386
-1.801217
-2.068481
-2.308539
-2.519396
-2.701590
-2.857163
-2.988886
-3.099747
-3.192660
-3.231708
-3.359433
-3.273063
-3.170011
-3.047453
-2.902372
-2.731744
-2.532879
-2.303997
-2.045079
-1.758968
-1.452527
-1.137444
-0.830113
-0.551593
-0.325994
-0.164411
-0.058686
0.003576
0.036146
0.051251
0.057708
0.060626
0.062187
0.062623
0.061228
0.058056
0.053608
0.048000
0.040186
0.027075
0.002614
-0.042788
-0.121674
-0.247454
-0.431492
-0.677199
-0.966734
-1.277027
-1.589455
-1.888957
-2.165288
-2.412877
-2.629898
-2.817092
-2.976704
-3.111682
-3.225168
-3.320199
-3.359433
-3.487194
-3.398878
-3.293434
-3.167933
-3.019227
-2.844138
-2.639798
-2.404230
-2.137225
-1.841481
-1.523834
-1.196156
-0.875327
-0.583337
-0.345735
-0.174748
-0.062429
0.003799
0.038224
0.053777
0.059936
0.062286
0.063283
0.063308
0.061746
0.058691
0.054552
0.049315
0.041737
0.028409
0.002764
-0.045453
-0.129434
-0.263011
-0.457620
-0.716171
-1.019389
-1.342943
-1.667484
-1.977568
-2.262850
-2.517847
-2.740912
-2.932998
-3.096551
-3.234701
-3.350739
-3.447825
-3.487194
-3.614958
-3.524745
-3.416968
-3.288590
-3.136339
-2.956880
-2.747166
-2.505021
-2.230036
-1.924758
-1.595978
-1.255729
-0.921361
-0.615787
-0.366007
-0.185417
-0.066314
0.004031
0.040406
0.056442
0.062297
0.064057
0.064467
0.064063
0.062325
0.059390
0.055573
0.050717
0.043382
0.029816
0.002922
-0.048235
-0.137488
-0.279070
-0.484454
-0.756010
-1.072999
-1.409827
-1.746428
-2.066999
-2.361118
-2.623401
-2.852393
-3.049262
-3.216662
-3.357901
-3.476422
-3.575506
-3.614958
-3.742696
-3.650634
-3.540578
-3.409391
-3.253670
-3.069930
-2.854940
-2.606324
-2.323469
-2.008756
-1.668917
-1.316130
-0.968189
-0.648926
-0.386803
-0.196416
-0.070340
0.004274
0.042693
0.059247
0.064796
0.065943
0.065742
0.064891
0.062969
0.060158
0.056672
0.052210
0.045122
0.031298
0.003087
-0.051135
-0.145835
-0.295624
-0.511979
-0.796695
-1.127534
-1.477639
-1.826244
-2.157205
-2.460042
-2.729491
-2.964295
-3.165844
-3.336998
-3.481248
-3.602183
-3.703208
-3.742696
-3.870382
-3.776516
-3.664236
-3.530301
-3.371186
-3.183249
-2.963081
-2.708098
-2.417481
-2.093434
-1.742615
-1.377324
-1.015785
-0.682735
-0.408112
-0.207739
-0.074506
0.004526
0.045085
0.062195
0.067434
0.067947
0.067111
0.065795
0.063680
0.060996
0.057852
0.053797
0.046959
0.032856
0.003260
-0.054152
-0.154473
-0.312666
-0.540184
-0.838204
-1.182964
-1.546343
-1.906889
-2.248140
-2.559580
-2.836075
-3.076578
-3.282704
-3.457524
-3.604707
-3.727992
-3.830902
-3.870382
-3.997990
-3.902363
-3.787911
-3.651291
-3.488853
-3.296803
-3.071549
-2.810304
-2.512031
-2.178751
-1.817033
-1.439280
-1.064125
-0.717199
-0.429924
-0.219382
-0.078812
0.004788
0.047583
0.065290
0.070214
0.070071
0.068575
0.066777
0.064461
0.061906
0.059115
0.055478
0.048895
0.034491
0.003441
-0.057287
-0.163401
-0.330191
-0.569054
-0.880515
-1.239259
-1.615902
-1.988322
-2.339763
-2.659688
-2.943111
-3.189202
-3.399806
-3.578204
-3.728247
-3.853819
-3.958562
-3.997990
-4.125497
-4.028151
-3.911577
-3.772331
-3.606640
-3.410558
-3.180311
-2.912904
-2.607082
-2.264671
-1.892136
-1.501967
-1.113184
-0.752300
-0.452229
-0.231342
-0.083256
0.005060
0.050189
0.068532
0.073140
0.072318
0.070139
0.067840
0.065316
0.062892
0.060463
0.057257
0.050933
0.036204
0.003629
-0.060540
-0.172615
-0.348191
-0.598578
-0.923609
-1.296392
-1.686282
-2.070506
-2.432032
-2.760325
-3.050559
-3.302129
-3.517114
-3.699008
-3.851838
-3.979637
-4.086162
-4.125497
-4.252882
-4.153858
-4.035209
-3.893395
-3.724518
-3.524482
-3.289332
-3.015863
-2.702596
-2.351156
-1.967891
-1.565355
-1.162938
-0.788021
-0.475019
-0.243614
-0.087838
0.005341
0.052902
0.071925
0.076216
0.074692
0.071805
0.068989
0.066246
0.063957
0.061899
0.059137
0.053074
0.037996
0.003825
-0.063910
-0.182115
-0.366662
-0.628743
-0.967465
-1.354335
-1.757449
-2.153402
-2.524908
-2.861454
-3.158384
-3.415327
-3.634598
-3.819905
-3.975453
-4.105420
-4.213678
-4.252882
-4.380125
-4.279462
-4.158785
-4.014458
-3.842461
-3.638548
-3.398582
-3.119147
-2.798540
-2.438173
-2.044265
-1.629416
-1.213364
-0.824348
-0.498283
-0.256195
-0.092557
0.005633
0.055725
0.075471
0.079444
0.077195
0.073577
0.070224
0.067256
0.065102
0.063426
0.061119
0.055322
0.039869
0.004029
-0.067398
-0.191898
-0.385597
-0.659537
-1.012063
-1.413061
-1.829371
-2.236975
-2.618356
-2.963038
-3.266549
-3.528761
-3.752227
-3.940868
-4.099068
-4.231147
-4.341091
-4.380125
-4.507207
-4.404943
-4.282284
-4.135497
-3.960443
-3.752727
-3.508031
-3.222726
-2.894880
-2.525689
-2.121226
-1.694122
-1.264441
-0.861263
-0.522014
-0.269079
-0.097411
0.005934
0.058657
0.079173
0.082827
0.079833
0.075456
0.071550
0.068348
0.066331
0.065046
0.063207
0.057678
0.041825
0.004241
-0.071004
-0.201961
-0.404989
-0.690946
-1.057385
-1.472544
-1.902017
-2.321191
-2.712339
-3.065041
-3.375023
-3.642402
-3.869974
-4.061872
-4.222658
-4.356794
-4.468379
-4.507207
-4.634114
-4.530284
-4.405686
-4.256491
-4.078440
-3.866993
-3.617650
-3.326570
-2.991587
-2.613672
-2.198744
-1.759445
-1.316146
-0.898752
-0.546201
-0.282263
-0.102399
0.006245
0.061700
0.083031
0.086370
0.082607
0.077448
0.072970
0.069525
0.067647
0.066763
0.065404
0.060145
0.043863
0.004461
-0.074727
-0.212304
-0.424832
-0.722961
-1.103411
-1.532758
-1.975356
-2.406016
-2.806824
-3.167432
-3.483774
-3.756220
-3.987810
-4.182891
-4.346201
-4.482343
-4.595525
-4.634114
-4.760828
-4.655468
-4.528972
-4.377419
-4.196432
-3.981324
-3.727414
-3.430650
-3.088629
-2.702092
-2.276790
-1.825360
-1.368458
-0.936800
-0.570835
-0.295743
-0.107521
0.006566
0.064854
0.087049
0.090075
0.085522
0.079555
0.074486
0.070789
0.069053
0.068579
0.067712
0.062725
0.045986
0.004689
-0.078566
-0.222923
-0.445121
-0.755567
-1.150123
-1.593680
-2.049360
-2.491420
-2.901778
-3.270178
-3.592773
-3.870189
-4.105713
-4.303905
-4.469678
-4.607774
-4.722512
-4.760828
-4.887336
-4.780479
-4.652126
-4.498263
-4.314398
-4.095696
-3.837299
-3.534941
-3.185979
-2.790920
-2.355336
-1.891841
-1.421357
-0.975392
-0.595909
-0.309515
-0.112775
0.006897
0.068119
0.091229
0.093946
0.088581
0.081780
0.076102
0.072145
0.070552
0.070497
0.070134
0.065421
0.048194
0.004925
-0.082523
-0.233816
-0.465848
-0.788755
-1.197502
-1.655285
-2.123999
-2.577370
-2.997171
-3.373251
-3.701992
-3.984283
-4.223658
-4.424892
-4.593069
-4.733071
-4.849323
-4.887336
-5.013625
-4.905303
-4.775132
-4.619006
-4.432318
-4.210089
-3.947281
-3.639416
-3.283611
-2.880129
-2.434356
-1.958864
-1.474822
-1.014514
-0.621413
-0.323574
-0.118160
0.007238
0.071496
0.095573
0.097987
0.091790
0.084128
0.077822
0.073595
0.072146
0.072521
0.072674
0.068235
0.050488
0.005170
-0.086597
-0.244982
-0.487009
-0.822513
-1.245532
-1.717549
-2.199248
-2.663839
-3.092973
-3.476621
-3.811405
-4.098477
-4.341625
-4.545832
-4.716357
-4.858218
-4.975945
-5.013625
-5.139683
-5.029928
-4.897976
-4.739632
-4.550175
-4.324482
-4.057339
-3.744053
-3.381499
-2.969694
-2.513823
-2.026406
-1.528834
-1.054151
-0.647338
-0.337917
-0.123676
0.007588
0.074986
0.100082
0.102200
0.095150
0.086602
0.079648
0.075143
0.073839
0.074654
0.075335
0.071169
0.052870
0.005422
-0.090786
-0.256417
-0.508596
-0.856828
-1.294195
-1.780450
-2.275078
-2.750798
-3.189156
-3.580263
-3.920986
-4.212751
-4.459592
-4.666707
-4.839526
-4.983199
-5.102365
-5.139683
-5.265499
-5.154341
-5.020645
-4.860126
-4.667952
-4.438857
-4.167452
-3.848829
-3.479619
-3.059588
-2.593713
-2.094444
-1.583373
-1.094289
-0.673677
-0.352540
-0.129320
0.007948
0.078588
0.104759
0.106590
0.098668
0.089206
0.081585
0.076791
0.075634
0.076899
0.078120
0.074226
0.055341
0.005682
-0.095092
-0.268119
-0.530605
-0.891691
-1.343474
-1.843966
-2.351465
-2.838219
-3.285694
-3.684151
-4.030713
-4.327081
-4.577541
-4.787501
-4.962560
-5.108002
-5.228569
-5.265499
-5.391062
-5.278531
-5.143125
-4.980475
-4.785634
-4.553198
-4.277601
-3.953722
-3.577948
-3.149788
-2.674002
-2.162955
-1.638423
-1.134916
-0.700421
-0.367438
-0.135093
0.008317
0.082304
0.109605
0.111160
0.102345
0.091944
0.083635
0.078543
0.077535
0.079260
0.081032
0.077408
0.057901
0.005951
-0.099513
-0.280087
-0.553028
-0.927089
-1.393352
-1.908076
-2.428384
-2.926077
-3.382560
-3.788260
-4.140563
-4.441449
-4.695455
-4.908197
-5.085444
-5.232614
-5.354548
-5.391062
-5.516365
-5.402487
-5.265406
-5.100665
-4.903207
-4.667488
-4.387768
-4.058713
-3.676465
-3.240271
-2.754668
-2.231919
-1.693964
-1.176018
-0.727562
-0.382608
-0.140992
0.008696
0.086134
0.114623
0.115912
0.106188
0.094821
0.085804
0.080403
0.079545
0.081739
0.084074
0.080718
0.060552
0.006228
-0.104050
-0.292317
-0.575861
-0.963013
-1.443813
-1.972758
-2.505810
-3.014347
-3.479730
-3.892567
-4.250516
-4.555836
-4.813315
-5.028780
-5.208167
-5.357022
-5.480289
-5.516365
-5.641397
-5.526201
-5.387477
-5.220684
-5.020656
-4.781711
-4.497935
-4.163783
-3.775149
-3.331016
-2.835688
-2.301314
-1.749978
-1.217581
-0.755091
-0.398046
-0.147016
0.009085
0.090077
0.119814
0.120852
0.110201
0.097841
0.088094
0.082374
0.081668
0.084342
0.087251
0.084157
0.063294
0.006513
-0.108701
-0.304808
-0.599096
-0.999452
-1.494841
-2.037991
-2.583721
-3.103005
-3.577181
-3.997051
-4.360552
-4.670223
-4.931107
-5.149238
-5.330716
-5.481217
-5.605784
-5.641397
-5.766152
-5.649663
-5.509329
-5.340522
-5.137970
-4.895854
-4.608087
-4.268914
-3.873980
-3.422002
-2.917042
-2.371121
-1.806450
-1.259594
-0.783001
-0.413748
-0.153165
0.009483
0.094134
0.125179
0.125981
0.114386
0.101007
0.090509
0.084460
0.083908
0.087072
0.090565
0.087729
0.066128
0.006807
-0.113467
-0.317557
-0.622729
-1.036394
-1.546421
-2.103757
-2.662095
-3.192027
-3.674890
-4.101692
-4.470651
-4.784595
-5.048816
-5.269556
-5.453080
-5.605189
-5.731025
-5.766152
-5.890622
-5.772866
-5.630952
-5.460168
-5.255137
-5.009903
-4.718210
-4.374089
-3.972939
-3.513208
-2.998708
-2.441321
-1.863362
-1.302043
-0.811284
-0.429710
-0.159438
0.009891
0.098306
0.130721
0.131303
0.118750
0.104325
0.093055
0.086665
0.086267
0.089932
0.094020
0.091435
0.069056
0.007108
-0.118347
-0.330562
-0.646754
-1.073830
-1.598536
-2.170036
-2.740909
-3.281392
-3.772837
-4.206468
-4.580796
-4.898935
-5.166428
-5.389723
-5.575248
-5.728928
-5.856002
-5.890622
-6.014802
-5.895803
-5.752337
-5.579613
-5.372145
-5.123846
-4.828288
-4.479293
-4.072010
-3.604616
-3.080668
-2.511895
-1.920698
-1.344917
-0.839933
-0.445929
-0.165833
0.010308
0.102593
0.136440
0.136822
0.123296
0.107800
0.095734
0.088992
0.088751
0.092927
0.097619
0.095278
0.072077
0.007418
-0.123340
-0.343820
-0.671164
-1.111750
-1.651173
-2.236808
-2.820143
-3.371078
-3.871000
-4.311363
-4.690971
-5.013230
-5.283931
-5.509729
-5.697210
-5.852426
-5.980709
-6.014802
-6.138684
-6.018466
-5.873478
-5.698848
-5.488986
-5.237671
-4.938308
-4.584509
-4.171176
-3.696208
-3.162903
-2.582824
-1.978443
-1.388203
-0.868939
-0.462400
-0.172348
0.010735
0.106994
0.142339
0.142540
0.128029
0.111435
0.098552
0.091446
0.091363
0.096061
0.101367
0.099260
0.075194
0.007736
-0.128446
-0.357330
-0.695955
-1.150142
-1.704316
-2.304056
-2.899777
-3.461065
-3.969360
-4.416357
-4.801160
-5.127464
-5.401313
-5.629562
-5.818958
-5.975675
-6.105139
-6.138684
-6.262264
-6.140850
-5.994368
-5.817864
-5.605649
-5.351368
-5.048258
-4.689725
-4.270420
-3.787966
-3.245395
-2.654092
-2.036580
-1.431890
-0.898295
-0.479120
-0.178984
0.011171
0.111511
0.148419
0.148462
0.132954
0.115235
0.101512
0.094031
0.094108
0.099337
0.105266
0.103384
0.078406
0.008063
-0.133665
-0.371088
-0.721120
-1.188999
-1.757951
-2.371762
-2.979791
-3.551334
-4.067899
-4.521434
-4.911348
-5.241626
-5.518562
-5.749213
-5.940483
-6.098667
-6.229285
-6.262264
-6.385537
-6.262949
-6.114999
-5.936655
-5.722126
-5.464926
-5.158127
-4.794926
-4.369727
-3.879874
-3.328126
-2.725682
-2.095096
-1.475966
-0.927994
-0.496085
-0.185739
0.011617
0.116142
0.154681
0.154589
0.138074
0.119207
0.104620
0.096751
0.096989
0.102761
0.109319
0.107651
0.081714
0.008398
-0.138996
-0.385092
-0.746654
-1.228309
-1.812064
-2.439908
-3.060165
-3.641864
-4.166600
-4.626579
-5.021520
-5.355703
-5.635668
-5.868673
-6.061778
-6.221398
-6.353142
-6.385537
-6.508499
-6.384757
-6.235366
-6.055214
-5.838408
-5.578336
-5.267902
-4.900100
-4.469083
-3.971916
-3.411081
-2.797577
-2.153975
-1.520420
-0.958028
-0.513292
-0.192611
0.012072
0.120889
0.161127
0.160926
0.143394
0.123353
0.107881
0.099611
0.100012
0.106335
0.113532
0.112063
0.085119
0.008741
-0.144439
-0.399340
-0.772551
-1.268063
-1.866641
-2.508478
-3.140883
-3.732639
-4.265444
-4.731775
-5.131665
-5.469683
-5.752621
-5.987933
-6.182835
-6.343859
-6.476705
-6.508499
-6.631145
-6.506272
-6.355464
-6.173534
-5.954489
-5.691588
-5.377575
-5.005235
-4.568475
-4.064078
-3.494243
-2.869761
-2.213204
-1.565242
-0.988391
-0.530736
-0.199600
0.012536
0.125751
0.167758
0.167475
0.148919
0.127680
0.111298
0.102615
0.103180
0.110065
0.117906
0.116624
0.088622
0.009093
-0.149993
-0.413830
-0.798807
-1.308252
-1.921669
-2.577455
-3.221926
-3.823640
-4.364416
-4.837009
-5.241768
-5.583556
-5.869412
-6.106987
-6.303648
-6.466047
-6.599969
-6.631145
-6.753473
-6.627487
-6.475287
-6.291609
-6.070361
-5.804676
-5.487134
-5.110319
-4.667889
-4.156344
-3.577597
-2.942221
-2.272769
-1.610419
-1.019075
-0.548415
-0.206705
0.013010
0.130729
0.174575
0.174239
0.154653
0.132192
0.114877
0.105768
0.106498
0.113955
0.122446
0.121334
0.092223
0.009453
-0.155658
-0.428560
-0.825415
-1.348866
-1.977134
-2.646823
-3.303277
-3.914852
-4.463501
-4.942267
-5.351818
-5.697313
-5.986032
-6.225826
-6.424212
-6.587955
-6.722931
-6.753473
-6.875478
-6.748400
-6.594832
-6.409433
-6.186017
-5.917590
-5.596572
-5.215343
-4.767314
-4.248702
-3.661128
-3.014940
-2.332657
-1.655942
-1.050073
-0.566324
-0.213923
0.013492
0.135823
0.181580
0.181221
0.160601
0.136895
0.118623
0.109074
0.109970
0.118009
0.127155
0.126196
0.095923
0.009821
-0.161433
-0.443526
-0.852370
-1.389896
-2.033024
-2.716567
-3.384920
-4.006258
-4.562684
-5.047536
-5.461805
-5.810942
-6.102474
-6.344444
-6.544520
-6.709579
-6.845585
-6.875478
-6.997159
-6.869007
-6.714093
-6.527003
-6.301452
-6.030324
-5.705879
-5.320295
-4.866737
-4.341138
-3.744823
-3.087904
-2.392854
-1.701801
-1.081379
-0.584460
-0.221255
0.013984
0.141032
0.188773
0.188425
0.166767
0.141794
0.122540
0.112538
0.113602
0.122232
0.132037
0.131213
0.099723
0.010198
-0.167317
-0.458727
-0.879667
-1.431332
-2.089325
-2.786672
-3.466839
-4.097843
-4.661951
-5.152803
-5.571717
-5.924436
-6.218731
-6.462836
-6.664567
-6.830916
-6.967929
-6.997159
-7.118513
-6.989305
-6.833068
-6.644312
-6.416661
-6.142872
-5.815047
-5.425167
-4.966149
-4.433639
-3.828668
-3.161101
-2.453349
-1.747985
-1.112986
-0.602820
-0.228699
0.014485
0.146357
0.196156
0.195852
0.173155
0.146893
0.126635
0.116166
0.117399
0.126627
0.137095
0.136385
0.103624
0.010583
-0.173311
-0.474161
-0.907300
-1.473167
-2.146026
-2.857123
-3.549018
-4.189592
-4.761289
-5.258058
-5.681545
-6.037786
-6.334794
-6.580995
-6.784349
-6.951960
-7.089959
-7.118513
-7.239537
-7.109292
-6.951752
-6.761358
-6.531637
-6.255226
-5.924070
-5.529949
-5.065537
-4.526195
-3.912650
-3.234517
-2.514128
-1.794484
-1.144886
-0.621400
-0.236254
0.014995
0.151798
0.203731
0.203506
0.179770
0.152198
0.130913
0.119962
0.121364
0.131201
0.142332
0.141715
0.107625
0.010976
-0.179413
-0.489824
-0.935265
-1.515392
-2.203113
-2.927905
-3.631443
-4.281491
-4.860684
-5.363288
-5.791279
-6.150985
-6.450659
-6.698915
-6.903862
-7.072710
-7.211674
-7.239537
-7.360231
-7.228964
-7.070143
-6.878136
-6.646376
-6.367381
-6.032939
-5.634634
-5.164893
-4.618793
-3.996757
-3.308139
-2.575180
-1.841289
-1.177075
-0.640197
-0.243919
0.015514
0.157354
0.211497
0.211390
0.186616
0.157715
0.135378
0.123931
0.125503
0.135956
0.147753
0.147205
0.111728
0.011378
-0.185624
-0.505716
-0.963556
-1.557996
-2.260577
-2.999005
-3.714100
-4.373526
-4.960125
-5.468484
-5.900910
-6.264024
-6.566318
-6.816594
-7.023101
-7.193161
-7.333069
-7.360231
-7.480591
-7.348320
-7.188239
-6.994643
-6.760875
-6.479332
-6.141649
-5.739212
-5.264207
-4.711422
-4.080976
-3.381955
-2.636494
-1.888390
-1.209544
-0.659207
-0.251692
0.016042
0.163026
0.219457
0.219506
0.193698
0.163448
0.140036
0.128079
0.129822
0.140898
0.153360
0.152857
0.115932
0.011788
-0.191942
-0.521832
-0.992168
-1.600973
-2.318403
-3.070410
-3.796974
-4.465684
-5.059600
-5.573636
-6.010431
-6.376898
-6.681767
-6.934024
-7.142063
-7.313311
-7.454144
-7.480591
-7.600617
-7.467358
-7.306036
-7.110875
-6.875128
-6.591073
-6.250193
-5.843677
-5.363470
-4.804074
-4.165297
-3.455953
-2.698057
-1.935779
-1.242288
-0.678427
-0.259573
0.016579
0.168814
0.227610
0.227857
0.201020
0.169403
0.144893
0.132411
0.134324
0.146032
0.159157
0.158672
0.120240
0.012207
-0.198367
-0.538172
-1.021096
-1.644314
-2.376583
-3.142106
-3.880052
-4.557954
-5.159098
-5.678734
-6.119832
-6.489599
-6.796999
-7.051204
-7.260746
-7.433158
-7.574897
-7.600617
-7.720308
-7.586077
-7.423532
-7.226830
-6.989133
-6.702601
-6.358565
-5.948022
-5.462673
-4.896736
-4.249708
-3.530121
-2.759860
-1.983445
-1.275300
-0.697854
-0.267561
0.017125
0.174718
0.235959
0.236445
0.208585
0.175585
0.149953
0.136932
0.139016
0.151361
0.165146
0.164652
0.124650
0.012633
-0.204898
-0.554733
-1.050335
-1.688009
-2.435103
-3.214081
-3.963322
-4.650322
-5.258609
-5.783768
-6.229108
-6.602123
-6.912011
-7.168128
-7.379145
-7.552699
-7.695325
-7.720308
-7.839663
-7.704474
-7.540726
-7.342506
-7.102885
-6.813910
-6.466760
-6.052240
-5.561810
-4.989402
-4.334199
-3.604449
-2.821892
-2.031380
-1.308575
-0.717484
-0.275654
0.017680
0.180738
0.244504
0.245273
0.216399
0.181999
0.155224
0.141648
0.143902
0.156890
0.171333
0.170800
0.129164
0.013069
-0.211535
-0.571513
-1.079880
-1.732052
-2.493954
-3.286321
-4.046771
-4.742778
-5.358122
-5.888732
-6.338251
-6.714462
-7.026798
-7.284794
-7.497258
-7.671932
-7.815427
-7.839663
-7.958680
-7.822549
-7.657616
-7.457899
-7.216383
-6.924997
-6.574774
-6.156324
-5.660871
-5.082060
-4.418760
-3.678925
-2.884142
-2.079575
-1.342106
-0.737314
-0.283851
0.018243
0.186873
0.253246
0.254343
0.224465
0.188650
0.160710
0.146564
0.148987
0.162624
0.177719
0.177116
0.133782
0.013512
-0.218278
-0.588508
-1.109726
-1.776434
-2.553124
-3.358817
-4.130387
-4.835310
-5.457628
-5.993616
-6.447254
-6.826613
-7.141356
-7.401198
-7.615083
-7.790855
-7.935203
-7.958680
-8.077361
-7.940301
-7.774200
-7.573008
-7.329622
-7.035859
-6.682600
-6.260269
-5.759851
-5.174704
-4.503381
-3.753541
-2.946601
-2.128023
-1.375887
-0.757341
-0.292152
0.018815
0.193123
0.262186
0.263659
0.232787
0.195544
0.166416
0.151686
0.154278
0.168567
0.184308
0.183603
0.138505
0.013964
-0.225125
-0.605718
-1.139868
-1.821148
-2.612603
-3.431555
-4.214159
-4.927909
-5.557118
-6.098414
-6.556112
-6.938570
-7.255681
-7.517338
-7.732618
-7.909468
-8.054651
-8.077361
-8.195703
-8.057730
-7.890477
-7.687831
-7.442601
-7.146490
-6.790236
-6.364070
-5.858741
-5.267324
-4.588053
-3.828285
-3.009258
-2.176713
-1.409912
-0.777561
-0.300555
0.019396
0.199490
0.271324
0.273221
0.241369
0.202686
0.172349
0.157018
0.159778
0.174723
0.191103
0.190262
0.143333
0.014425
-0.232076
-0.623139
-1.170301
-1.866184
-2.672382
-3.504524
-4.298075
-5.020563
-5.656583
-6.203117
-6.664818
-7.050328
-7.369769
-7.633210
-7.849861
-8.027768
-8.173770
-8.195703
-8.313707
-8.174833
-8.006446
-7.802366
-7.555317
-7.256890
-6.897676
-6.467721
-5.957537
-5.359914
-4.672768
-3.903148
-3.072104
-2.225640
-1.444176
-0.797971
-0.309059
0.019986
0.205971
0.280662
0.283033
0.250216
0.210082
0.178514
0.162568
0.165493
0.181098
0.198107
0.197095
0.148265
0.014893
-0.239131
-0.640770
-1.201020
-1.911537
-2.732449
-3.577713
-4.382125
-5.113263
-5.756016
-6.307720
-6.773367
-7.161883
-7.483618
-7.748812
-7.966810
-8.145755
-8.292560
-8.313707
-8.431373
-8.291612
-8.122106
-7.916612
-7.667768
-7.367054
-7.004917
-6.571217
-6.056231
-5.452465
-4.757516
-3.978120
-3.135130
-2.274793
-1.478673
-0.818568
-0.317662
0.020584
0.212568
0.290200
0.293097
0.259330
0.217735
0.184917
0.168340
0.171429
0.187696
0.205324
0.204103
0.153304
0.015370
-0.246289
-0.658608
-1.232021
-1.957198
-2.792796
-3.651113
-4.466298
-5.206001
-5.855407
-6.412215
-6.881754
-7.273232
-7.597224
-7.864143
-8.083464
-8.263428
-8.411021
-8.431373
-8.548701
-8.408065
-8.237457
-8.030568
-7.779952
-7.476980
-7.111956
-6.674554
-6.154818
-5.544972
-4.842289
-4.053194
-3.198328
-2.324167
-1.513398
-0.839350
-0.326365
0.021191
0.219281
0.299940
0.303415
0.268717
0.225652
0.191563
0.174340
0.177591
0.194520
0.212756
0.211288
0.158449
0.015856
-0.253550
-0.676651
-1.263299
-2.003159
-2.853412
-3.724711
-4.550585
-5.298766
-5.954749
-6.516597
-6.989974
-7.384371
-7.710585
-7.979200
-8.199822
-8.380786
-8.529151
-8.548701
-8.665691
-8.524193
-8.352498
-8.144232
-7.891867
-7.586666
-7.218789
-6.777727
-6.253293
-5.637426
-4.927081
-4.128361
-3.261688
-2.373752
-1.548343
-0.860312
-0.335165
0.021806
0.226108
0.309881
0.313988
0.278380
0.233836
0.198459
0.180574
0.183983
0.201576
0.220406
0.218651
0.163701
0.016349
-0.260912
-0.694897
-1.294850
-2.049414
-2.914289
-3.798499
-4.634975
-5.391551
-6.054036
-6.620860
-7.098023
-7.495296
-7.823697
-8.093982
-8.315881
-8.497828
-8.646951
-8.665691
-8.782343
-8.639995
-8.467228
-8.257604
-8.003513
-7.696109
-7.325413
-6.880732
-6.351650
-5.729823
-5.011883
-4.203611
-3.325202
-2.423543
-1.583506
-0.881452
-0.344062
0.022430
0.233050
0.320024
0.324820
0.288321
0.242295
0.205609
0.187047
0.190612
0.208867
0.228277
0.226194
0.169059
0.016851
-0.268375
-0.713343
-1.326667
-2.095955
-2.975417
-3.872467
-4.719460
-5.484347
-6.153261
-6.724999
-7.205896
-7.606004
-7.936560
-8.208487
-8.431643
-8.614554
-8.764421
-8.782343
-8.898659
-8.755472
-8.581646
-8.370682
-8.114887
-7.805308
-7.431825
-6.983566
-6.449884
-5.822155
-5.096688
-4.278937
-3.388863
-2.473530
-1.618878
-0.902767
-0.353055
0.023062
0.240107
0.330371
0.335913
0.298546
0.251031
0.213020
0.193765
0.197482
0.216398
0.236373
0.233919
0.174525
0.017362
-0.275939
-0.731988
-1.358748
-2.142776
-3.036788
-3.946604
-4.804030
-5.577146
-6.252417
-6.829007
-7.313590
-7.716492
-8.049170
-8.322713
-8.547104
-8.730964
-8.881561
-8.898659
-9.014637
-8.870624
-8.695754
-8.483467
-8.225988
-7.914260
-7.538023
-7.086226
-6.547991
-5.914418
-5.181490
-4.354332
-3.452661
-2.523708
-1.654457
-0.924254
-0.362142
0.023703
0.247278
0.340921
0.347267
0.309058
0.260051
0.220697
0.200734
0.204599
0.224174
0.244695
0.241825
0.180099
0.017880
-0.283603
-0.750829
-1.391087
-2.189868
-3.098392
-4.020903
-4.888677
-5.669942
-6.351497
-6.932881
-7.421100
-7.826758
-8.161526
-8.436660
-8.662266
-8.847057
-8.998371
-9.014637
-9.130279
-8.985451
-8.809551
-8.595957
-8.336816
-8.022964
-7.644004
-7.188706
-6.645967
-6.006605
-5.266281
-4.429789
-3.516590
-2.574069
-1.690236
-0.945909
-0.371323
0.024352
0.254564
0.351676
0.358886
0.319860
0.269359
0.228645
0.207960
0.211968
0.232197
0.253248
0.249916
0.185780
0.018407
-0.291366
-0.769863
-1.423680
-2.237226
-3.160221
-4.095353
-4.973393
-5.762726
-6.450497
-7.036616
-7.528424
-7.936799
-8.273627
-8.550326
-8.777128
-8.962834
-9.114852
-9.130279
-9.245586
-9.099953
-8.923037
-8.708153
-8.447370
-8.131419
-7.749766
-7.291006
-6.743808
-6.098711
-5.351056
-4.505299
-3.580642
-2.624607
-1.726210
-0.967730
-0.380596
0.025009
0.261964
0.362635
0.370771
0.330955
0.278959
0.236870
0.215447
0.219593
0.240474
0.262032
0.258192
0.191569
0.018942
-0.299228
-0.789089
-1.456523
-2.284842
-3.222267
-4.169947
-5.058169
-5.855493
-6.549410
-7.140207
-7.635558
-8.046612
-8.385470
-8.663711
-8.891688
-9.078294
-9.231003
-9.245586
-9.360558
-9.214131
-9.036211
-8.820054
-8.557648
-8.239622
-7.855308
-7.393121
-6.841508
-6.190732
-5.435808
-4.580856
-3.644810
-2.675315
-1.762375
-0.989713
-0.389960
0.025674
0.269478
0.373800
0.382923
0.342347
0.288857
0.245378
0.223202
0.227481
0.249006
0.271052
0.266655
0.197467
0.019485
-0.307188
-0.808504
-1.489610
-2.332710
-3.284522
-4.244676
-5.142998
-5.948234
-6.648232
-7.243651
-7.742499
-8.156196
-8.497054
-8.776814
-9.005947
-9.193438
-9.346826
-9.360558
-9.475196
-9.327986
-9.149075
-8.931660
-8.667650
-8.347574
-7.960626
-7.495050
-6.939066
-6.282663
-5.520532
-4.656453
-3.709087
-2.726187
-1.798724
-1.011857
-0.399415
0.026348
0.277106
0.385170
0.395345
0.354039
0.299058
0.254174
0.231230
0.235635
0.257799
0.280309
0.275306
0.203474
0.020037
-0.315245
-0.828106
-1.522938
-2.380823
-3.346978
-4.319532
-5.227873
-6.040945
-6.746957
-7.346944
-7.849244
-8.265549
-8.608378
-8.889634
-9.119905
-9.308265
-9.462320
-9.475196
-9.589501
-9.441518
-9.261629
-9.042970
-8.777376
-8.455272
-8.065720
-7.596788
-7.036478
-6.374499
-5.605222
-4.732085
-3.773466
-2.777216
-1.835254
-1.034157
-0.408959
0.027029
0.284848
0.396746
0.408039
0.366035
0.309565
0.263264
0.239537
0.244062
0.266857
0.289807
0.284145
0.209589
0.020597
-0.323399
-0.847893
-1.556502
-2.429174
-3.409627
-4.394506
-5.312785
-6.133619
-6.845580
-7.450081
-7.955791
-8.374668
-8.719441
-9.002170
-9.233562
-9.422777
-9.577487
-9.589501
-9.703474
-9.554728
-9.373872
-9.153986
-8.886826
-8.562716
-8.170588
-7.698335
-7.133739
-6.466237
-5.689873
-4.807744
-3.837940
-2.828395
-1.871960
-1.056611
-0.418590
0.027719
0.292702
0.408530
0.421006
0.378338
0.320383
0.272653
0.248128
0.252765
0.276182
0.299548
0.293175
0.215814
0.021165
-0.331649
-0.867862
-1.590298
-2.477758
-3.472461
-4.469592
-5.397729
-6.226250
-6.944096
-7.553059
-8.062136
-8.483553
-8.830243
-9.114422
-9.346917
-9.536974
-9.692327
-9.703474
-9.817116
-9.667617
-9.485806
-9.264707
-8.995998
-8.669906
-8.275228
-7.799688
-7.230848
-6.557871
-5.774480
-4.883425
-3.902504
-2.879720
-1.908836
-1.079217
-0.428309
0.028416
0.300669
0.420520
0.434247
0.390950
0.331517
0.282345
0.257008
0.261751
0.285780
0.309533
0.302395
0.222148
0.021741
-0.339995
-0.888012
-1.624321
-2.526568
-3.535473
-4.544781
-5.482698
-6.318833
-7.042503
-7.655876
-8.168279
-8.592201
-8.940781
-9.226391
-9.459972
-9.650856
-9.806841
-9.817116
-9.930429
-9.780185
-9.597431
-9.375133
-9.104893
-8.776839
-8.379639
-7.900845
-7.327801
-6.649398
-5.859038
-4.959123
-3.967150
-2.931184
-1.945878
-1.101970
-0.438114
0.029121
0.308749
0.432717
0.447765
0.403875
0.342971
0.292347
0.266184
0.271023
0.295654
0.319767
0.311809
0.228592
0.022325
-0.348435
-0.908340
-1.658567
-2.575598
-3.598656
-4.620067
-5.567685
-6.411362
-7.140794
-7.758528
-8.274216
-8.700611
-9.051055
-9.338075
-9.572725
-9.764423
-9.921031
-9.930429
-10.043412
-9.892433
-9.708748
-9.485264
-9.213511
-8.883517
-8.483819
-8.001804
-7.424596
-6.740816
-5.943543
-5.034831
-4.031874
-2.982781
-1.983082
-1.124869
-0.448003
0.029835
0.316942
0.445122
0.461560
0.417116
0.354750
0.302664
0.275660
0.280588
0.305808
0.330250
0.321415
0.235145
0.022917
-0.356969
-0.928844
-1.693033
-2.624842
-3.662002
-4.695443
-5.652683
-6.503833
-7.238967
-7.861012
-8.379946
-8.808782
-9.161066
-9.449474
-9.685177
-9.877676
-10.034895
-10.043412
-10.156067
-10.004363
-9.819757
-9.595101
-9.321852
-8.989937
-8.587769
-8.102564
-7.521229
-6.832119
-6.027989
-5.110544
-4.096668
-3.034506
-2.020442
-1.147911
-0.457977
0.030556
0.325246
0.457735
0.475635
0.430676
0.366857
0.313300
0.285441
0.290448
0.316245
0.340986
0.331216
0.241808
0.023518
-0.365596
-0.949522
-1.727713
-2.674293
-3.725505
-4.770902
-5.737688
-6.596240
-7.337017
-7.963326
-8.485467
-8.916714
-9.270812
-9.560589
-9.797330
-9.990617
-10.148437
-10.156067
-10.268396
-10.115974
-9.930459
-9.704645
-9.429915
-9.096101
-8.691487
-8.203122
-7.617700
-6.923305
-6.112374
-5.186258
-4.161528
-3.086353
-2.057956
-1.171093
-0.468033
0.031285
0.333662
0.470556
0.489990
0.444557
0.379297
0.324261
0.295534
0.300609
0.326968
0.351976
0.341213
0.248581
0.024126
-0.374316
-0.970371
-1.762603
-2.723946
-3.789159
-4.846436
-5.822693
-6.688579
-7.434942
-8.065467
-8.590777
-9.024404
-9.380292
-9.671420
-9.909182
-10.103245
-10.261656
-10.268396
-10.380400
-10.227270
-10.040855
-9.813896
-9.537701
-9.202007
-8.794971
-8.303477
-7.714004
-7.014370
-6.196691
-5.261967
-4.226448
-3.138317
-2.095617
-1.194412
-0.478170
0.032021
0.342190
0.483585
0.504627
0.458762
0.392074
0.335551
0.305942
0.311076
0.337983
0.363223
0.351406
0.255464
0.024743
-0.383128
-0.991389
-1.797700
-2.773795
-3.852955
-4.922041
-5.907693
-6.780845
-7.532738
-8.167432
-8.695875
-9.131853
-9.489507
-9.781967
-10.020735
-10.215562
-10.374554
-10.380400
-10.492080
-10.338249
-10.150946
-9.922853
-9.645210
-9.307656
-8.898222
-8.403628
-7.810141
-7.105313
-6.280939
-5.337667
-4.291423
-3.190392
-2.133422
-1.217865
-0.488388
0.032765
0.350828
0.496823
0.519547
0.473294
0.405192
0.347176
0.316672
0.321854
0.349291
0.374729
0.361796
0.262457
0.025368
-0.392032
-1.012574
-1.832999
-2.823835
-3.916889
-4.997709
-5.992682
-6.873035
-7.630401
-8.269220
-8.800759
-9.239058
-9.598457
-9.892229
-10.131990
-10.327568
-10.487132
-10.492080
-10.603436
-10.448914
-10.260732
-10.031519
-9.752442
-9.413047
-9.001238
-8.503573
-7.906108
-7.196129
-6.365113
-5.413352
-4.356447
-3.242574
-2.171367
-1.241450
-0.498686
0.033517
0.359577
0.510269
0.534752
0.488156
0.418654
0.359141
0.327727
0.332945
0.360896
0.386496
0.372384
0.269560
0.026000
-0.401025
-1.033924
-1.868497
-2.874059
-3.980953
-5.073435
-6.077656
-6.965143
-7.727928
-8.370828
-8.905427
-9.346021
-9.707140
-10.002207
-10.242946
-10.439265
-10.599390
-10.603436
-10.714472
-10.559265
-10.370214
-10.139894
-9.859398
-9.518179
-9.104020
-8.603312
-8.001904
-7.286816
-6.449209
-5.489020
-4.421516
-3.294857
-2.209447
-1.265164
-0.509062
0.034276
0.368436
0.523924
0.550242
0.503350
0.432465
0.371449
0.339114
0.344356
0.372802
0.398525
0.383171
0.276774
0.026641
-0.410109
-1.055437
-1.904188
-2.924462
-4.045142
-5.149212
-6.162608
-7.057167
-7.825317
-8.472255
-9.009880
-9.452739
-9.815557
-10.111902
-10.353604
-10.550652
-10.711331
-10.714472
-10.825187
-10.669304
-10.479394
-10.247977
-9.966078
-9.623054
-9.206566
-8.702843
-8.097526
-7.377372
-6.533224
-5.564664
-4.486624
-3.347236
-2.247658
-1.289004
-0.519515
0.035043
0.377405
0.537787
0.566019
0.518878
0.446629
0.384107
0.350836
0.356090
0.385011
0.410820
0.394157
0.284097
0.027289
-0.419281
-1.077109
-1.940070
-2.975039
-4.109449
-5.225036
-6.247536
-7.149102
-7.922565
-8.573497
-9.114114
-9.559213
-9.923709
-10.221314
-10.463966
-10.661731
-10.822955
-10.825187
-10.935583
-10.779032
-10.588272
-10.355771
-10.072482
-9.727671
-9.308876
-8.802166
-8.192973
-7.467794
-6.617155
-5.640282
-4.551767
-3.399708
-2.285996
-1.312968
-0.530045
0.035817
0.386483
0.551859
0.582084
0.534744
0.461149
0.397117
0.362899
0.368152
0.397528
0.423381
0.405345
0.291531
0.027946
-0.428541
-1.098940
-1.976138
-3.025785
-4.173869
-5.300900
-6.332433
-7.240945
-8.019670
-8.674555
-9.218131
-9.665441
-10.031594
-10.330443
-10.574031
-10.772504
-10.934263
-10.935583
-11.045661
-10.888450
-10.696850
-10.463275
-10.178610
-9.832030
-9.410949
-8.901279
-8.288244
-7.558080
-6.700998
-5.715869
-4.616940
-3.452266
-2.324458
-1.337053
-0.540649
0.036598
0.395670
0.566140
0.598438
0.550948
0.476028
0.410486
0.375308
0.380545
0.410355
0.436211
0.416733
0.299075
0.028610
-0.437890
-1.120927
-2.012388
-3.076693
-4.238396
-5.376800
-6.417296
-7.332693
-8.116628
-8.775425
-9.321927
-9.771425
-10.139214
-10.439290
-10.683801
-10.882971
-11.045256
-11.045661
-11.155423
-10.997559
-10.805127
-10.570491
-10.284464
-9.936131
-9.512786
-9.000181
-8.383336
-7.648228
-6.784751
-5.791421
-4.682140
-3.504907
-2.363039
-1.361256
-0.551328
0.037387
0.404965
0.580629
0.615082
0.567495
0.491271
0.424217
0.388067
0.393275
0.423494
0.449312
0.428323
0.306729
0.029282
-0.447324
-1.143067
-2.048817
-3.127759
-4.303024
-5.452730
-6.502119
-7.424341
-8.213438
-8.876107
-9.425504
-9.877163
-10.246568
-10.547855
-10.793276
-10.993132
-11.155937
-11.155423
-11.264871
-11.106361
-10.913106
-10.677418
-10.390044
-10.039975
-9.614387
-9.098873
-8.478250
-7.738235
-6.868411
-5.866936
-4.747361
-3.557626
-2.401735
-1.385576
-0.562080
0.038182
0.414368
0.595327
0.632016
0.584385
0.506880
0.438314
0.401180
0.406344
0.436950
0.462684
0.440115
0.314494
0.029962
-0.456845
-1.165359
-2.085420
-3.178979
-4.367748
-5.528685
-6.586901
-7.515888
-8.310097
-8.976600
-9.528859
-9.982655
-10.353656
-10.656139
-10.902458
-11.102990
-11.266305
-11.264871
-11.374005
-11.214856
-11.020788
-10.784060
-10.495350
-10.143562
-9.715750
-9.197352
-8.572982
-7.828101
-6.951976
-5.942408
-4.812599
-3.610419
-2.440543
-1.410009
-0.572904
0.038985
0.423879
0.610233
0.649242
0.601621
0.522860
0.452783
0.414653
0.419757
0.450725
0.476331
0.452111
0.322368
0.030650
-0.466451
-1.187800
-2.122194
-3.230345
-4.432562
-5.604661
-6.671635
-7.607329
-8.406603
-9.076901
-9.631993
-10.087901
-10.460479
-10.764142
-11.011347
-11.212545
-11.376363
-11.374005
-11.482827
-11.323046
-11.128173
-10.890415
-10.600383
-10.246891
-9.816876
-9.295620
-8.667533
-7.917822
-7.035441
-6.017835
-4.877851
-3.663281
-2.479459
-1.434552
-0.583798
0.039795
0.433496
0.625347
0.666760
0.619204
0.539213
0.467626
0.428488
0.433518
0.464822
0.490253
0.464310
0.330353
0.031345
-0.476141
-1.210388
-2.159134
-3.281855
-4.497462
-5.680652
-6.756318
-7.698663
-8.502955
-9.177009
-9.734904
-10.192900
-10.567037
-10.871865
-11.119943
-11.321798
-11.486111
-11.482827
-11.591338
-11.430932
-11.235262
-10.996484
-10.705144
-10.349964
-9.917765
-9.393674
-8.761901
-8.007397
-7.118806
-6.093214
-4.943112
-3.716209
-2.518479
-1.459204
-0.594763
0.040612
0.443220
0.640669
0.684571
0.637138
0.555942
0.482849
0.442692
0.447630
0.479244
0.504452
0.476713
0.338447
0.032048
-0.485915
-1.233120
-2.196238
-3.333503
-4.562442
-5.756654
-6.840947
-7.789886
-8.599150
-9.276924
-9.837592
-10.297654
-10.673330
-10.979308
-11.228249
-11.430751
-11.595551
-11.591338
-11.699541
-11.538516
-11.342057
-11.102270
-10.809633
-10.452781
-10.018417
-9.491515
-8.856085
-8.096825
-7.202067
-6.168542
-5.008380
-3.769198
-2.557599
-1.483962
-0.605796
0.041436
0.453050
0.656199
0.702675
0.655424
0.573052
0.498454
0.457268
0.462097
0.493992
0.518929
0.489320
0.346651
0.032759
-0.495771
-1.255995
-2.233500
-3.385283
-4.627497
-5.832663
-6.925519
-7.880996
-8.695186
-9.376645
-9.940057
-10.402161
-10.779359
-11.086473
-11.336264
-11.539405
-11.704684
-11.699541
-11.807435
-11.645799
-11.448559
-11.207772
-10.913851
-10.555342
-10.118832
-9.589143
-8.950085
-8.186103
-7.285222
-6.243815
-5.073649
-3.822244
-2.596817
-1.508823
-0.616897
0.042266
0.462985
0.671936
0.721074
0.674063
0.590544
0.514447
0.472220
0.476924
0.509071
0.533687
0.502132
0.354964
0.033477
-0.505709
-1.279010
-2.270918
-3.437192
-4.692623
-5.908674
-7.010029
-7.971991
-8.791062
-9.476169
-10.042298
-10.506423
-10.885124
-11.193360
-11.443990
-11.647759
-11.813512
-11.807435
-11.915023
-11.752781
-11.554769
-11.312992
-11.017798
-10.657647
-10.219010
-9.686556
-9.043899
-8.275231
-7.368270
-6.319030
-5.138916
-3.875344
-2.636128
-1.533785
-0.628064
0.043104
0.473025
0.687880
0.739768
0.693058
0.608421
0.530831
0.487552
0.492112
0.524482
0.548726
0.515150
0.363387
0.034203
-0.515729
-1.302163
-2.308488
-3.489225
-4.757814
-5.984684
-7.094474
-8.062867
-8.886777
-9.575498
-10.144315
-10.610438
-10.990626
-11.299970
-11.551428
-11.755817
-11.922035
-11.915023
