-12.022306
-11.859465
-11.660688
-11.417931
-11.121476
-10.759697
-10.318951
-9.783755
-9.137526
-8.364207
-7.451207
-6.394185
-5.204179
-3.928493
-2.675529
-1.558845
-0.639297
0.043948
0.483169
0.704031
0.758757
0.712410
0.626687
0.547609
0.503269
0.507667
0.540228
0.564048
0.528373
0.371919
0.034937
-0.525828
-1.325452
-2.346207
-3.541377
-4.823067
-6.060687
-7.178851
-8.153623
-8.982329
-9.674628
-10.246107
-10.714207
-11.095865
-11.406303
-11.658578
-11.863579
-12.030255
-12.022306
-12.129285
-11.965851
-11.766317
-11.522589
-11.224885
-10.861493
-10.418656
-9.880739
-9.230966
-8.453030
-7.534032
-6.469276
-5.269434
-3.981689
-2.715017
-1.584002
-0.650594
0.044799
0.493416
0.720388
0.778041
0.732120
0.645345
0.564785
0.519374
0.523590
0.556312
0.579654
0.541802
0.380560
0.035678
-0.536008
-1.348875
-2.384070
-3.593644
-4.888376
-6.136681
-7.263158
-8.244256
-9.077716
-9.773561
-10.347675
-10.817730
-11.200841
-11.512360
-11.765442
-11.971046
-12.138173
-12.129285
-12.235962
-12.071941
-11.871657
-11.626968
-11.328026
-10.963035
-10.518123
-9.977509
-9.324219
-8.541699
-7.616744
-6.544302
-5.334676
-4.034927
-2.754589
-1.609252
-0.661955
0.045656
0.503766
0.736951
0.797622
0.752191
0.664397
0.582364
0.535870
0.539887
0.572736
0.595545
0.555438
0.389310
0.036426
-0.546265
-1.372429
-2.422073
-3.646022
-4.953737
-6.212662
-7.347391
-8.334764
-9.172936
-9.872295
-10.449017
-10.921008
-11.305555
-11.618143
-11.872020
-12.078219
-12.245791
-12.235962
-12.342338
-12.177737
-11.976710
-11.731068
-11.430900
-11.064323
-10.617355
-10.074064
-9.417283
-8.630211
-7.699340
-6.619260
-5.399904
-4.088204
-2.794240
-1.634593
-0.673377
0.046520
0.514219
0.753719
0.817499
0.772624
0.683846
0.600348
0.552763
0.556559
0.589501
0.611722
0.569280
0.398168
0.037182
-0.556601
-1.396112
-2.460215
-3.698505
-5.019146
-6.288625
-7.431547
-8.425146
-9.267990
-9.970829
-10.550135
-11.024040
-11.410008
-11.723651
-11.978315
-12.185100
-12.353110
-12.342338
-12.448414
-12.283238
-12.081476
-11.834891
-11.533507
-11.165359
-10.716350
-10.170403
-9.510157
-8.718567
-7.781818
-6.694147
-5.465114
-4.141517
-2.833969
-1.660024
-0.684861
0.047390
0.524773
0.770692
0.837673
0.793419
0.703693
0.618741
0.570054
0.573610
0.606611
0.628187
0.583328
0.407134
0.037945
-0.567013
-1.419922
-2.498490
-3.751090
-5.084598
-6.364568
-7.515624
-8.515400
-9.362875
-10.069163
-10.651027
-11.126828
-11.514200
-11.828886
-12.084326
-12.291689
-12.460131
-12.448414
-12.554193
-12.388448
-12.185957
-11.938437
-11.635848
-11.266141
-10.815110
-10.266527
-9.602843
-8.806765
-7.864177
-6.768961
-5.530304
-4.194861
-2.873771
-1.685541
-0.696406
0.048267
0.535428
0.787869
0.858143
0.814580
0.723943
0.637545
0.587749
0.591043
0.624067
0.644940
0.597583
0.416208
0.038716
-0.577501
-1.443856
-2.536895
-3.803773
-5.150090
-6.440486
-7.599619
-8.605523
-9.457591
-10.167296
-10.751694
-11.229370
-11.618131
-11.933848
-12.190054
-12.397988
-12.566856
-12.554193
-12.659675
-12.493366
-12.290155
-12.041708
-11.737925
-11.366673
-10.913634
-10.362436
-9.695338
-8.894803
-7.946415
-6.843700
-5.595469
-4.248235
-2.913643
-1.711142
-0.708009
0.049149
0.546183
0.805250
0.878910
0.836105
0.744597
0.656765
0.605850
0.608861
0.641871
0.661983
0.612044
0.425390
0.039493
-0.588065
-1.467913
-2.575428
-3.856549
-5.215618
-6.516377
-7.683529
-8.695513
-9.552136
-10.265228
-10.852135
-11.331668
-11.721804
-12.038539
-12.295502
-12.503998
-12.673285
-12.659675
-12.764861
-12.597995
-12.394069
-12.144704
-11.839737
-11.466953
-11.011923
-10.458130
-9.787643
-8.982683
-8.028531
-6.918361
-5.660609
-4.301635
-2.953584
-1.736826
-0.719670
0.050039
0.557038
0.822834
0.899975
0.857998
0.765657
0.676404
0.624360
0.627067
0.660026
0.679316
0.626713
0.434679
0.040278
-0.598702
-1.492090
-2.614084
-3.909415
-5.281178
-6.592236
-7.767353
-8.785370
-9.646510
-10.362959
-10.952351
-11.433722
-11.825217
-12.142959
-12.400669
-12.609721
-12.779421
-12.764861
-12.869754
-12.702335
-12.497701
-12.247427
-11.941286
-11.566982
-11.109977
-10.553609
-9.879757
-9.070401
-8.110523
-6.992943
-5.725719
-4.355057
-2.993589
-1.762589
-0.731388
0.050934
0.567992
0.840621
0.921336
0.880258
0.787126
0.696464
0.643284
0.645664
0.678533
0.696941
0.641588
0.444075
0.041070
-0.609413
-1.516385
-2.652860
-3.962366
-5.346765
-6.668062
-7.851087
-8.875092
-9.740710
-10.460487
-11.052342
-11.535532
-11.928371
-12.247109
-12.505557
-12.715157
-12.885263
-12.869754
-12.974354
-12.806388
-12.601053
-12.349878
-12.042573
-11.666762
-11.207797
-10.648872
-9.971679
-9.157958
-8.192390
-7.067443
-5.790797
-4.408499
-3.033655
-1.788430
-0.743162
0.051835
0.579043
0.858609
0.942994
0.902887
0.809006
0.716948
0.662624
0.664655
0.697394
0.714857
0.656670
0.453578
0.041869
-0.620196
-1.540796
-2.691753
-4.015399
-5.412376
-6.743851
-7.934729
-8.964676
-9.834738
-10.557813
-11.152107
-11.637099
-12.031268
-12.350990
-12.610166
-12.820307
-12.990815
-12.974354
-13.078663
-12.910155
-12.704126
-12.452057
-12.143599
-11.766292
-11.305382
-10.743921
-10.063410
-9.245352
-8.274131
-7.141860
-5.855841
-4.461958
-3.073781
-1.814346
-0.754991
0.052742
0.590193
0.876798
0.964950
0.925886
0.831299
0.737860
0.682383
0.684041
0.716611
0.733067
0.671959
0.463187
0.042676
-0.631051
-1.565321
-2.730759
-4.068510
-5.478008
-6.819600
-8.018278
-9.054122
-9.928591
-10.654936
-11.251647
-11.738422
-12.133908
-12.454603
-12.714499
-12.925173
-13.096077
-13.078663
-13.182682
-13.013638
-12.806920
-12.553965
-12.244363
-11.865574
-11.402734
-10.838754
-10.154950
-9.332584
-8.355744
-7.216191
-5.920848
-4.515430
-3.113962
-1.840336
-0.766873
0.053655
0.601438
0.895187
0.987201
0.949256
0.854006
0.759202
0.702565
0.703827
0.736186
0.751570
0.687455
0.472901
0.043489
-0.641977
-1.589956
-2.769876
-4.121694
-5.543657
-6.895306
-8.101731
-9.143429
-10.022269
-10.751856
-11.350962
-11.839503
-12.236292
-12.557948
-12.818555
-13.029756
-13.201049
-13.182682
-13.286413
-13.116837
-12.909438
-12.655605
-12.344868
-11.964607
-11.499853
-10.933372
-10.246297
-9.419652
-8.437227
-7.290435
-5.985816
-4.568914
-3.154196
-1.866396
-0.778808
0.054574
0.612780
0.913776
1.009750
0.972997
0.877130
0.780977
0.723172
0.724013
0.756119
0.770367
0.703157
0.482721
0.044309
-0.652972
-1.614702
-2.809099
-4.174949
-5.609320
-6.970966
-8.185086
-9.232594
-10.115771
-10.848573
-11.450052
-11.940342
-12.338420
-12.661027
-12.922337
-13.134057
-13.305735
-13.286413
-13.389856
-13.219754
-13.011679
-12.756976
-12.445114
-12.063394
-11.596739
-11.027776
-10.337452
-9.506555
-8.518581
-7.364590
-6.050742
-4.622406
-3.194481
-1.892526
-0.790795
0.055499
0.624216
0.932563
1.032594
0.997110
0.900672
0.803187
0.744207
0.744603
0.776414
0.789458
0.719065
0.492645
0.045136
-0.664035
-1.639554
-2.848427
-4.228271
-5.674993
-7.046578
-8.268341
-9.321617
-10.209097
-10.945086
-11.548917
-12.040939
-12.440293
-12.763840
-13.025844
-13.238077
-13.410134
-13.389856
-13.493014
-13.322390
-13.113645
-12.858079
-12.545102
-12.161934
-11.693393
-11.121965
-10.428415
-9.593293
-8.599803
-7.438654
-6.115625
-4.675903
-3.234814
-1.918722
-0.802832
0.056429
0.635747
0.951547
1.055735
1.021596
0.924635
0.825835
0.765672
0.765599
0.797071
0.808845
0.735179
0.502675
0.045970
-0.675167
-1.664511
-2.887855
-4.281656
-5.740672
-7.122139
-8.351494
-9.410496
-10.302245
-11.041396
-11.647557
-12.141295
-12.541911
-12.866389
-13.129079
-13.341818
-13.514248
-13.493014
-13.595886
-13.424747
-13.215338
-12.958916
-12.644833
-12.260228
-11.789815
-11.215940
-10.519185
-9.679866
-8.680893
-7.512626
-6.180461
-4.729404
-3.275191
-1.944983
-0.814919
0.057365
0.647371
0.970729
1.079171
1.046456
0.949019
0.848924
0.787572
0.787004
0.818091
0.828527
0.751499
0.512808
0.046810
-0.686366
-1.689570
-2.927380
-4.335100
-5.806356
-7.197647
-8.434543
-9.499230
-10.395216
-11.137501
-11.745973
-12.241411
-12.643276
-12.968674
-13.232041
-13.445280
-13.618078
-13.595886
-13.698476
-13.526825
-13.316759
-13.059488
-12.744307
-12.358277
-11.886006
-11.309701
-10.609763
-9.766273
-8.761850
-7.586505
-6.245250
-4.782905
-3.315611
-1.971307
-0.827055
0.058307
0.659088
0.990106
1.102901
1.071689
0.973827
0.872455
0.809907
0.808818
0.839476
0.848505
0.768024
0.523044
0.047657
-0.697630
-1.714731
-2.966999
-4.388601
-5.872040
-7.273098
-8.517488
-9.587818
-10.488008
-11.233403
-11.844165
-12.341286
-12.744388
-13.070696
-13.334733
-13.548465
-13.721626
-13.698476
-13.800784
-13.628625
-13.417907
-13.159796
-12.843526
-12.456081
-11.981965
-11.403248
-10.700147
-9.852513
-8.842673
-7.660287
-6.309988
-4.836404
-3.356071
-1.997691
-0.839237
0.059254
0.670897
1.009678
1.126927
1.097296
0.999059
0.896430
0.832681
0.831045
0.861227
0.868780
0.784755
0.533383
0.048511
-0.708959
-1.739989
-3.006710
-4.442154
-5.937721
-7.348491
-8.600325
-9.676260
-10.580622
-11.329100
-11.942133
-12.440921
-12.845248
-13.172456
-13.437155
-13.651374
-13.824893
-13.800784
-13.902811
-13.730150
-13.518786
-13.259841
-12.942490
-12.553641
-12.077695
-11.496581
-10.790339
-9.938587
-8.923360
-7.733974
-6.374674
-4.889899
-3.396569
-2.024134
-0.851467
0.060206
0.682796
1.029444
1.151246
1.123278
1.024717
0.920853
0.855896
0.853687
0.883345
0.889351
0.801690
0.543825
0.049372
-0.720353
-1.765344
-3.046509
-4.495757
-6.003397
-7.423823
-8.683053
-9.764553
-10.673056
-11.424594
-12.039876
-12.540317
-12.945857
-13.273955
-13.539308
-13.754007
-13.927880
-13.902811
-14.004558
-13.831400
-13.619395
-13.359623
-13.041201
-12.650959
-12.173194
-11.589701
-10.880338
-10.024492
-9.003911
-7.807561
-6.439306
-4.943386
-3.437101
-2.050633
-0.863741
0.061164
0.694785
1.049402
1.175858
1.149634
1.050802
0.945725
0.879555
0.876744
0.905831
0.910218
0.818829
0.554368
0.050239
-0.731809
-1.790793
-3.086393
-4.549407
-6.069065
-7.499093
-8.765672
-9.852698
-10.765310
-11.519883
-12.137397
-12.639474
-13.046215
-13.375193
-13.641193
-13.856367
-14.030588
-14.004558
-14.106028
-13.932376
-13.719736
-13.459144
-13.139659
-12.748034
-12.268464
-11.682607
-10.970144
-10.110230
-9.084325
-7.881050
-6.503882
-4.996865
-3.477666
-2.077187
-0.876060
0.062126
0.706864
1.069552
1.200763
1.176365
1.077315
0.971048
0.903659
0.900220
0.928687
0.931383
0.836172
0.565013
0.051112
-0.743328
-1.816333
-3.126359
-4.603099
-6.134722
-7.574297
-8.848178
-9.940693
-10.857384
-11.614967
-12.234694
-12.738394
-13.146323
-13.476173
-13.742812
-13.958454
-14.133018
-14.106028
-14.207220
-14.033080
-13.819810
-13.558404
-13.237865
-12.844867
-12.363505
-11.775301
-11.059757
-10.195800
-9.164602
-7.954437
-6.568401
-5.050333
-3.518261
-2.103794
-0.888422
0.063094
0.719031
1.089893
1.225960
1.203471
1.104258
0.996823
0.928210
0.924116
0.951913
0.952844
0.853719
0.575758
0.051992
-0.754908
-1.841964
-3.166405
-4.656831
-6.200364
-7.649434
-8.930572
-10.028537
-10.949278
-11.709848
-12.331768
-12.837075
-13.246182
-13.576894
-13.844164
-14.060270
-14.235172
-14.207220
-14.308137
-14.133512
-13.919619
-13.657406
-13.335819
-12.941460
-12.458318
-11.867782
-11.149177
-10.281201
-9.244740
-8.027723
-6.632860
-5.103787
-3.558884
-2.130451
-0.900827
0.064067
0.731285
1.110423
1.251448
1.230953
1.131632
1.023053
0.953211
0.948432
0.975510
0.974602
0.871468
0.586604
0.052878
-0.766548
-1.867682
-3.206527
-4.710601
-6.265990
-7.724501
-9.012850
-10.116229
-11.040990
-11.804524
-12.428620
-12.935520
-13.345792
-13.677357
-13.945252
-14.161815
-14.337051
-14.308137
-14.408780
-14.233675
-14.019162
-13.756149
-13.433524
-13.037812
-12.552903
-11.960051
-11.238404
-10.366434
-9.324738
-8.100905
-6.697257
-5.157225
-3.599532
-2.157158
-0.913272
0.065045
0.743625
1.131141
1.277226
1.258809
1.159436
1.049740
0.978663
0.973172
0.999478
0.996657
0.889419
0.597548
0.053770
-0.778247
-1.893485
-3.246722
-4.764404
-6.331597
-7.799497
-9.095013
-10.203769
-11.132521
-11.898996
-12.525249
-13.033728
-13.445154
-13.777564
-14.046076
-14.263090
-14.438656
-14.408780
-14.509149
-14.333568
-14.118442
-13.854635
-13.530979
-13.133925
-12.647261
-12.052108
-11.327438
-10.451497
-9.404597
-8.173983
-6.761592
-5.210645
-3.640204
-2.183911
-0.925758
0.066027
0.756051
1.152046
1.303294
1.287039
1.187673
1.076884
1.004569
0.998336
1.023819
1.019008
0.907571
0.608592
0.054669
-0.790004
-1.919373
-3.286988
-4.818238
-6.397182
-7.874420
-9.177059
-10.291156
-11.223870
-11.993263
-12.621656
-13.131700
-13.544270
-13.877515
-14.146638
-14.364097
-14.539988
-14.509149
-14.609246
-14.433194
-14.217459
-13.952864
-13.628186
-13.229798
-12.741392
-12.143953
-11.416280
-10.536391
-9.484316
-8.246955
-6.825862
-5.264046
-3.680897
-2.210709
-0.938283
0.067015
0.768561
1.173136
1.329650
1.315644
1.216342
1.104487
1.030929
1.023926
1.048534
1.041656
0.925925
0.619733
0.055573
-0.801819
-1.945341
-3.327322
-4.872100
-6.462743
-7.949268
-9.258986
-10.378390
-11.315038
-12.087327
-12.717842
-13.229437
-13.643139
-13.977211
-14.246938
-14.464837
-14.641048
-14.609246
-14.709073
-14.532552
-14.316214
-14.050838
-13.725145
-13.325434
-12.835297
-12.235587
-11.504928
-10.621115
-9.563893
-8.319821
-6.890066
-5.317425
-3.721609
-2.237551
-0.950847
0.068007
0.781155
1.194411
1.356293
1.344624
1.245445
1.132551
1.057747
1.049943
1.073621
1.064601
0.944478
0.630972
0.056484
-0.813690
-1.971389
-3.367721
-4.925987
-6.528277
-8.024039
-9.340793
-10.465468
-11.406023
-12.181186
-12.813806
-13.326939
-13.741763
-14.076653
-14.346976
-14.565311
-14.741838
-14.709073
-14.808629
-14.631646
-14.414709
-14.148558
-13.821857
-13.420833
-12.928977
-12.327010
-11.593384
-10.705669
-9.643328
-8.392578
-6.954203
-5.370780
-3.762338
-2.264434
-0.963448
0.069004
0.793832
1.215869
1.383222
1.373977
1.274982
1.161076
1.085022
1.076388
1.099083
1.087841
0.963231
0.642308
0.057400
-0.825616
-1.997514
-3.408183
-4.979896
-6.593782
-8.098731
-9.422479
-10.552392
-11.496826
-12.274842
-12.909549
-13.424206
-13.840142
-14.175842
-14.446756
-14.665520
-14.842358
-14.808629
-14.907918
-14.730475
-14.512945
-14.246024
-13.918323
-13.515994
-13.022431
-12.418223
-11.681648
-10.790053
-9.722621
-8.465228
-7.018270
-5.424110
-3.803082
-2.291357
-0.976085
0.070005
0.806590
1.237509
1.410436
1.403704
1.304953
1.190065
1.112757
1.103262
1.124919
1.111377
0.982182
0.653740
0.058323
-0.837596
-2.023714
-3.448704
-5.033826
-6.659256
-8.173343
-9.504044
-10.639160
-11.587446
-12.368293
-13.005072
-13.521240
-13.938277
-14.274779
-14.546276
-14.765464
-14.942610
-14.907918
-15.006938
-14.829040
-14.610921
-14.343237
-14.014544
-13.610920
-13.115661
-12.509225
-11.769719
-10.874267
-9.801771
-8.537767
-7.082267
-5.477412
-3.843839
-2.318318
-0.988757
0.071011
0.819428
1.259329
1.437935
1.433803
1.335359
1.219518
1.140953
1.130567
1.151130
1.135208
1.001331
0.665266
0.059251
-0.849630
-2.049988
-3.489283
-5.087772
-6.724696
-8.247873
-9.585485
-10.725771
-11.677883
-12.461541
-13.100375
-13.618041
-14.036169
-14.373464
-14.645539
-14.865146
-15.042595
-15.006938
-15.105693
-14.927343
-14.708641
-14.440199
-14.110521
-13.705611
-13.208666
-12.600017
-11.857598
-10.958310
-9.880778
-8.610196
-7.146192
-5.530685
-3.884606
-2.345315
-1.001464
0.072021
0.832347
1.281327
1.465716
1.464275
1.366200
1.249436
1.169612
1.158302
1.177716
1.159334
1.020676
0.676888
0.060185
-0.861716
-2.076333
-3.529916
-5.141733
-6.790100
-8.322319
-9.666802
-10.812226
-11.768138
-12.554585
-13.195458
-13.714609
-14.133818
-14.471899
-14.744544
-14.964565
-15.142314
-15.105693
-15.204183
-15.025386
-14.806104
-14.536911
-14.206254
-13.800067
-13.301449
-12.690600
-11.945284
-11.042183
-9.959640
-8.682514
-7.210044
-5.583928
-3.925383
-2.372346
-1.014204
0.073035
0.845343
1.303504
1.493778
1.495119
1.397475
1.279819
1.198733
1.186470
1.204677
1.183754
1.040218
0.688603
0.061125
-0.873853
-2.102746
-3.570601
-5.195705
-6.855466
-8.396679
-9.747994
-10.898523
-11.858209
-12.647426
-13.290321
-13.810946
-14.231225
-14.570084
-14.843294
-15.063724
-15.241768
-15.204183
-15.302409
-15.123168
-14.903311
-14.633373
-14.301745
-13.894289
-13.394009
-12.780974
-12.032779
-11.125885
-10.038359
-8.754719
-7.273822
-5.637137
-3.966166
-2.399410
-1.026976
0.074054
0.858418
1.325856
1.522120
1.526333
1.429186
1.310670
1.228319
1.215070
1.232013
1.208468
1.059955
0.700411
0.062071
-0.886041
-2.129227
-3.611335
-5.249687
-6.920793
-8.470953
-9.829060
-10.984662
-11.948096
-12.740064
-13.384966
-13.907051
-14.328391
-14.668021
-14.941789
-15.162623
-15.340959
-15.302409
-15.400372
-15.220691
-15.000264
-14.729586
-14.396994
-13.988279
-13.486346
-12.871139
-12.120081
-11.209416
-10.116932
-8.826811
-7.337523
-5.690312
-4.006955
-2.426506
-1.039780
0.075077
0.871569
1.348382
1.550741
1.557917
1.461332
1.341988
1.258371
1.244104
1.259724
1.233475
1.079885
0.712311
0.063021
-0.898278
-2.155774
-3.652117
-5.303676
-6.986077
-8.545139
-9.909999
-11.070642
-12.037800
-12.832498
-13.479392
-14.002925
-14.425317
-14.765709
-15.040030
-15.261263
-15.439886
-15.400372
-15.498074
-15.317956
-15.096964
-14.825551
-14.492002
-14.082035
-13.578462
-12.961095
-12.207192
-11.292776
-10.195360
-8.898789
-7.401148
-5.743452
-4.047747
-2.453631
-1.052614
0.076104
0.884795
1.371081
1.579639
1.589871
1.493914
1.373774
1.288888
1.273571
1.287810
1.258774
1.100009
0.724302
0.063978
-0.910563
-2.182383
-3.692942
-5.357669
-7.051317
-8.619235
-9.990810
-11.156464
-12.127321
-12.924729
-13.573599
-14.098569
-14.522003
-14.863150
-15.138018
-15.359645
-15.538552
-15.498074
-15.595515
-15.414964
-15.193411
-14.921269
-14.586770
-14.175561
-13.670356
-13.050844
-12.294112
-11.375966
-10.273643
-8.970652
-7.464694
-5.796554
-4.088541
-2.480784
-1.065478
0.077134
0.898096
1.393952
1.608813
1.622192
1.526930
1.406028
1.319873
1.303473
1.316272
1.284364
1.120325
0.736384
0.064940
-0.922895
-2.209054
-3.733810
-5.411664
-7.116510
-8.693240
-10.071492
-11.242126
-12.216658
-13.016758
-13.667589
-14.193983
-14.618450
-14.960345
-15.235753
-15.457771
-15.636957
-15.595515
-15.692697
-15.511716
-15.289607
-15.016742
-14.681299
-14.268855
-13.762030
-13.140385
-12.380840
-11.458984
-10.351779
-9.042400
-7.528162
-5.849617
-4.129334
-2.507963
-1.078371
0.078169
0.911470
1.416992
1.638261
1.654881
1.560380
1.438751
1.351325
1.333810
1.345107
1.310246
1.140831
0.748555
0.065907
-0.935274
-2.235784
-3.774718
-5.465659
-7.181656
-8.767153
-10.152044
-11.327628
-12.305811
-13.108583
-13.761361
-14.289169
-14.714659
-15.057295
-15.333238
-15.555641
-15.735103
-15.692697
-15.789620
-15.608214
-15.385553
-15.111969
-14.775589
-14.361919
-13.853484
-13.229719
-12.467376
-11.541831
-10.429769
-9.114031
-7.591548
-5.902639
-4.170126
-2.535168
-1.091291
0.079207
0.924916
1.440200
1.667981
1.687936
1.594265
1.471944
1.383245
1.364581
1.374317
1.336417
1.161527
0.760815
0.066879
-0.947699
-2.262572
-3.815662
-5.519651
-7.246753
-8.840972
-10.232466
-11.412970
-12.394781
-13.200207
-13.854917
-14.384126
-14.810631
-15.154000
-15.430472
-15.653255
-15.832990
-15.789620
-15.886286
-15.704458
-15.481249
-15.206952
-14.869642
-14.454753
-13.944718
-13.318845
-12.553722
-11.624506
-10.507613
-9.185546
-7.654854
-5.955619
-4.210913
-2.562395
-1.104238
0.080250
0.938433
1.463575
1.697972
1.721356
1.628584
1.505606
1.415634
1.395788
1.403901
1.362877
1.182412
0.773164
0.067856
-0.960167
-2.289415
-3.856642
-5.573639
-7.311798
-8.914696
-10.312756
-11.498152
-12.483566
-13.291628
-13.948256
-14.478855
-14.906366
-15.250461
-15.527457
-15.750616
-15.930620
-15.886286
-15.982696
-15.800449
-15.576696
-15.301691
-14.963457
-14.547359
-14.035734
-13.407766
-12.639877
-11.707011
-10.585309
-9.256943
-7.718076
-6.008556
-4.251696
-2.589644
-1.117211
0.081295
0.952021
1.487114
1.728232
1.755139
1.663336
1.539737
1.448491
1.427430
1.433859
1.389624
1.203484
0.785599
0.068839
-0.972679
-2.316312
-3.897655
-5.627619
-7.376789
-8.988324
-10.392915
-11.583172
-12.572168
-13.382848
-14.041378
-14.573357
-15.001864
-15.346680
-15.624193
-15.847725
-16.027994
-15.982696
-16.078850
-15.896188
-15.671896
-15.396189
-15.057037
-14.639736
-14.126531
-13.496481
-12.725842
-11.789344
-10.662858
-9.328222
-7.781215
-6.061449
-4.292472
-2.616914
-1.130210
0.082345
0.965678
1.510816
1.758759
1.789284
1.698520
1.574338
1.481819
1.459507
1.464189
1.416659
1.224743
0.798120
0.069826
-0.985234
-2.343261
-3.938698
-5.681591
-7.441726
-9.061855
-10.472941
-11.668031
-12.660586
-13.473865
-14.134285
-14.667632
-15.097128
-15.442656
-15.720682
-15.944581
-16.125112
-16.078850
-16.174751
-15.991677
-15.766849
-15.490444
-15.150381
-14.731886
-14.217111
-13.584990
-12.811616
-11.871506
-10.740259
-9.399382
-7.844270
-6.114295
-4.333239
-2.644202
-1.143232
0.083397
0.979402
1.534680
1.789552
1.823791
1.734136
1.609408
1.515615
1.492019
1.494892
1.443979
1.246186
0.810726
0.070819
-0.997830
-2.370260
-3.979769
-5.735551
-7.506606
-9.135287
-10.552833
-11.752729
-12.748819
-13.564681
-14.226977
-14.761681
-15.192157
-15.538391
-15.816924
-16.041186
-16.221975
-16.174751
-16.270398
-16.086916
-15.861557
-15.584459
-15.243491
-14.823809
-14.307473
-13.673293
-12.897200
-11.953497
-10.817512
-9.470422
-7.907239
-6.167093
-4.373997
-2.671507
-1.156277
0.084454
0.993194
1.558703
1.820609
1.858657
1.770184
1.644948
1.549881
1.524966
1.525966
1.471584
1.267813
0.823417
0.071816
-1.010466
-2.397307
-4.020866
-5.789499
-7.571427
-9.208619
-10.632591
-11.837265
-12.836869
-13.655296
-14.319454
-14.855504
-15.286952
-15.633885
-15.912921
-16.137542
-16.318586
-16.270398
-16.365794
-16.181906
-15.956020
-15.678235
-15.336367
-14.915506
-14.397619
-13.761393
-12.982595
-12.035316
-10.894617
-9.541343
-7.970122
-6.219843
-4.414743
-2.698829
-1.169345
0.085513
1.007051
1.582883
1.851927
1.893880
1.806661
1.680956
1.584617
1.558348
1.557411
1.499472
1.289622
0.836191
0.072818
-1.023142
-2.424401
-4.061988
-5.843431
-7.636189
-9.281851
-10.712215
-11.921639
-12.924735
-13.745710
-14.411716
-14.949103
-15.381514
-15.729140
-16.008673
-16.233648
-16.414944
-16.365794
-16.460938
-16.276648
-16.050239
-15.771771
-15.429011
-15.006978
-14.487548
-13.849287
-13.067799
-12.116964
-10.971574
-9.612142
-8.032917
-6.272543
-4.455476
-2.726165
-1.182434
0.086576
1.020972
1.607220
1.883506
1.929460
1.843568
1.717433
1.619822
1.592165
1.589226
1.527643
1.311612
0.849047
0.073825
-1.035856
-2.451539
-4.103131
-5.897346
-7.700890
-9.354981
-10.791703
-12.005850
-13.012417
-13.835923
-14.503765
-15.042477
-15.475843
-15.824156
-16.104180
-16.329507
-16.511051
-16.460938
-16.555833
-16.371144
-16.144215
-15.865069
-15.521422
-15.098225
-14.577262
-13.936978
-13.152815
-12.198441
-11.048382
-9.682821
-8.095624
-6.325192
-4.496194
-2.753514
-1.195544
0.087641
1.034958
1.631710
1.915341
1.965395
1.880903
1.754379
1.655496
1.626415
1.621410
1.556094
1.333781
0.861985
0.074836
-1.048608
-2.478720
-4.144294
-5.951241
-7.765527
-9.428008
-10.871055
-12.089898
-13.099915
-13.925935
-14.595600
-15.135628
-15.569941
-15.918934
-16.199445
-16.425118
-16.606907
-16.555833
-16.650478
-16.465393
-16.237949
-15.958130
-15.613601
-15.189247
-14.666762
-14.024465
-13.237641
-12.279747
-11.125041
-9.753378
-8.158241
-6.377788
-4.536897
-2.780875
-1.208674
0.088710
1.049005
1.656352
1.947433
2.001683
1.918665
1.791791
1.691639
1.661099
1.653962
1.584824
1.356129
0.875002
0.075852
-1.061396
-2.505942
-4.185475
-6.005116
-7.830101
-9.500932
-10.950271
-12.173784
-13.187229
-14.015747
-14.687221
-15.228555
-15.663808
-16.013474
-16.294467
-16.520483
-16.702514
-16.650478
-16.744876
-16.559398
-16.331442
-16.050955
-15.705551
-15.280047
-14.756046
-14.111750
-13.322278
-12.360881
-11.201550
-9.823814
-8.220769
-6.430331
-4.577583
-2.808247
-1.221823
0.089782
1.063114
1.681145
1.979778
2.038321
1.956853
1.829671
1.728250
1.696216
1.686882
1.613833
1.378653
0.888100
0.076872
-1.074220
-2.533204
-4.226672
-6.058968
-7.894608
-9.573751
-11.029350
-12.257506
-13.274360
-14.105359
-14.778630
-15.321260
-15.757444
-16.107778
-16.389248
-16.615603
-16.797873
-16.744876
-16.839026
-16.653159
-16.424695
-16.143544
-15.797270
-15.370624
-14.845117
-14.198831
-13.406726
-12.441845
-11.277911
-9.894126
-8.283207
-6.482820
-4.618250
-2.835627
-1.234990
0.090857
1.077283
1.706087
2.012375
2.075309
1.995465
1.868017
1.765329
1.731765
1.720167
1.643118
1.401352
0.901275
0.077896
-1.087079
-2.560503
-4.267882
-6.112796
-7.959049
-9.646464
-11.108290
-12.341065
-13.361306
-14.194772
-14.869827
-15.413743
-15.850851
-16.201847
-16.483789
-16.710478
-16.892984
-16.839026
-16.932931
-16.746677
-16.517709
-16.235898
-15.888760
-15.460978
-14.933975
-14.285711
-13.490986
-12.522637
-11.354122
-9.964315
-8.345552
-6.535252
-4.658897
-2.863016
-1.248175
0.091934
1.091511
1.731174
2.045221
2.112644
2.034500
1.906828
1.802876
1.767745
1.753817
1.672678
1.424225
0.914529
0.078925
-1.099971
-2.587838
-4.309105
-6.166597
-8.023421
-9.719070
-11.187093
-12.424460
-13.448069
-14.283984
-14.960812
-15.506004
-15.944028
-16.295680
-16.578090
-16.805110
-16.987849
-16.932931
-17.026591
-16.839953
-16.610484
-16.328019
-15.980022
-15.551112
-15.022620
-14.372388
-13.575058
-12.603258
-11.430183
-10.034381
-8.407806
-6.587628
-4.699523
-2.890411
-1.261376
0.093015
1.105797
1.756406
2.078314
2.150324
2.073957
1.946103
1.840890
1.804156
1.787830
1.702511
1.447270
0.927858
0.079958
-1.112896
-2.615208
-4.350337
-6.220371
-8.087723
-9.791569
-11.265757
-12.507692
-13.534649
-14.372998
-15.051586
-15.598045
-16.036978
-16.389279
-16.672152
-16.899500
-17.082468
-17.026591
-17.120006
-16.932988
-16.703022
-16.419906
-16.071057
-15.641024
-15.111053
-14.458864
-13.658942
-12.683709
-11.506095
-10.104323
-8.469966
-6.639946
-4.740126
-2.917812
-1.274593
0.094098
1.120139
1.781781
2.111652
2.188348
2.113834
1.985842
1.879369
1.840996
1.822206
1.732616
1.470485
0.941263
0.080995
-1.125853
-2.642611
-4.391578
-6.274114
-8.151955
-9.863960
-11.344282
-12.590760
-13.621044
-14.461813
-15.142148
-15.689865
-16.129700
-16.482645
-16.765976
-16.993648
-17.176843
-17.120006
-17.213179
-17.025783
-16.795323
-16.511562
-16.161865
-15.730717
-15.199275
-14.545139
-13.742639
-12.763988
-11.581856
-10.174141
-8.532033
-6.692205
-4.780706
-2.945217
-1.287824
0.095183
1.134538
1.807296
2.145232
2.226712
2.154129
2.026043
1.918314
1.878265
1.856942
1.762991
1.493869
0.954741
0.082036
-1.138841
-2.670044
-4.432825
-6.327827
-8.216114
-9.936242
-11.422668
-12.673663
-13.707257
-14.550429
-15.232501
-15.781466
-16.222194
-16.575779
-16.859563
-17.087555
-17.270974
-17.213179
-17.306109
-17.118338
-16.887389
-16.602986
-16.252446
-15.820190
-15.287285
-14.631214
-13.826148
-12.844097
-11.657468
-10.243834
-8.594005
-6.744404
-4.821261
-2.972625
-1.301071
0.096271
1.148990
1.832950
2.179052
2.265415
2.194841
2.066705
1.957722
1.915961
1.892037
1.793634
1.517421
0.968294
0.083081
-1.151859
-2.697507
-4.474077
-6.381506
-8.280199
-10.008414
-11.500913
-12.756402
-13.793286
-14.638847
-15.322643
-15.872847
-16.314463
-16.668680
-16.952914
-17.181223
-17.364862
-17.306109
-17.398798
-17.210655
-16.979219
-16.694179
-16.342803
-15.909445
-15.375085
-14.717089
-13.909470
-12.924035
-11.732929
-10.313402
-8.655883
-6.796542
-4.861790
-3.000035
-1.314330
0.097362
1.163496
1.858740
2.213110
2.304455
2.235968
2.107827
1.997594
1.954083
1.927490
1.824543
1.541137
0.981918
0.084130
-1.164906
-2.724998
-4.515331
-6.435151
-8.344210
-10.080475
-11.579018
-12.838977
-13.879131
-14.727067
-15.412576
-15.964010
-16.406506
-16.761351
-17.046029
-17.274651
-17.458509
-17.398798
-17.491247
-17.302735
-17.070816
-16.785143
-16.432935
-15.998481
-15.462675
-14.802764
-13.992606
-13.003803
-11.808240
-10.382844
-8.717664
-6.848619
-4.902292
-3.027446
-1.327602
0.098454
1.178054
1.884664
2.247403
2.343829
2.277508
2.149407
2.037927
1.992631
1.963299
1.855717
1.565018
0.995613
0.085183
-1.177981
-2.752516
-4.556587
-6.488760
-8.408145
-10.152425
-11.656982
-12.921388
-13.964794
-14.815089
-15.502300
-16.054955
-16.498325
-16.853791
-17.138910
-17.367842
-17.551914
-17.491247
-17.583457
-17.394578
-17.162180
-16.875877
-16.522843
-16.087301
-15.550056
-14.888239
-14.075554
-13.083400
-11.883401
-10.452160
-8.779350
-6.900633
-4.942766
-3.054856
-1.340887
0.099549
1.192663
1.910722
2.281928
2.383534
2.319459
2.191444
2.078721
2.031601
1.999462
1.887154
1.589060
1.009378
0.086239
-1.191083
-2.780058
-4.597842
-6.542331
-8.472004
-10.224262
-11.734804
-13.003634
-14.050273
-14.902913
-15.591815
-16.145683
-16.589919
-16.946002
-17.231557
-17.460795
-17.645080
-17.583457
-17.675428
-17.486186
-17.253311
-16.966384
-16.612528
-16.175903
-15.637228
-14.973516
-14.158317
-13.162827
-11.958411
-10.521351
-8.840938
-6.952583
-4.983210
-3.082265
-1.354182
0.100647
1.207323
1.936909
2.316684
2.423569
2.361819
2.233936
2.119975
2.070994
2.035978
1.918852
1.613263
1.023212
0.087299
-1.204212
-2.807624
-4.639095
-6.595864
-8.535784
-10.295987
-11.812485
-13.085715
-14.135570
-14.990541
-15.681121
-16.236194
-16.681290
-17.037984
-17.323971
-17.553512
-17.738007
-17.675428
-17.767162
-17.577559
-17.344211
-17.056663
-16.701991
-16.264290
-15.724191
-15.058595
-14.240894
-13.242083
-12.033270
-10.590414
-8.902429
-7.004469
-5.023623
-3.109671
-1.367488
0.101746
1.222030
1.963225
2.351668
2.463931
2.404585
2.276882
2.161686
2.110807
2.072844
1.950808
1.637625
1.037114
0.088363
-1.217366
-2.835211
-4.680344
-6.649356
-8.599485
-10.367598
-11.890024
-13.167631
-14.220683
-15.077971
-15.770221
-16.326489
-16.772438
-17.129738
-17.416153
-17.645994
-17.830696
-17.767162
-17.858660
-17.668698
-17.434881
-17.146716
-16.791232
-16.352461
-15.810948
-15.143475
-14.323285
-13.321170
-12.107979
-10.659351
-8.963822
-7.056289
-5.064005
-3.137074
-1.380804
0.102848
1.236786
1.989667
2.386876
2.504617
2.447757
2.320279
2.203854
2.151040
2.110060
1.983021
1.662143
1.051083
0.089430
-1.230545
-2.862819
-4.721587
-6.702806
-8.663106
-10.439095
-11.967421
-13.249382
-14.305614
-15.165206
-15.859112
-16.416568
-16.863363
-17.221264
-17.508104
-17.738241
-17.923148
-17.858660
-17.949922
-17.759604
-17.525321
-17.236543
-16.880252
-16.440417
-15.897496
-15.228159
-14.405491
-13.400086
-12.182536
-10.728161
-9.025116
-7.108044
-5.104354
-3.164471
-1.394129
0.103951
1.251588
2.016233
2.422307
2.545625
2.491330
2.364127
2.246477
2.191689
2.147622
2.015489
1.686816
1.065117
0.090500
-1.243747
-2.890446
-4.762823
-6.756213
-8.726646
-10.510477
-12.044675
-13.330968
-14.390363
-15.252243
-15.947797
-16.506432
-16.954068
-17.312565
-17.599824
-17.830254
-18.015363
-17.949922
-18.040949
-17.850279
-17.615531
-17.326145
-16.969053
-16.528159
-15.983839
-15.312645
-14.487512
-13.478833
-12.256943
-10.796844
-9.086311
-7.159732
-5.144670
-3.191864
-1.407463
0.105056
1.266436
2.042921
2.457958
2.586952
2.535304
2.408422
2.289553
2.232754
2.185529
2.048209
1.711642
1.079215
0.091574
-1.256972
-2.918091
-4.804051
-6.809575
-8.790103
-10.581743
-12.121786
-13.412390
-14.474929
-15.339085
-16.036276
-16.596082
-17.044551
-17.403639
-17.691314
-17.922035
-18.107343
-18.040949
-18.131742
-17.940722
-17.705514
-17.415523
-17.057634
-16.615688
-16.069975
-15.396934
-14.569348
-13.557410
-12.331199
-10.865399
-9.147406
-7.211352
-5.184951
-3.219249
-1.420804
0.106164
1.281328
2.069729
2.493825
2.628594
2.579675
2.453164
2.333080
2.274232
2.223778
2.081179
1.736619
1.093377
0.092651
-1.270219
-2.945751
-4.845269
-6.862892
-8.853478
-10.652894
-12.198753
-13.493646
-14.559313
-15.425732
-16.124549
-16.685517
-17.134815
-17.494489
-17.782576
-18.013583
-18.199089
-18.131742
-18.222303
-18.030935
-17.795270
-17.504677
-17.145996
-16.703004
-16.155906
-15.481028
-14.651000
-13.635817
-12.405305
-10.933825
-9.208401
-7.262903
-5.225197
-3.246627
-1.434153
0.107273
1.296263
2.096654
2.529907
2.670550
2.624441
2.498350
2.377056
2.316122
2.262368
2.114398
1.761745
1.107601
0.093731
-1.283487
-2.973426
-4.886475
-6.916162
-8.916769
-10.723927
-12.275577
-13.574737
-14.643514
-15.512183
-16.212616
-16.774740
-17.224859
-17.585114
-17.873610
-18.104901
-18.290601
-18.222303
-18.312632
-18.120918
-17.884800
-17.593609
-17.234140
-16.790108
-16.241632
-15.564925
-14.732467
-13.714055
-12.479259
-11.002124
-9.269295
-7.314386
-5.265406
-3.273996
-1.447508
0.108383
1.311240
2.123696
2.566200
2.712817
2.669600
2.543977
2.421480
2.358421
2.301297
2.147862
1.787018
1.121886
0.094814
-1.296776
-3.001115
-4.927668
-6.969383
-8.979974
-10.794844
-12.352257
-13.655662
-14.727534
-15.598439
-16.300479
-16.863750
-17.314684
-17.675516
-17.964416
-18.195988
-18.381880
-18.312632
-18.402730
-18.210673
-17.974103
-17.682319
-17.322067
-16.877000
-16.327154
-15.648628
-14.813751
-13.792124
-12.553062
-11.070294
-9.330088
-7.365798
-5.305577
-3.301356
-1.460868
0.109495
1.326258
2.150851
2.602703
2.755391
2.715148
2.590044
2.466350
2.401128
2.340561
2.181570
1.812437
1.136231
0.095899
-1.310084
-3.028816
-4.968847
-7.022555
-9.043094
-10.865642
-12.428793
-13.736423
-14.811372
-15.684501
-16.388137
-16.952547
-17.404291
-17.765695
-18.054996
-18.286846
-18.472928
-18.402730
-18.492598
-18.300200
-18.063183
-17.770808
-17.409778
-16.963682
-16.412472
-15.732135
-14.894851
-13.870023
-12.626714
-11.138336
-9.390780
-7.417140
-5.345711
-3.328705
-1.474234
0.110609
1.341316
2.178117
2.639410
2.798269
2.761084
2.636548
2.511662
2.444240
2.380159
2.215519
1.837999
1.150635
0.096988
-1.323410
-3.056527
-5.010010
-7.075676
-9.106127
-10.936322
-12.505184
-13.817018
-14.895029
-15.770369
-16.475591
-17.041133
-17.493681
-17.855652
-18.145350
-18.377475
-18.563744
-18.492598
-18.582236
-18.389500
-18.152038
-17.859077
-17.497273
-17.050153
-16.497587
-15.815449
-14.975769
-13.947754
-12.700215
-11.206248
-9.451369
-7.468411
-5.385805
-3.356042
-1.487605
0.111725
1.356412
2.205492
2.676321
2.841449
2.807403
2.683486
2.557416
2.487755
2.420089
2.249706
1.863703
1.165097
0.098080
-1.336755
-3.084248
-5.051155
-7.128746
-9.169073
-11.006883
-12.581431
-13.897448
-14.978504
-15.856042
-16.562841
-17.129509
-17.582854
-17.945387
-18.235479
-18.467876
-18.654330
-18.582236
-18.671646
-18.478575
-18.240670
-17.947127
-17.584553
-17.136415
-16.582500
-15.898568
-15.056503
-14.025316
-12.773565
-11.274032
-9.511856
-7.519610
-5.425859
-3.383368
-1.500979
0.112841
1.371547
2.232974
2.713432
2.884927
2.854104
2.730857
2.603609
2.531670
2.460347
2.284130
1.889546
1.179615
0.099174
-1.350116
-3.111977
-5.092282
-7.181762
-9.231931
-11.077325
-12.657532
-13.977712
-15.061798
-15.941522
-16.649889
-17.217673
-17.671811
-18.034902
-18.325384
-18.558051
-18.744688
-18.671646
-18.760829
-18.567424
-18.329080
-18.034957
-17.671618
-17.222468
-16.667210
-15.981494
-15.137055
-14.102709
-12.846764
-11.341686
-9.572239
-7.570736
-5.465872
-3.410680
-1.514357
0.113959
1.386717
2.260562
2.750741
2.928701
2.901184
2.778657
2.650239
2.575984
2.500931
2.318788
1.915526
1.194188
0.100271
-1.363494
-3.139713
-5.133390
-7.234724
-9.294699
-11.147647
-12.733489
-14.057812
-15.144910
-16.026809
-16.736733
-17.305628
-17.760552
-18.124198
-18.415066
-18.647999
-18.834816
-18.760829
-18.849785
-18.656049
-18.417269
-18.122570
-17.758470
-17.308313
-16.751718
-16.064227
-15.217425
-14.179934
-12.919812
-11.409211
-9.632520
-7.621789
-5.505844
-3.437978
-1.527737
0.115079
1.401924
2.288251
2.788243
2.972767
2.948638
2.826884
2.697302
2.620693
2.541839
2.353676
1.941642
1.208816
0.101371
-1.376887
-3.167455
-5.174476
-7.287631
-9.357377
-11.217848
-12.809300
-14.137746
-15.227842
-16.111903
-16.823376
-17.393374
-17.849079
-18.213274
-18.504525
-18.737722
-18.924718
-18.849785
-18.938516
-18.744451
-18.505237
-18.209966
-17.845109
-17.393950
-16.836026
-16.146767
-15.297613
-14.256991
-12.992708
-11.476606
-9.692696
-7.672768
-5.545773
-3.465261
-1.541120
0.116199
1.417165
2.316042
2.825937
3.017121
2.996466
2.875536
2.744797
2.665796
2.583068
2.388794
1.967891
1.223497
0.102473
-1.390295
-3.195201
-5.215540
-7.340482
-9.419965
-11.287929
-12.884965
-14.217514
-15.310593
-16.196804
-16.909817
-17.480911
-17.937392
-18.302132
-18.593763
-18.827221
-19.014393
-18.938516
-19.027021
-18.832630
-18.592985
-18.297145
-17.931536
-17.479380
-16.920133
-16.229116
-15.377619
-14.333880
-13.065454
-11.543871
-9.752769
-7.723672
-5.585659
-3.492529
-1.554504
0.117321
1.432439
2.343931
2.863820
3.061761
3.044662
2.924608
2.792720
2.711289
2.624614
2.424138
1.994271
1.238230
0.103577
-1.403716
-3.222951
-5.256581
-7.393276
-9.482461
-11.357888
-12.960485
-14.297118
-15.393164
-16.281513
-16.996057
-17.568240
-18.025491
-18.390772
-18.682780
-18.916496
-19.103842
-19.027021
-19.115303
-18.920587
-18.680515
-18.384109
-18.017751
-17.564604
-17.004041
-16.311272
-15.457445
-14.410600
-13.138049
-11.611006
-9.812737
-7.774502
-5.625500
-3.519780
-1.567889
0.118444
1.447746
2.371916
2.901888
3.106683
3.093224
2.974099
2.841070
2.757170
2.666477
2.459705
2.020780
1.253014
0.104684
-1.417151
-3.250702
-5.297596
-7.446011
-9.544866
-11.427725
-13.035858
-14.376556
-15.475555
-16.366031
-17.082096
-17.655361
-18.113378
-18.479195
-18.771576
-19.005548
-19.193066
-19.115303
-19.203361
-19.008324
-18.767826
-18.470858
-18.103756
-17.649622
-17.087749
-16.393238
-15.537089
-14.487154
-13.210493
-11.678011
-9.872600
-7.825256
-5.665297
-3.547015
-1.581275
0.119568
1.463083
2.399995
2.940138
3.151885
3.142148
3.024005
2.889842
2.803436
2.708652
2.495492
2.047416
1.267847
0.105793
-1.430598
-3.278455
-5.338586
-7.498687
-9.607177
-11.497440
-13.111086
-14.455829
-15.557765
-16.450357
-17.167935
-17.742276
-18.201052
-18.567402
-18.860153
-19.094379
-19.282066
-19.203361
-19.291198
-19.095840
-18.854920
-18.557392
-18.189550
-17.734435
-17.171259
-16.475013
-15.616553
-14.563539
-13.282785
-11.744885
-9.932357
-7.875934
-5.705049
-3.574231
-1.594661
0.120693
1.478452
2.428166
2.978567
3.197361
3.191432
3.074323
2.939036
2.850084
2.751136
2.531498
2.074177
1.282729
0.106904
-1.444057
-3.306207
-5.379549
-7.551303
-9.669395
-11.567033
-13.186167
-14.534936
-15.639796
-16.534492
-17.253575
-17.828984
-18.288515
-18.655394
-18.948512
-19.182988
-19.370843
-19.291198
-19.378812
-19.183138
-18.941797
-18.643714
-18.275135
-17.819044
-17.254570
-16.556598
-15.695837
-14.639758
-13.354927
-11.811629
-9.992010
-7.926535
-5.744754
-3.601428
-1.608046
0.121819
1.493849
2.456427
3.017173
3.243110
3.241072
3.125050
2.988646
2.897111
2.793928
2.567720
2.101061
1.297659
0.108018
-1.457526
-3.333958
-5.420483
-7.603857
-9.731519
-11.636503
-13.261102
-14.613879
-15.721647
-16.618436
-17.339015
-17.915487
-18.375767
-18.743171
-19.036653
-19.271377
-19.459397
-19.378812
-19.466207
-19.270217
-19.028458
-18.729822
-18.360512
-17.903449
-17.337684
-16.637993
-15.774941
-14.715809
-13.426918
-11.878243
-10.051556
-7.977059
-5.784413
-3.628606
-1.621429
0.122945
1.509274
2.484776
3.055952
3.289127
3.291064
3.176183
3.038671
2.944514
2.837023
2.604153
2.128065
1.312634
0.109133
-1.471006
-3.361707
-5.461389
-7.656350
-9.793548
-11.705849
-13.335890
-14.692657
-15.803319
-16.702190
-17.424256
-18.001784
-18.462809
-18.830734
-19.124576
-19.359546
-19.547730
-19.466207
-19.553382
-19.357078
-19.114905
-18.815719
-18.445680
-17.987651
-17.420601
-16.719198
-15.853866
-14.791694
-13.498759
-11.944726
-10.110996
-8.027505
-5.824024
-3.655763
-1.634812
0.124073
1.524727
2.513210
3.094901
3.335409
3.341405
3.227718
3.089108
2.992291
2.880418
2.640797
2.155188
1.327655
0.110251
-1.484496
-3.389453
-5.502263
-7.708780
-9.855481
-11.775072
-13.410531
-14.771269
-15.884811
-16.785754
-17.509299
-18.087877
-18.549642
-18.918084
-19.212284
-19.447497
-19.635842
-19.553382
-19.640337
-19.443723
-19.201137
-18.901405
-18.530642
-18.071650
-17.503321
-16.800215
-15.932611
-14.867412
-13.570448
-12.011078
-10.170329
-8.077874
-5.863586
-3.682900
-1.648192
0.125201
1.540206
2.541727
3.134018
3.381952
3.392091
3.279653
3.139952
3.040437
2.924111
2.677648
2.182428
1.342720
0.111370
-1.497994
-3.417193
-5.543107
-7.761146
-9.917319
-11.844171
-13.485025
-14.849717
-15.966125
-16.869128
-17.594145
-18.173766
-18.636266
-19.005222
-19.299776
-19.535230
-19.723735
-19.640337
-19.727075
-19.530151
-19.287156
-18.986881
-18.615397
-18.155448
-17.585846
-16.881044
-16.011178
-14.942963
-13.641987
-12.077299
-10.229556
-8.128163
-5.903100
-3.710015
-1.661569
0.126330
1.555710
2.570326
3.173298
3.428753
3.443118
3.331982
3.191202
3.088950
2.968099
2.714702
2.209781
1.357828
0.112491
-1.511500
-3.444929
-5.583918
-7.813447
-9.979060
-11.913145
-13.559373
-14.927999
-16.047260
-16.952313
-17.678793
-18.259452
-18.722682
-19.092147
-19.387053
-19.622745
-19.811408
-19.727075
-19.813596
-19.616365
-19.372963
-19.072147
-18.699946
-18.239044
-17.668175
-16.961684
-16.089567
-15.018349
-13.713375
-12.143388
-10.288676
-8.178373
-5.942565
-3.737108
-1.674944
0.127459
1.571238
2.599004
3.212740
3.475808
3.494483
3.384704
3.242852
3.137826
3.012378
2.751958
2.237247
1.372978
0.113614
-1.525014
-3.472658
-5.624695
-7.865683
-10.040704
-11.981995
-13.633573
-15.006117
-16.128216
-17.035309
-17.763245
-18.344934
-18.808890
-19.178862
-19.474116
-19.710045
-19.898863
-19.813596
-19.899901
-19.702365
-19.458557
-19.157205
-18.784290
-18.322441
-17.750310
-17.042138
-16.167778
-15.093569
-13.784613
-12.209347
-10.347688
-8.228504
-5.981979
-3.764179
-1.688314
0.128589
1.586789
2.627759
3.252339
3.523114
3.546182
3.437815
3.294901
3.187063
3.056944
2.789412
2.264823
1.388168
0.114738
-1.538534
-3.500379
-5.665438
-7.917852
-10.102250
-12.050719
-13.707626
-15.084071
-16.208995
-17.118117
-17.847500
-18.430215
-18.894892
-19.265366
-19.560966
-19.797129
-19.986101
-19.899901
-19.985990
-19.788151
-19.543941
-19.242054
-18.868430
-18.405637
-17.832250
-17.122404
-16.245811
-15.168623
-13.855700
-12.275175
-10.406592
-8.278554
-6.021343
-3.791225
-1.701681
0.129720
1.602362
2.656588
3.292093
3.570667
3.598212
3.491310
3.347345
3.236656
3.101796
2.827061
2.292506
1.403398
0.115864
-1.552061
-3.528092
-5.706146
-7.969955
-10.163698
-12.119318
-13.781531
-15.161859
-16.289595
-17.200737
-17.931560
-18.515294
-18.980687
-19.351660
-19.647604
-19.883998
-20.073123
-19.985990
-20.071864
-19.873724
-19.629114
-19.326696
-18.952366
-18.488634
-17.913997
-17.202484
-16.323667
-15.243511
-13.926637
-12.340871
-10.465389
-8.328524
-6.060655
-3.818248
-1.715043
0.130851
1.617957
2.685491
3.331998
3.618462
3.650567
3.545186
3.400179
3.286602
3.146928
2.864903
2.320295
1.418666
0.116992
-1.565593
-3.555796
-5.746817
-8.021989
-10.225047
-12.187792
-13.855290
-15.239484
-16.370018
-17.283169
-18.015424
-18.600172
-19.066278
-19.437746
-19.734030
-19.970653
-20.159929
-20.071864
-20.157525
-19.959086
-19.714078
-19.411132
-19.036099
-18.571433
-17.995551
-17.282379
-16.401346
-15.318235
-13.997424
-12.406436
-10.524077
-8.378413
-6.099916
-3.845245
-1.728400
0.131982
1.633572
2.714464
3.372052
3.666497
3.703245
3.599439
3.453401
3.336898
3.192339
2.902935
2.348187
1.433972
0.118121
-1.579130
-3.583490
-5.787451
-8.073955
-10.286296
-12.256139
-13.928900
-15.316943
-16.450264
-17.365414
-18.099094
-18.684850
-19.151663
-19.523623
-19.820245
-20.057096
-20.246520
-20.157525
-20.242973
-20.044236
-19.798834
-19.495361
-19.119630
-18.654033
-18.076913
-17.362087
-16.478848
-15.392793
-14.068061
-12.471869
-10.582657
-8.428221
-6.139124
-3.872217
-1.741752
0.133114
1.649207
2.743506
3.412251
3.714767
3.756241
3.654066
3.507007
3.387541
3.238023
2.941152
2.376181
1.449314
0.119252
-1.592672
-3.611172
-5.828047
-8.125852
-10.347446
-12.324360
-14.002363
-15.394239
-16.530332
-17.447473
-18.182570
-18.769328
-19.236844
-19.609294
-19.906250
-20.143326
-20.332896
-20.242973
-20.328209
-20.129177
-19.883381
-19.579386
-19.202959
-18.736437
-18.158083
-17.441611
-16.556175
-15.467187
-14.138547
-12.537171
-10.641129
-8.477947
-6.178279
-3.899164
-1.755098
0.134246
1.664860
2.772615
3.452593
3.763268
3.809552
3.709062
3.560992
3.438525
3.283979
2.979553
2.404273
1.464691
0.120383
-1.606216
-3.638842
-5.868604
-8.177679
-10.408495
-12.392455
-14.075679
-15.471370
-16.610224
-17.529344
-18.265852
-18.853607
-19.321823
-19.694757
-19.992045
-20.229344
-20.419060
-20.328209
-20.413233
-20.213908
-19.967722
-19.663207
-19.286087
-18.818644
-18.239061
-17.520951
-16.633326
-15.541416
-14.208884
-12.602342
-10.699492
-8.527591
-6.217381
-3.926084
-1.768437
0.135379
1.680530
2.801788
3.493074
3.811998
3.863173
3.764423
3.615354
3.489848
3.330202
3.018135
2.432463
1.480103
0.121517
-1.619764
-3.666499
-5.909120
-8.229435
-10.469444
-12.460423
-14.148847
-15.548337
-16.689939
-17.611030
-18.348941
-18.937688
-19.406598
-19.780014
-20.077633
-20.315152
-20.505012
-20.413233
-20.498047
-20.298431
-20.051856
-19.746824
-19.369016
-18.900655
-18.319849
-17.600106
-16.710301
-15.615482
-14.279071
-12.667381
-10.757745
-8.577153
-6.256429
-3.952976
-1.781770
0.136511
1.696218
2.831024
3.533690
3.860951
3.917099
3.820145
3.670088
3.541506
3.376689
3.056893
2.460747
1.495547
0.122651
-1.633315
-3.694142
-5.949596
-8.281119
-10.530291
-12.528264
-14.221867
-15.625141
-16.769478
-17.692530
-18.431837
-19.021570
-19.491171
-19.865066
-20.163012
-20.400751
-20.590751
-20.498047
-20.582652
-20.382746
-20.135785
-19.830238
-19.451745
-18.982470
-18.400447
-17.679079
-16.787102
-15.689383
-14.349108
-12.732288
-10.815889
-8.626631
-6.295422
-3.979841
-1.795096
0.137644
1.711921
2.860320
3.574440
3.910125
3.971328
3.876225
3.725190
3.593496
3.423436
3.095826
2.489123
1.511024
0.123786
-1.646867
-3.721770
-5.990031
-8.332731
-10.591037
-12.595978
-14.294739
-15.701780
-16.848840
-17.773846
-18.514541
-19.105255
-19.575543
-19.949914
-20.248184
-20.486140
-20.676281
-20.582652
-20.667048
-20.466854
-20.219509
-19.913450
-19.534275
-19.064092
-18.480856
-17.757868
-16.863728
-15.763121
-14.418996
-12.797063
-10.873924
-8.676026
-6.334361
-4.006678
-1.808415
0.138777
1.727639
2.889675
3.615319
3.959515
4.025855
3.932658
3.780656
3.645812
3.470440
3.134930
2.517590
1.526531
0.124923
-1.660420
-3.749383
-6.030423
-8.384271
-10.651680
-12.663564
-14.367464
-15.778256
-16.928028
-17.854976
-18.597054
-19.188744
-19.659714
-20.034558
-20.333150
-20.571320
-20.761600
-20.667048
-20.751236
-20.550755
-20.303029
-19.996461
-19.616607
-19.145519
-18.561075
-17.836475
-16.940181
-15.836696
-14.488735
-12.861707
-10.931850
-8.725338
-6.373244
-4.033487
-1.821725
0.139909
1.743371
2.919087
3.656325
4.009117
4.080675
3.989439
3.836482
3.698452
3.517697
3.174203
2.546145
1.542068
0.126061
-1.673974
-3.776980
-6.070772
-8.435737
-10.712221
-12.731023
-14.440041
-15.854569
-17.007039
-17.935922
-18.679375
-19.272036
-19.743686
-20.118999
-20.417911
-20.656294
-20.846710
-20.751236
-20.835216
-20.634452
-20.386346
-20.079272
-19.698742
-19.226753
-18.641106
-17.914900
-17.016459
-15.910107
-14.558324
-12.926220
-10.989665
-8.774566
-6.412071
-4.060266
-1.835027
0.141042
1.759116
2.948553
3.697454
4.058927
4.135784
4.046565
3.892665
3.751411
3.565203
3.213640
2.574787
1.557634
0.127199
-1.687529
-3.804559
-6.111077
-8.487130
-10.772658
-12.798354
-14.512470
-15.930718
-17.085876
-18.016684
-18.761506
-19.355133
-19.827457
-20.203237
-20.502467
-20.741060
-20.931612
-20.835216
-20.918991
-20.717944
-20.469461
-20.161882
-19.780680
-19.307794
-18.720950
-17.993144
-17.092565
-15.983356
-14.627764
-12.990600
-11.047371
-8.823710
-6.450842
-4.087015
-1.848321
0.142175
1.774873
2.978072
3.738704
4.108942
4.191178
4.104031
3.949199
3.804685
3.612955
3.253239
2.603512
1.573228
0.128338
-1.701082
-3.832121
-6.151337
-8.538447
-10.832993
-12.865556
-14.584751
-16.006704
-17.164538
-18.097263
-18.843448
-19.438035
-19.911031
-20.287274
-20.586818
-20.825621
-21.016306
-20.918991
-21.002560
-20.801232
-20.552374
-20.244294
-19.862423
-19.388643
-18.800607
-18.071206
-17.168497
-16.056443
-14.697055
-13.054849
-11.104966
-8.872769
-6.489556
-4.113734
-1.861605
0.143308
1.790642
3.007641
3.780072
4.159157
4.246852
4.161832
4.006081
3.858271
3.660948
3.292997
2.632319
1.588849
0.129479
-1.714635
-3.859664
-6.191552
-8.589690
-10.893223
-12.932631
-14.656884
-16.082528
-17.243026
-18.177659
-18.925200
-19.520743
-19.994406
-20.371110
-20.670967
-20.909977
-21.100794
-21.002560
-21.085924
-20.884318
-20.635086
-20.326507
-19.943970
-19.469301
-18.880077
-18.149089
-17.244257
-16.129367
-14.766198
-13.118967
-11.162451
-8.921743
-6.528213
-4.140423
-1.874881
0.144441
1.806422
3.037259
3.821553
4.209569
4.302803
4.219965
4.063305
3.912163
3.709180
3.332910
2.661205
1.604495
0.130620
-1.728187
-3.887187
-6.231721
-8.640857
-10.953350
-12.999577
-14.728870
-16.158188
-17.321340
-18.257872
-19.006763
-19.603257
-20.077584
-20.454746
-20.754913
-20.994128
-21.185076
-21.085924
-21.169084
-20.967201
-20.717598
-20.408523
-20.025323
-19.549769
-18.959361
-18.226792
-17.319846
-16.202130
-14.835192
-13.182952
-11.219826
-8.970632
-6.566812
-4.167080
-1.888146
0.145573
1.822211
3.066925
3.863146
4.260173
4.359025
4.278424
4.120869
3.966359
3.757646
3.372976
2.690169
1.620167
0.131761
-1.741736
-3.914690
-6.271842
-8.691947
-11.013371
-13.066394
-14.800707
-16.233686
-17.399480
-18.337903
-19.088137
-19.685578
-20.160566
-20.538182
-20.838658
-21.078076
-21.269153
-21.169084
-21.252042
-21.049883
-20.799911
-20.490343
-20.106482
-19.630046
-19.038460
-18.304315
-17.395262
-16.274731
-14.904037
-13.246806
-11.277090
-9.019436
-6.605353
-4.193706
-1.901402
0.146705
1.838010
3.096635
3.904848
4.310966
4.415514
4.337206
4.178767
4.020853
3.806342
3.413191
2.719209
1.635862
0.132904
-1.755283
-3.942173
-6.311917
-8.742961
-11.073288
-13.133083
-14.872397
-16.309021
-17.477446
-18.417753
-19.169324
-19.767707
-20.243351
-20.621420
-20.922201
-21.161821
-21.353026
-21.252042
-21.334797
-21.132364
-20.882025
-20.571966
-20.187449
-19.710134
-19.117374
-18.381660
-17.470508
-16.347171
-14.972734
-13.310529
-11.334243
-9.068154
-6.643836
-4.220300
-1.914647
0.147837
1.853817
3.126388
3.946654
4.361944
4.472267
4.396306
4.236995
4.075642
3.855264
3.453552
2.748321
1.651580
0.134047
-1.768828
-3.969634
-6.351943
-8.793897
-11.133100
-13.199643
-14.943939
-16.384195
-17.555239
-18.497421
-19.250324
-19.849644
-20.325941
-20.704460
-21.005545
-21.245365
-21.436695
-21.334797
