-0.121486
-0.116036
-0.110132
-0.103818
-0.097151
-0.090203
-0.083062
-0.075826
-0.068586
-0.061406
-0.054279
-0.047113
-0.039731
-0.032002
-0.024036
-0.015928
-0.007675
0.000641
0.008867
0.016784
0.024102
0.030442
0.035314
0.038092
0.038092
0.035314
0.030442
0.024102
0.016784
0.008867
0.000641
-0.007672
-0.015912
-0.023974
-0.031815
-0.039289
-0.046270
-0.052895
-0.059396
-0.065944
-0.072618
-0.079409
-0.086244
-0.093021
-0.099639
-0.106006
-0.112049
-0.117707
-0.121486
-0.226736
-0.216724
-0.205454
-0.192911
-0.179142
-0.164275
-0.148532
-0.132231
-0.115785
-0.099663
-0.084308
-0.070006
-0.056747
-0.044331
-0.032644
-0.021407
-0.010264
0.000856
0.011825
0.022379
0.032135
0.040587
0.047082
0.050787
0.050787
0.047082
0.040587
0.032135
0.022378
0.011822
0.000855
-0.010239
-0.021280
-0.032219
-0.043208
-0.054426
-0.066086
-0.078596
-0.092256
-0.107028
-0.122591
-0.138480
-0.154221
-0.169408
-0.183730
-0.196977
-0.209029
-0.219845
-0.226736
-0.331555
-0.317232
-0.300885
-0.282409
-0.261781
-0.239102
-0.214641
-0.188880
-0.162528
-0.136493
-0.111770
-0.089222
-0.069303
-0.052012
-0.037122
-0.023867
-0.011320
0.000939
0.012949
0.024487
0.035154
0.044398
0.051503
0.055555
0.055555
0.051503
0.044397
0.035152
0.024480
0.012936
0.000936
-0.011236
-0.023471
-0.035923
-0.049135
-0.063856
-0.080709
-0.100171
-0.122307
-0.146580
-0.172081
-0.197806
-0.222863
-0.246572
-0.268485
-0.288361
-0.306120
-0.321801
-0.331555
-0.437741
-0.419287
-0.398071
-0.373893
-0.346651
-0.316393
-0.283392
-0.248224
-0.211832
-0.175523
-0.140846
-0.109298
-0.081922
-0.059102
-0.040677
-0.025461
-0.011874
0.000976
0.013399
0.025296
0.036294
0.045831
0.053164
0.057346
0.057346
0.053163
0.045829
0.036287
0.025274
0.013363
0.000969
-0.011677
-0.024617
-0.038322
-0.053841
-0.072560
-0.095404
-0.122711
-0.154124
-0.188495
-0.224283
-0.259954
-0.294247
-0.326278
-0.355529
-0.381773
-0.404997
-0.425325
-0.437741
-0.545818
-0.523390
-0.497479
-0.467792
-0.434139
-0.396505
-0.355144
-0.310694
-0.264278
-0.217546
-0.172561
-0.131472
-0.095970
-0.066949
-0.044463
-0.027001
-0.012320
0.000999
0.013621
0.025634
0.036737
0.046374
0.053788
0.058019
0.058019
0.053787
0.046367
0.036716
0.025583
0.013542
0.000985
-0.011954
-0.025542
-0.040638
-0.058852
-0.082194
-0.111765
-0.147605
-0.188829
-0.233622
-0.279812
-0.325377
-0.368747
-0.408893
-0.445258
-0.477652
-0.506135
-0.530927
-0.545818
-0.655893
-0.629632
-0.599184
-0.564157
-0.524269
-0.479431
-0.429868
-0.376253
-0.319855
-0.262618
-0.207080
-0.156019
-0.111818
-0.075971
-0.048875
-0.028785
-0.012812
0.001021
0.013789
0.025823
0.036932
0.046587
0.054025
0.058272
0.058271
0.054022
0.046572
0.036885
0.025718
0.013641
0.000997
-0.012222
-0.026563
-0.043324
-0.064691
-0.093270
-0.130222
-0.175165
-0.226601
-0.282026
-0.338656
-0.394033
-0.446333
-0.494410
-0.537696
-0.576048
-0.609610
-0.638700
-0.655893
-0.767909
-0.737948
-0.703108
-0.662897
-0.616934
-0.565049
-0.507421
-0.444744
-0.378405
-0.310607
-0.244321
-0.182929
-0.129525
-0.086274
-0.054035
-0.030922
-0.013411
0.001048
0.013974
0.025990
0.037054
0.046684
0.054118
0.058368
0.058367
0.054110
0.046652
0.036962
0.025803
0.013730
0.001010
-0.012544
-0.027805
-0.046540
-0.071522
-0.105920
-0.150842
-0.205377
-0.267353
-0.333561
-0.400647
-0.465761
-0.526857
-0.582703
-0.632734
-0.676868
-0.715342
-0.748575
-0.767909
-0.881747
-0.848208
-0.809112
-0.763863
-0.711976
-0.653192
-0.587630
-0.515985
-0.439742
-0.361337
-0.284138
-0.212108
-0.149050
-0.097864
-0.059976
-0.033446
-0.014139
0.001082
0.014208
0.026191
0.037175
0.046751
0.054162
0.058406
0.058403
0.054145
0.046690
0.037015
0.025888
0.013836
0.001027
-0.012947
-0.029315
-0.050339
-0.079386
-0.120149
-0.173581
-0.238137
-0.310923
-0.388040
-0.465590
-0.540369
-0.610138
-0.673600
-0.730210
-0.779963
-0.823191
-0.860423
-0.881747
-0.997265
-0.960265
-0.917042
-0.866893
-0.809227
-0.743683
-0.670312
-0.589793
-0.503685
-0.414633
-0.326379
-0.243441
-0.170327
-0.110714
-0.066696
-0.036367
-0.015006
0.001123
0.014507
0.026455
0.037331
0.046823
0.054194
0.058423
0.058417
0.054162
0.046717
0.037072
0.025996
0.013975
0.001049
-0.013441
-0.031111
-0.054735
-0.088280
-0.135925
-0.198360
-0.273315
-0.357146
-0.445275
-0.533292
-0.617665
-0.695988
-0.766918
-0.829951
-0.885164
-0.932998
-0.974094
-0.997265
-1.114316
-1.073965
-1.026737
-0.971822
-0.908514
-0.836348
-0.755292
-0.665992
-0.570064
-0.470335
-0.370900
-0.276813
-0.193282
-0.124790
-0.074185
-0.039685
-0.016012
0.001173
0.014877
0.026796
0.037540
0.046920
0.054229
0.058436
0.058425
0.054173
0.046748
0.037149
0.026141
0.014155
0.001076
-0.014033
-0.033198
-0.059730
-0.098193
-0.153206
-0.225093
-0.310782
-0.405865
-0.505093
-0.603573
-0.697465
-0.784223
-0.862479
-0.931781
-0.992304
-1.044602
-1.089431
-1.114316
-1.232760
-1.189161
-1.138045
-1.078490
-1.009674
-0.931021
-0.842402
-0.744419
-0.638720
-0.528297
-0.417572
-0.312120
-0.217842
-0.140054
-0.082430
-0.043398
-0.017161
0.001231
0.015324
0.027224
0.037815
0.047053
0.054279
0.058450
0.058431
0.054187
0.046790
0.037254
0.026333
0.014382
0.001108
-0.014725
-0.035579
-0.065318
-0.109105
-0.171946
-0.253695
-0.350422
-0.456936
-0.567338
-0.676264
-0.779598
-0.874670
-0.960109
-1.035533
-1.101220
-1.157847
-1.206286
-1.232760
-1.352459
-1.305713
-1.250821
-1.186748
-1.112555
-1.027545
-0.931487
-0.824919
-0.709508
-0.588382
-0.466275
-0.349264
-0.243941
-0.156469
-0.091417
-0.047504
-0.018451
0.001297
0.015850
0.027747
0.038165
0.047232
0.054348
0.058471
0.058439
0.054206
0.046850
0.037395
0.026577
0.014658
0.001146
-0.015519
-0.038254
-0.071498
-0.121001
-0.192100
-0.284088
-0.392124
-0.510230
-0.631864
-0.751212
-0.863902
-0.967166
-1.059648
-1.141048
-1.211760
-1.272585
-1.324517
-1.352459
-1.473289
-1.423492
-1.364930
-1.296457
-1.217013
-1.125774
-1.022400
-0.907350
-0.782291
-0.650468
-0.516901
-0.388157
-0.271514
-0.174001
-0.101133
-0.052000
-0.019884
0.001372
0.016457
0.028369
0.038600
0.047464
0.054444
0.058502
0.058452
0.054235
0.046933
0.037579
0.026880
0.014986
0.001190
-0.016414
-0.041224
-0.078265
-0.133862
-0.213624
-0.316200
-0.435790
-0.565629
-0.698538
-0.828274
-0.950229
-1.061561
-1.160947
-1.248181
-1.323782
-1.388679
-1.443991
-1.473289
-1.595132
-1.542374
-1.480246
-1.407489
-1.322915
-1.225576
-1.115006
-0.991581
-0.856944
-0.714439
-0.569351
-0.428720
-0.300504
-0.192616
-0.111566
-0.056884
-0.021459
0.001455
0.017146
0.029093
0.039124
0.047757
0.054572
0.058545
0.058471
0.054275
0.047043
0.037811
0.027244
0.015369
0.001240
-0.017412
-0.044490
-0.085616
-0.147671
-0.236478
-0.349961
-0.481331
-0.623023
-0.767236
-0.907315
-1.038440
-1.157715
-1.263866
-1.356796
-1.437153
-1.506002
-1.564586
-1.595132
-1.717880
-1.662248
-1.596654
-1.519722
-1.430140
-1.326824
-1.209182
-1.077488
-0.933350
-0.780189
-0.623533
-0.470878
-0.330858
-0.212283
-0.122703
-0.062154
-0.023177
0.001547
0.017919
0.029923
0.039742
0.048116
0.054736
0.058605
0.058500
0.054331
0.047185
0.038096
0.027675
0.015808
0.001296
-0.018515
-0.048052
-0.093547
-0.162412
-0.260622
-0.385310
-0.528662
-0.682313
-0.837845
-0.988212
-1.128407
-1.255498
-1.368278
-1.466766
-1.551752
-1.624435
-1.686187
-1.717880
-1.841431
-1.783012
-1.714046
-1.633047
-1.538573
-1.429403
-1.304810
-1.164958
-1.011402
-0.847619
-0.679361
-0.514562
-0.362525
-0.232970
-0.134531
-0.067807
-0.025038
0.001648
0.018777
0.030861
0.040459
0.048548
0.054943
0.058686
0.058540
0.054405
0.047363
0.038438
0.028174
0.016303
0.001358
-0.019722
-0.051912
-0.102055
-0.178068
-0.286020
-0.422189
-0.577707
-0.743404
-0.910258
-1.070852
-1.220010
-1.354789
-1.474062
-1.577976
-1.667465
-1.743869
-1.808689
-1.841431
-1.965695
-1.904567
-1.832323
-1.747361
-1.648109
-1.533206
-1.401783
-1.253884
-1.090997
-0.916636
-0.736755
-0.559708
-0.395459
-0.254650
-0.147037
-0.073840
-0.027044
0.001758
0.019721
0.031909
0.041278
0.049056
0.055197
0.058790
0.058596
0.054502
0.047582
0.038840
0.028745
0.016857
0.001426
-0.021035
-0.056070
-0.111136
-0.194621
-0.312637
-0.460544
-0.628393
-0.806208
-0.984376
-1.155126
-1.313139
-1.455477
-1.581108
-1.690318
-1.784189
-1.864205
-1.931995
-1.965695
-2.090585
-2.026828
-1.951395
-1.862570
-1.758651
-1.638133
-1.500002
-1.344168
-1.172041
-0.987153
-0.795639
-0.606255
-0.429615
-0.277295
-0.160210
-0.080252
-0.029195
0.001877
0.020752
0.033069
0.042202
0.049646
0.055503
0.058922
0.058669
0.054624
0.047845
0.039307
0.029388
0.017469
0.001500
-0.022455
-0.060529
-0.120786
-0.212057
-0.340439
-0.500322
-0.680652
-0.870643
-1.060105
-1.240934
-1.407690
-1.557458
-1.689313
-1.803691
-1.901825
-1.985348
-2.056016
-2.090585
-2.216024
-2.149712
-2.071175
-1.978585
-1.870108
-1.744092
-1.599372
-1.435718
-1.254446
-1.059090
-0.855943
-0.654146
-0.464953
-0.300880
-0.174037
-0.087038
-0.031490
0.002004
0.021871
0.034342
0.043233
0.050320
0.055864
0.059086
0.058765
0.054777
0.048157
0.039840
0.030106
0.018142
0.001581
-0.023984
-0.065288
-0.131000
-0.230358
-0.369394
-0.541475
-0.734419
-0.936632
-1.137357
-1.328182
-1.503566
-1.660634
-1.798583
-1.918003
-2.020286
-2.107213
-2.180670
-2.216024
-2.341938
-2.273144
-2.191588
-2.095327
-1.982397
-1.850998
-1.699807
-1.528448
-1.338128
-1.132368
-0.917599
-0.703325
-0.501432
-0.325379
-0.188505
-0.094196
-0.033931
0.002141
0.023079
0.035731
0.044374
0.051081
0.056285
0.059286
0.058886
0.054962
0.048520
0.040443
0.030900
0.018876
0.001669
-0.025622
-0.070348
-0.141774
-0.249509
-0.399473
-0.583958
-0.789635
-1.004100
-1.216050
-1.416783
-1.600678
-1.764916
-1.908829
-2.033167
-2.139489
-2.229720
-2.305879
-2.341938
-2.468263
-2.397055
-2.312559
-2.212720
-2.095440
-1.958769
-1.801225
-1.622275
-1.423010
-1.206915
-0.980544
-0.753743
-0.539014
-0.350769
-0.203604
-0.101723
-0.036517
0.002288
0.024379
0.037237
0.045626
0.051933
0.056770
0.059526
0.059037
0.055184
0.048938
0.041118
0.031772
0.019671
0.001763
-0.027371
-0.075711
-0.153103
-0.269494
-0.430644
-0.627726
-0.846239
-1.072979
-1.296107
-1.506655
-1.698939
-1.870219
-2.019968
-2.149105
-2.259356
-2.352797
-2.431575
-2.468263
-2.594936
-2.521381
-2.434024
-2.330695
-2.209165
-2.067332
-1.903551
-1.717126
-1.509018
-1.282664
-1.044718
-0.805350
-0.577664
-0.377027
-0.219322
-0.109615
-0.039249
0.002443
0.025771
0.038863
0.046992
0.052877
0.057321
0.059810
0.059221
0.055447
0.049413
0.041865
0.032724
0.020530
0.001863
-0.029231
-0.081375
-0.164980
-0.290298
-0.462881
-0.672737
-0.904179
-1.143202
-1.377454
-1.597718
-1.798272
-1.976464
-2.131922
-2.265742
-2.379817
-2.476375
-2.557692
-2.594936
-2.721902
-2.646064
-2.555919
-2.449187
-2.323503
-2.176617
-2.006712
-1.812928
-1.596082
-1.359549
-1.110063
-0.858097
-0.617346
-0.404130
-0.235646
-0.117867
-0.042126
0.002608
0.027257
0.040610
0.048475
0.053917
0.057941
0.060140
0.059441
0.055754
0.049948
0.042689
0.033756
0.021453
0.001971
-0.031204
-0.087341
-0.177401
-0.311905
-0.496156
-0.718950
-0.963399
-1.214707
-1.460020
-1.689899
-1.898601
-2.083577
-2.244622
-2.383010
-2.500806
-2.600391
-2.684171
-2.721902
-2.849108
-2.771050
-2.678189
-2.568135
-2.438394
-2.286559
-2.110644
-1.909614
-1.684137
-1.437508
-1.176524
-0.911941
-0.658028
-0.432057
-0.252567
-0.126477
-0.045149
0.002782
0.028839
0.042481
0.050075
0.055055
0.058635
0.060522
0.059703
0.056107
0.050545
0.043590
0.034871
0.022442
0.002085
-0.033290
-0.093608
-0.190360
-0.334302
-0.530442
-0.766326
-1.023851
-1.287433
-1.543741
-1.783130
-1.999857
-2.191490
-2.357999
-2.500843
-2.622262
-2.724789
-2.810956
-2.849108
-2.976507
-2.896287
-2.800780
-2.687486
-2.553779
-2.397097
-2.215283
-2.007121
-1.773121
-1.516484
-1.244050
-0.966839
-0.699676
-0.460787
-0.270073
-0.135441
-0.048317
0.002966
0.030517
0.044479
0.051797
0.056292
0.059403
0.060958
0.060009
0.056511
0.051208
0.044569
0.036069
0.023497
0.002207
-0.035491
-0.100176
-0.203851
-0.357473
-0.565714
-0.814829
-1.085485
-1.361325
-1.628553
-1.877345
-2.101972
-2.300137
-2.471990
-2.619182
-2.744128
-2.849513
-2.937996
-2.976507
-3.104053
-3.021729
-2.923644
-2.807188
-2.669603
-2.508176
-2.320572
-2.105391
-1.862976
-1.596421
-1.312590
-1.022748
-0.742259
-0.490299
-0.288153
-0.144754
-0.051630
0.003160
0.032293
0.046604
0.053641
0.057632
0.060250
0.061451
0.060363
0.056969
0.051938
0.045630
0.037354
0.024620
0.002335
-0.037807
-0.107043
-0.217867
-0.381405
-0.601947
-0.864421
-1.148255
-1.436326
-1.714397
-1.972481
-2.204886
-2.409458
-2.586539
-2.737973
-2.866352
-2.974514
-3.065245
-3.104053
-3.231708
-3.147334
-3.046735
-2.927191
-2.785817
-2.619741
-2.426454
-2.204367
-1.953646
-1.677265
-1.382098
-1.079629
-0.785748
-0.520574
-0.306797
-0.154412
-0.055086
0.003363
0.034169
0.048861
0.055610
0.059075
0.061177
0.062005
0.060768
0.057483
0.052737
0.046773
0.038725
0.025812
0.002471
-0.040239
-0.114210
-0.232404
-0.406082
-0.639116
-0.915067
-1.212117
-1.512386
-1.801217
-2.068481
-2.308539
-2.519396
-2.701590
-2.857163
-2.988886
-3.099747
-3.192660
-3.231708
-3.359433
-3.273063
-3.170011
-3.047453
-2.902372
-2.731744
-2.532879
-2.303997
-2.045079
-1.758968
-1.452527
-1.137444
-0.830113
-0.551593
-0.325994
-0.164411
-0.058686
0.003576
0.036146
0.051251
0.057708
0.060626
0.062187
0.062623
0.061228
0.058056
0.053608
0.048000
0.040186
0.027075
0.002614
-0.042788
-0.121674
-0.247454
-0.431492
-0.677199
-0.966734
-1.277027
-1.589455
-1.888957
-2.165288
-2.412877
-2.629898
-2.817092
-2.976704
-3.111682
-3.225168
-3.320199
-3.359433
-3.487194
-3.398878
-3.293434
-3.167933
-3.019227
-2.844138
-2.639798
-2.404230
-2.137225
-1.841481
-1.523834
-1.196156
-0.875327
-0.583337
-0.345735
-0.174748
-0.062429
0.003799
0.038224
0.053777
0.059936
0.062286
0.063283
0.063308
0.061746
0.058691
0.054552
0.049315
0.041737
0.028409
0.002764
-0.045453
-0.129434
-0.263011
-0.457620
-0.716171
-1.019389
-1.342943
-1.667484
-1.977568
-2.262850
-2.517847
-2.740912
-2.932998
-3.096551
-3.234701
-3.350739
-3.447825
-3.487194
-3.614958
-3.524745
-3.416968
-3.288590
-3.136339
-2.956880
-2.747166
-2.505021
-2.230036
-1.924758
-1.595978
-1.255729
-0.921361
-0.615787
-0.366007
-0.185417
-0.066314
0.004031
0.040406
0.056442
0.062297
0.064057
0.064467
0.064063
0.062325
0.059390
0.055573
0.050717
0.043382
0.029816
0.002922
-0.048235
-0.137488
-0.279070
-0.484454
-0.756010
-1.072999
-1.409827
-1.746428
-2.066999
-2.361118
-2.623401
-2.852393
-3.049262
-3.216662
-3.357901
-3.476422
-3.575506
-3.614958
-3.742696
-3.650634
-3.540578
-3.409391
-3.253670
-3.069930
-2.854940
-2.606324
-2.323469
-2.008756
-1.668917
-1.316130
-0.968189
-0.648926
-0.386803
-0.196416
-0.070340
0.004274
0.042693
0.059247
0.064796
0.065943
0.065742
0.064891
0.062969
0.060158
0.056672
0.052210
0.045122
0.031298
0.003087
-0.051135
-0.145835
-0.295624
-0.511979
-0.796695
-1.127534
-1.477639
-1.826244
-2.157205
-2.460042
-2.729491
-2.964295
-3.165844
-3.336998
-3.481248
-3.602183
-3.703208
-3.742696
-3.870382
-3.776516
-3.664236
-3.530301
-3.371186
-3.183249
-2.963081
-2.708098
-2.417481
-2.093434
-1.742615
-1.377324
-1.015785
-0.682735
-0.408112
-0.207739
-0.074506
0.004526
0.045085
0.062195
0.067434
0.067947
0.067111
0.065795
0.063680
0.060996
0.057852
0.053797
0.046959
0.032856
0.003260
-0.054152
-0.154473
-0.312666
-0.540184
-0.838204
-1.182964
-1.546343
-1.906889
-2.248140
-2.559580
-2.836075
-3.076578
-3.282704
-3.457524
-3.604707
-3.727992
-3.830902
-3.870382
-3.997990
-3.902363
-3.787911
-3.651291
-3.488853
-3.296803
-3.071549
-2.810304
-2.512031
-2.178751
-1.817033
-1.439280
-1.064125
-0.717199
-0.429924
-0.219382
-0.078812
0.004788
0.047583
0.065290
0.070214
0.070071
0.068575
0.066777
0.064461
0.061906
0.059115
0.055478
0.048895
0.034491
0.003441
-0.057287
-0.163401
-0.330191
-0.569054
-0.880515
-1.239259
-1.615902
-1.988322
-2.339763
-2.659688
-2.943111
-3.189202
-3.399806
-3.578204
-3.728247
-3.853819
-3.958562
-3.997990
-4.125497
-4.028151
-3.911577
-3.772331
-3.606640
-3.410558
-3.180311
-2.912904
-2.607082
-2.264671
-1.892136
-1.501967
-1.113184
-0.752300
-0.452229
-0.231342
-0.083256
0.005060
0.050189
0.068532
0.073140
0.072318
0.070139
0.067840
0.065316
0.062892
0.060463
0.057257
0.050933
0.036204
0.003629
-0.060540
-0.172615
-0.348191
-0.598578
-0.923609
-1.296392
-1.686282
-2.070506
-2.432032
-2.760325
-3.050559
-3.302129
-3.517114
-3.699008
-3.851838
-3.979637
-4.086162
-4.125497
-4.252882
-4.153858
-4.035209
-3.893395
-3.724518
-3.524482
-3.289332
-3.015863
-2.702596
-2.351156
-1.967891
-1.565355
-1.162938
-0.788021
-0.475019
-0.243614
-0.087838
0.005341
0.052902
0.071925
0.076216
0.074692
0.071805
0.068989
0.066246
0.063957
0.061899
0.059137
0.053074
0.037996
0.003825
-0.063910
-0.182115
-0.366662
-0.628743
-0.967465
-1.354335
-1.757449
-2.153402
-2.524908
-2.861454
-3.158384
-3.415327
-3.634598
-3.819905
-3.975453
-4.105420
-4.213678
-4.252882
-4.380125
-4.279462
-4.158785
-4.014458
-3.842461
-3.638548
-3.398582
-3.119147
-2.798540
-2.438173
-2.044265
-1.629416
-1.213364
-0.824348
-0.498283
-0.256195
-0.092557
0.005633
0.055725
0.075471
0.079444
0.077195
0.073577
0.070224
0.067256
0.065102
0.063426
0.061119
0.055322
0.039869
0.004029
-0.067398
-0.191898
-0.385597
-0.659537
-1.012063
-1.413061
-1.829371
-2.236975
-2.618356
-2.963038
-3.266549
-3.528761
-3.752227
-3.940868
-4.099068
-4.231147
-4.341091
-4.380125
-4.507207
-4.404943
-4.282284
-4.135497
-3.960443
-3.752727
-3.508031
-3.222726
-2.894880
-2.525689
-2.121226
-1.694122
-1.264441
-0.861263
-0.522014
-0.269079
-0.097411
0.005934
0.058657
0.079173
0.082827
0.079833
0.075456
0.071550
0.068348
0.066331
0.065046
0.063207
0.057678
0.041825
0.004241
-0.071004
-0.201961
-0.404989
-0.690946
-1.057385
-1.472544
-1.902017
-2.321191
-2.712339
-3.065041
-3.375023
-3.642402
-3.869974
-4.061872
-4.222658
-4.356794
-4.468379
-4.507207
-4.634114
-4.530284
-4.405686
-4.256491
-4.078440
-3.866993
-3.617650
-3.326570
-2.991587
-2.613672
-2.198744
-1.759445
-1.316146
-0.898752
-0.546201
-0.282263
-0.102399
0.006245
0.061700
0.083031
0.086370
0.082607
0.077448
0.072970
0.069525
0.067647
0.066763
0.065404
0.060145
0.043863
0.004461
-0.074727
-0.212304
-0.424832
-0.722961
-1.103411
-1.532758
-1.975356
-2.406016
-2.806824
-3.167432
-3.483774
-3.756220
-3.987810
-4.182891
-4.346201
-4.482343
-4.595525
-4.634114
-4.760828
-4.655468
-4.528972
-4.377419
-4.196432
-3.981324
-3.727414
-3.430650
-3.088629
-2.702092
-2.276790
-1.825360
-1.368458
-0.936800
-0.570835
-0.295743
-0.107521
0.006566
0.064854
0.087049
0.090075
0.085522
0.079555
0.074486
0.070789
0.069053
0.068579
0.067712
0.062725
0.045986
0.004689
-0.078566
-0.222923
-0.445121
-0.755567
-1.150123
-1.593680
-2.049360
-2.491420
-2.901778
-3.270178
-3.592773
-3.870189
-4.105713
-4.303905
-4.469678
-4.607774
-4.722512
-4.760828
-4.887336
-4.780479
-4.652126
-4.498263
-4.314398
-4.095696
-3.837299
-3.534941
-3.185979
-2.790920
-2.355336
-1.891841
-1.421357
-0.975392
-0.595909
-0.309515
-0.112775
0.006897
0.068119
0.091229
0.093946
0.088581
0.081780
0.076102
0.072145
0.070552
0.070497
0.070134
0.065421
0.048194
0.004925
-0.082523
-0.233816
-0.465848
-0.788755
-1.197502
-1.655285
-2.123999
-2.577370
-2.997171
-3.373251
-3.701992
-3.984283
-4.223658
-4.424892
-4.593069
-4.733071
-4.849323
-4.887336
-5.013625
-4.905303
-4.775132
-4.619006
-4.432318
-4.210089
-3.947281
-3.639416
-3.283611
-2.880129
-2.434356
-1.958864
-1.474822
-1.014514
-0.621413
-0.323574
-0.118160
0.007238
0.071496
0.095573
0.097987
0.091790
0.084128
0.077822
0.073595
0.072146
0.072521
0.072674
0.068235
0.050488
0.005170
-0.086597
-0.244982
-0.487009
-0.822513
-1.245532
-1.717549
-2.199248
-2.663839
-3.092973
-3.476621
-3.811405
-4.098477
-4.341625
-4.545832
-4.716357
-4.858218
-4.975945
-5.013625
-5.139683
-5.029928
-4.897976
-4.739632
-4.550175
-4.324482
-4.057339
-3.744053
-3.381499
-2.969694
-2.513823
-2.026406
-1.528834
-1.054151
-0.647338
-0.337917
-0.123676
0.007588
0.074986
0.100082
0.102200
0.095150
0.086602
0.079648
0.075143
0.073839
0.074654
0.075335
0.071169
0.052870
0.005422
-0.090786
-0.256417
-0.508596
-0.856828
-1.294195
-1.780450
-2.275078
-2.750798
-3.189156
-3.580263
-3.920986
-4.212751
-4.459592
-4.666707
-4.839526
-4.983199
-5.102365
-5.139683
-5.265499
-5.154341
-5.020645
-4.860126
-4.667952
-4.438857
-4.167452
-3.848829
-3.479619
-3.059588
-2.593713
-2.094444
-1.583373
-1.094289
-0.673677
-0.352540
-0.129320
0.007948
0.078588
0.104759
0.106590
0.098668
0.089206
0.081585
0.076791
0.075634
0.076899
0.078120
0.074226
0.055341
0.005682
-0.095092
-0.268119
-0.530605
-0.891691
-1.343474
-1.843966
-2.351465
-2.838219
-3.285694
-3.684151
-4.030713
-4.327081
-4.577541
-4.787501
-4.962560
-5.108002
-5.228569
-5.265499
-5.391062
-5.278531
-5.143125
-4.980475
-4.785634
-4.553198
-4.277601
-3.953722
-3.577948
-3.149788
-2.674002
-2.162955
-1.638423
-1.134916
-0.700421
-0.367438
-0.135093
0.008317
0.082304
0.109605
0.111160
0.102345
0.091944
0.083635
0.078543
0.077535
0.079260
0.081032
0.077408
0.057901
0.005951
-0.099513
-0.280087
-0.553028
-0.927089
-1.393352
-1.908076
-2.428384
-2.926077
-3.382560
-3.788260
-4.140563
-4.441449
-4.695455
-4.908197
-5.085444
-5.232614
-5.354548
-5.391062
-5.516365
-5.402487
-5.265406
-5.100665
-4.903207
-4.667488
-4.387768
-4.058713
-3.676465
-3.240271
-2.754668
-2.231919
-1.693964
-1.176018
-0.727562
-0.382608
-0.140992
0.008696
0.086134
0.114623
0.115912
0.106188
0.094821
0.085804
0.080403
0.079545
0.081739
0.084074
0.080718
0.060552
0.006228
-0.104050
-0.292317
-0.575861
-0.963013
-1.443813
-1.972758
-2.505810
-3.014347
-3.479730
-3.892567
-4.250516
-4.555836
-4.813315
-5.028780
-5.208167
-5.357022
-5.480289
-5.516365
-5.641397
-5.526201
-5.387477
-5.220684
-5.020656
-4.781711
-4.497935
-4.163783
-3.775149
-3.331016
-2.835688
-2.301314
-1.749978
-1.217581
-0.755091
-0.398046
-0.147016
0.009085
0.090077
0.119814
0.120852
0.110201
0.097841
0.088094
0.082374
0.081668
0.084342
0.087251
0.084157
0.063294
0.006513
-0.108701
-0.304808
-0.599096
-0.999452
-1.494841
-2.037991
-2.583721
-3.103005
-3.577181
-3.997051
-4.360552
-4.670223
-4.931107
-5.149238
-5.330716
-5.481217
-5.605784
-5.641397
-5.766152
-5.649663
-5.509329
-5.340522
-5.137970
-4.895854
-4.608087
-4.268914
-3.873980
-3.422002
-2.917042
-2.371121
-1.806450
-1.259594
-0.783001
-0.413748
-0.153165
0.009483
0.094134
0.125179
0.125981
0.114386
0.101007
0.090509
0.084460
0.083908
0.087072
0.090565
0.087729
0.066128
0.006807
-0.113467
-0.317557
-0.622729
-1.036394
-1.546421
-2.103757
-2.662095
-3.192027
-3.674890
-4.101692
-4.470651
-4.784595
-5.048816
-5.269556
-5.453080
-5.605189
-5.731025
-5.766152
-5.890622
-5.772866
-5.630952
-5.460168
-5.255137
-5.009903
-4.718210
-4.374089
-3.972939
-3.513208
-2.998708
-2.441321
-1.863362
-1.302043
-0.811284
-0.429710
-0.159438
0.009891
0.098306
0.130721
0.131303
0.118750
0.104325
0.093055
0.086665
0.086267
0.089932
0.094020
0.091435
0.069056
0.007108
-0.118347
-0.330562
-0.646754
-1.073830
-1.598536
-2.170036
-2.740909
-3.281392
-3.772837
-4.206468
-4.580796
-4.898935
-5.166428
-5.389723
-5.575248
-5.728928
-5.856002
-5.890622
-6.014802
-5.895803
-5.752337
-5.579613
-5.372145
-5.123846
-4.828288
-4.479293
-4.072010
-3.604616
-3.080668
-2.511895
-1.920698
-1.344917
-0.839933
-0.445929
-0.165833
0.010308
0.102593
0.136440
0.136822
0.123296
0.107800
0.095734
0.088992
0.088751
0.092927
0.097619
0.095278
0.072077
0.007418
-0.123340
-0.343820
-0.671164
-1.111750
-1.651173
-2.236808
-2.820143
-3.371078
-3.871000
-4.311363
-4.690971
-5.013230
-5.283931
-5.509729
-5.697210
-5.852426
-5.980709
-6.014802
-6.138684
-6.018466
-5.873478
-5.698848
-5.488986
-5.237671
-4.938308
-4.584509
-4.171176
-3.696208
-3.162903
-2.582824
-1.978443
-1.388203
-0.868939
-0.462400
-0.172348
0.010735
0.106994
0.142339
0.142540
0.128029
0.111435
0.098552
0.091446
0.091363
0.096061
0.101367
0.099260
0.075194
0.007736
-0.128446
-0.357330
-0.695955
-1.150142
-1.704316
-2.304056
-2.899777
-3.461065
-3.969360
-4.416357
-4.801160
-5.127464
-5.401313
-5.629562
-5.818958
-5.975675
-6.105139
-6.138684
-6.262264
-6.140850
-5.994368
-5.817864
-5.605649
-5.351368
-5.048258
-4.689725
-4.270420
-3.787966
-3.245395
-2.654092
-2.036580
-1.431890
-0.898295
-0.479120
-0.178984
0.011171
0.111511
0.148419
0.148462
0.132954
0.115235
0.101512
0.094031
0.094108
0.099337
0.105266
0.103384
0.078406
0.008063
-0.133665
-0.371088
-0.721120
-1.188999
-1.757951
-2.371762
-2.979791
-3.551334
-4.067899
-4.521434
-4.911348
-5.241626
-5.518562
-5.749213
-5.940483
-6.098667
-6.229285
-6.262264
-6.385537
-6.262949
-6.114999
-5.936655
-5.722126
-5.464926
-5.158127
-4.794926
-4.369727
-3.879874
-3.328126
-2.725682
-2.095096
-1.475966
-0.927994
-0.496085
-0.185739
0.011617
0.116142
0.154681
0.154589
0.138074
0.119207
0.104620
0.096751
0.096989
0.102761
0.109319
0.107651
0.081714
0.008398
-0.138996
-0.385092
-0.746654
-1.228309
-1.812064
-2.439908
-3.060165
-3.641864
-4.166600
-4.626579
-5.021520
-5.355703
-5.635668
-5.868673
-6.061778
-6.221398
-6.353142
-6.385537
-6.508499
-6.384757
-6.235366
-6.055214
-5.838408
-5.578336
-5.267902
-4.900100
-4.469083
-3.971916
-3.411081
-2.797577
-2.153975
-1.520420
-0.958028
-0.513292
-0.192611
0.012072
0.120889
0.161127
0.160926
0.143394
0.123353
0.107881
0.099611
0.100012
0.106335
0.113532
0.112063
0.085119
0.008741
-0.144439
-0.399340
-0.772551
-1.268063
-1.866641
-2.508478
-3.140883
-3.732639
-4.265444
-4.731775
-5.131665
-5.469683
-5.752621
-5.987933
-6.182835
-6.343859
-6.476705
-6.508499
-6.631145
-6.506272
-6.355464
-6.173534
-5.954489
-5.691588
-5.377575
-5.005235
-4.568475
-4.064078
-3.494243
-2.869761
-2.213204
-1.565242
-0.988391
-0.530736
-0.199600
0.012536
0.125751
0.167758
0.167475
0.148919
0.127680
0.111298
0.102615
0.103180
0.110065
0.117906
0.116624
0.088622
0.009093
-0.149993
-0.413830
-0.798807
-1.308252
-1.921669
-2.577455
-3.221926
-3.823640
-4.364416
-4.837009
-5.241768
-5.583556
-5.869412
-6.106987
-6.303648
-6.466047
-6.599969
-6.631145
-6.753473
-6.627487
-6.475287
-6.291609
-6.070361
-5.804676
-5.487134
-5.110319
-4.667889
-4.156344
-3.577597
-2.942221
-2.272769
-1.610419
-1.019075
-0.548415
-0.206705
0.013010
0.130729
0.174575
0.174239
0.154653
0.132192
0.114877
0.105768
0.106498
0.113955
0.122446
0.121334
0.092223
0.009453
-0.155658
-0.428560
-0.825415
-1.348866
-1.977134
-2.646823
-3.303277
-3.914852
-4.463501
-4.942267
-5.351818
-5.697313
-5.986032
-6.225826
-6.424212
-6.587955
-6.722931
-6.753473
-6.875478
-6.748400
-6.594832
-6.409433
-6.186017
-5.917590
-5.596572
-5.215343
-4.767314
-4.248702
-3.661128
-3.014940
-2.332657
-1.655942
-1.050073
-0.566324
-0.213923
0.013492
0.135823
0.181580
0.181221
0.160601
0.136895
0.118623
0.109074
0.109970
0.118009
0.127155
0.126196
0.095923
0.009821
-0.161433
-0.443526
-0.852370
-1.389896
-2.033024
-2.716567
-3.384920
-4.006258
-4.562684
-5.047536
-5.461805
-5.810942
-6.102474
-6.344444
-6.544520
-6.709579
-6.845585
-6.875478
-6.997159
-6.869007
-6.714093
-6.527003
-6.301452
-6.030324
-5.705879
-5.320295
-4.866737
-4.341138
-3.744823
-3.087904
-2.392854
-1.701801
-1.081379
-0.584460
-0.221255
0.013984
0.141032
0.188773
0.188425
0.166767
0.141794
0.122540
0.112538
0.113602
0.122232
0.132037
0.131213
0.099723
0.010198
-0.167317
-0.458727
-0.879667
-1.431332
-2.089325
-2.786672
-3.466839
-4.097843
-4.661951
-5.152803
-5.571717
-5.924436
-6.218731
-6.462836
-6.664567
-6.830916
-6.967929
-6.997159
-7.118513
-6.989305
-6.833068
-6.644312
-6.416661
-6.142872
-5.815047
-5.425167
-4.966149
-4.433639
-3.828668
-3.161101
-2.453349
-1.747985
-1.112986
-0.602820
-0.228699
0.014485
0.146357
0.196156
0.195852
0.173155
0.146893
0.126635
0.116166
0.117399
0.126627
0.137095
0.136385
0.103624
0.010583
-0.173311
-0.474161
-0.907300
-1.473167
-2.146026
-2.857123
-3.549018
-4.189592
-4.761289
-5.258058
-5.681545
-6.037786
-6.334794
-6.580995
-6.784349
-6.951960
-7.089959
-7.118513
-7.239537
-7.109292
-6.951752
-6.761358
-6.531637
-6.255226
-5.924070
-5.529949
-5.065537
-4.526195
-3.912650
-3.234517
-2.514128
-1.794484
-1.144886
-0.621400
-0.236254
0.014995
0.151798
0.203731
0.203506
0.179770
0.152198
0.130913
0.119962
0.121364
0.131201
0.142332
0.141715
0.107625
0.010976
-0.179413
-0.489824
-0.935265
-1.515392
-2.203113
-2.927905
-3.631443
-4.281491
-4.860684
-5.363288
-5.791279
-6.150985
-6.450659
-6.698915
-6.903862
-7.072710
-7.211674
-7.239537
-7.360231
-7.228964
-7.070143
-6.878136
-6.646376
-6.367381
-6.032939
-5.634634
-5.164893
-4.618793
-3.996757
-3.308139
-2.575180
-1.841289
-1.177075
-0.640197
-0.243919
0.015514
0.157354
0.211497
0.211390
0.186616
0.157715
0.135378
0.123931
0.125503
0.135956
0.147753
0.147205
0.111728
0.011378
-0.185624
-0.505716
-0.963556
-1.557996
-2.260577
-2.999005
-3.714100
-4.373526
-4.960125
-5.468484
-5.900910
-6.264024
-6.566318
-6.816594
-7.023101
-7.193161
-7.333069
-7.360231
-7.480591
-7.348320
-7.188239
-6.994643
-6.760875
-6.479332
-6.141649
-5.739212
-5.264207
-4.711422
-4.080976
-3.381955
-2.636494
-1.888390
-1.209544
-0.659207
-0.251692
0.016042
0.163026
0.219457
0.219506
0.193698
0.163448
0.140036
0.128079
0.129822
0.140898
0.153360
0.152857
0.115932
0.011788
-0.191942
-0.521832
-0.992168
-1.600973
-2.318403
-3.070410
-3.796974
-4.465684
-5.059600
-5.573636
-6.010431
-6.376898
-6.681767
-6.934024
-7.142063
-7.313311
-7.454144
-7.480591
-7.600617
-7.467358
-7.306036
-7.110875
-6.875128
-6.591073
-6.250193
-5.843677
-5.363470
-4.804074
-4.165297
-3.455953
-2.698057
-1.935779
-1.242288
-0.678427
-0.259573
0.016579
0.168814
0.227610
0.227857
0.201020
0.169403
0.144893
0.132411
0.134324
0.146032
0.159157
0.158672
0.120240
0.012207
-0.198367
-0.538172
-1.021096
-1.644314
-2.376583
-3.142106
-3.880052
-4.557954
-5.159098
-5.678734
-6.119832
-6.489599
-6.796999
-7.051204
-7.260746
-7.433158
-7.574897
-7.600617
-7.720308
-7.586077
-7.423532
-7.226830
-6.989133
-6.702601
-6.358565
-5.948022
-5.462673
-4.896736
-4.249708
-3.530121
-2.759860
-1.983445
-1.275300
-0.697854
-0.267561
0.017125
0.174718
0.235959
0.236445
0.208585
0.175585
0.149953
0.136932
0.139016
0.151361
0.165146
0.164652
0.124650
0.012633
-0.204898
-0.554733
-1.050335
-1.688009
-2.435103
-3.214081
-3.963322
-4.650322
-5.258609
-5.783768
-6.229108
-6.602123
-6.912011
-7.168128
-7.379145
-7.552699
-7.695325
-7.720308
-7.839663
-7.704474
-7.540726
-7.342506
-7.102885
-6.813910
-6.466760
-6.052240
-5.561810
-4.989402
-4.334199
-3.604449
-2.821892
-2.031380
-1.308575
-0.717484
-0.275654
0.017680
0.180738
0.244504
0.245273
0.216399
0.181999
0.155224
0.141648
0.143902
0.156890
0.171333
0.170800
0.129164
0.013069
-0.211535
-0.571513
-1.079880
-1.732052
-2.493954
-3.286321
-4.046771
-4.742778
-5.358122
-5.888732
-6.338251
-6.714462
-7.026798
-7.284794
-7.497258
-7.671932
-7.815427
-7.839663
-7.958680
-7.822549
-7.657616
-7.457899
-7.216383
-6.924997
-6.574774
-6.156324
-5.660871
-5.082060
-4.418760
-3.678925
-2.884142
-2.079575
-1.342106
-0.737314
-0.283851
0.018243
0.186873
0.253246
0.254343
0.224465
0.188650
0.160710
0.146564
0.148987
0.162624
0.177719
0.177116
0.133782
0.013512
-0.218278
-0.588508
-1.109726
-1.776434
-2.553124
-3.358817
-4.130387
-4.835310
-5.457628
-5.993616
-6.447254
-6.826613
-7.141356
-7.401198
-7.615083
-7.790855
-7.935203
-7.958680
-8.077361
-7.940301
-7.774200
-7.573008
-7.329622
-7.035859
-6.682600
-6.260269
-5.759851
-5.174704
-4.503381
-3.753541
-2.946601
-2.128023
-1.375887
-0.757341
-0.292152
0.018815
0.193123
0.262186
0.263659
0.232787
0.195544
0.166416
0.151686
0.154278
0.168567
0.184308
0.183603
0.138505
0.013964
-0.225125
-0.605718
-1.139868
-1.821148
-2.612603
-3.431555
-4.214159
-4.927909
-5.557118
-6.098414
-6.556112
-6.938570
-7.255681
-7.517338
-7.732618
-7.909468
-8.054651
-8.077361
-8.195703
-8.057730
-7.890477
-7.687831
-7.442601
-7.146490
-6.790236
-6.364070
-5.858741
-5.267324
-4.588053
-3.828285
-3.009258
-2.176713
-1.409912
-0.777561
-0.300555
0.019396
0.199490
0.271324
0.273221
0.241369
0.202686
0.172349
0.157018
0.159778
0.174723
0.191103
0.190262
0.143333
0.014425
-0.232076
-0.623139
-1.170301
-1.866184
-2.672382
-3.504524
-4.298075
-5.020563
-5.656583
-6.203117
-6.664818
-7.050328
-7.369769
-7.633210
-7.849861
-8.027768
-8.173770
-8.195703
-8.313707
-8.174833
-8.006446
-7.802366
-7.555317
-7.256890
-6.897676
-6.467721
-5.957537
-5.359914
-4.672768
-3.903148
-3.072104
-2.225640
-1.444176
-0.797971
-0.309059
0.019986
0.205971
0.280662
0.283033
0.250216
0.210082
0.178514
0.162568
0.165493
0.181098
0.198107
0.197095
0.148265
0.014893
-0.239131
-0.640770
-1.201020
-1.911537
-2.732449
-3.577713
-4.382125
-5.113263
-5.756016
-6.307720
-6.773367
-7.161883
-7.483618
-7.748812
-7.966810
-8.145755
-8.292560
-8.313707
-8.431373
-8.291612
-8.122106
-7.916612
-7.667768
-7.367054
-7.004917
-6.571217
-6.056231
-5.452465
-4.757516
-3.978120
-3.135130
-2.274793
-1.478673
-0.818568
-0.317662
0.020584
0.212568
0.290200
0.293097
0.259330
0.217735
0.184917
0.168340
0.171429
0.187696
0.205324
0.204103
0.153304
0.015370
-0.246289
-0.658608
-1.232021
-1.957198
-2.792796
-3.651113
-4.466298
-5.206001
-5.855407
-6.412215
-6.881754
-7.273232
-7.597224
-7.864143
-8.083464
-8.263428
-8.411021
-8.431373
-8.548701
-8.408065
-8.237457
-8.030568
-7.779952
-7.476980
-7.111956
-6.674554
-6.154818
-5.544972
-4.842289
-4.053194
-3.198328
-2.324167
-1.513398
-0.839350
-0.326365
0.021191
0.219281
0.299940
0.303415
0.268717
0.225652
0.191563
0.174340
0.177591
0.194520
0.212756
0.211288
0.158449
0.015856
-0.253550
-0.676651
-1.263299
-2.003159
-2.853412
-3.724711
-4.550585
-5.298766
-5.954749
-6.516597
-6.989974
-7.384371
-7.710585
-7.979200
-8.199822
-8.380786
-8.529151
-8.548701
-8.665691
-8.524193
-8.352498
-8.144232
-7.891867
-7.586666
-7.218789
-6.777727
-6.253293
-5.637426
-4.927081
-4.128361
-3.261688
-2.373752
-1.548343
-0.860312
-0.335165
0.021806
0.226108
0.309881
0.313988
0.278380
0.233836
0.198459
0.180574
0.183983
0.201576
0.220406
0.218651
0.163701
0.016349
-0.260912
-0.694897
-1.294850
-2.049414
-2.914289
-3.798499
-4.634975
-5.391551
-6.054036
-6.620860
-7.098023
-7.495296
-7.823697
-8.093982
-8.315881
-8.497828
-8.646951
-8.665691
-8.782343
-8.639995
-8.467228
-8.257604
-8.003513
-7.696109
-7.325413
-6.880732
-6.351650
-5.729823
-5.011883
-4.203611
-3.325202
-2.423543
-1.583506
-0.881452
-0.344062
0.022430
0.233050
0.320024
0.324820
0.288321
0.242295
0.205609
0.187047
0.190612
0.208867
0.228277
0.226194
0.169059
0.016851
-0.268375
-0.713343
-1.326667
-2.095955
-2.975417
-3.872467
-4.719460
-5.484347
-6.153261
-6.724999
-7.205896
-7.606004
-7.936560
-8.208487
-8.431643
-8.614554
-8.764421
-8.782343
-8.898659
-8.755472
-8.581646
-8.370682
-8.114887
-7.805308
-7.431825
-6.983566
-6.449884
-5.822155
-5.096688
-4.278937
-3.388863
-2.473530
-1.618878
-0.902767
-0.353055
0.023062
0.240107
0.330371
0.335913
0.298546
0.251031
0.213020
0.193765
0.197482
0.216398
0.236373
0.233919
0.174525
0.017362
-0.275939
-0.731988
-1.358748
-2.142776
-3.036788
-3.946604
-4.804030
-5.577146
-6.252417
-6.829007
-7.313590
-7.716492
-8.049170
-8.322713
-8.547104
-8.730964
-8.881561
-8.898659
-9.014637
-8.870624
-8.695754
-8.483467
-8.225988
-7.914260
-7.538023
-7.086226
-6.547991
-5.914418
-5.181490
-4.354332
-3.452661
-2.523708
-1.654457
-0.924254
-0.362142
0.023703
0.247278
0.340921
0.347267
0.309058
0.260051
0.220697
0.200734
0.204599
0.224174
0.244695
0.241825
0.180099
0.017880
-0.283603
-0.750829
-1.391087
-2.189868
-3.098392
-4.020903
-4.888677
-5.669942
-6.351497
-6.932881
-7.421100
-7.826758
-8.161526
-8.436660
-8.662266
-8.847057
-8.998371
-9.014637
-9.130279
-8.985451
-8.809551
-8.595957
-8.336816
-8.022964
-7.644004
-7.188706
-6.645967
-6.006605
-5.266281
-4.429789
-3.516590
-2.574069
-1.690236
-0.945909
-0.371323
0.024352
0.254564
0.351676
0.358886
0.319860
0.269359
0.228645
0.207960
0.211968
0.232197
0.253248
0.249916
0.185780
0.018407
-0.291366
-0.769863
-1.423680
-2.237226
-3.160221
-4.095353
-4.973393
-5.762726
-6.450497
-7.036616
-7.528424
-7.936799
-8.273627
-8.550326
-8.777128
-8.962834
-9.114852
-9.130279
-9.245586
-9.099953
-8.923037
-8.708153
-8.447370
-8.131419
-7.749766
-7.291006
-6.743808
-6.098711
-5.351056
-4.505299
-3.580642
-2.624607
-1.726210
-0.967730
-0.380596
0.025009
0.261964
0.362635
0.370771
0.330955
0.278959
0.236870
0.215447
0.219593
0.240474
0.262032
0.258192
0.191569
0.018942
-0.299228
-0.789089
-1.456523
-2.284842
-3.222267
-4.169947
-5.058169
-5.855493
-6.549410
-7.140207
-7.635558
-8.046612
-8.385470
-8.663711
-8.891688
-9.078294
-9.231003
-9.245586
-9.360558
-9.214131
-9.036211
-8.820054
-8.557648
-8.239622
-7.855308
-7.393121
-6.841508
-6.190732
-5.435808
-4.580856
-3.644810
-2.675315
-1.762375
-0.989713
-0.389960
0.025674
0.269478
0.373800
0.382923
0.342347
0.288857
0.245378
0.223202
0.227481
0.249006
0.271052
0.266655
0.197467
0.019485
-0.307188
-0.808504
-1.489610
-2.332710
-3.284522
-4.244676
-5.142998
-5.948234
-6.648232
-7.243651
-7.742499
-8.156196
-8.497054
-8.776814
-9.005947
-9.193438
-9.346826
-9.360558
-9.475196
-9.327986
-9.149075
-8.931660
-8.667650
-8.347574
-7.960626
-7.495050
-6.939066
-6.282663
-5.520532
-4.656453
-3.709087
-2.726187
-1.798724
-1.011857
-0.399415
0.026348
0.277106
0.385170
0.395345
0.354039
0.299058
0.254174
0.231230
0.235635
0.257799
0.280309
0.275306
0.203474
0.020037
-0.315245
-0.828106
-1.522938
-2.380823
-3.346978
-4.319532
-5.227873
-6.040945
-6.746957
-7.346944
-7.849244
-8.265549
-8.608378
-8.889634
-9.119905
-9.308265
-9.462320
-9.475196
-9.589501
-9.441518
-9.261629
-9.042970
-8.777376
-8.455272
-8.065720
-7.596788
-7.036478
-6.374499
-5.605222
-4.732085
-3.773466
-2.777216
-1.835254
-1.034157
-0.408959
0.027029
0.284848
0.396746
0.408039
0.366035
0.309565
0.263264
0.239537
0.244062
0.266857
0.289807
0.284145
0.209589
0.020597
-0.323399
-0.847893
-1.556502
-2.429174
-3.409627
-4.394506
-5.312785
-6.133619
-6.845580
-7.450081
-7.955791
-8.374668
-8.719441
-9.002170
-9.233562
-9.422777
-9.577487
-9.589501
-9.703474
-9.554728
-9.373872
-9.153986
-8.886826
-8.562716
-8.170588
-7.698335
-7.133739
-6.466237
-5.689873
-4.807744
-3.837940
-2.828395
-1.871960
-1.056611
-0.418590
0.027719
0.292702
0.408530
0.421006
0.378338
0.320383
0.272653
0.248128
0.252765
0.276182
0.299548
0.293175
0.215814
0.021165
-0.331649
-0.867862
-1.590298
-2.477758
-3.472461
-4.469592
-5.397729
-6.226250
-6.944096
-7.553059
-8.062136
-8.483553
-8.830243
-9.114422
-9.346917
-9.536974
-9.692327
-9.703474
-9.817116
-9.667617
-9.485806
-9.264707
-8.995998
-8.669906
-8.275228
-7.799688
-7.230848
-6.557871
-5.774480
-4.883425
-3.902504
-2.879720
-1.908836
-1.079217
-0.428309
0.028416
0.300669
0.420520
0.434247
0.390950
0.331517
0.282345
0.257008
0.261751
0.285780
0.309533
0.302395
0.222148
0.021741
-0.339995
-0.888012
-1.624321
-2.526568
-3.535473
-4.544781
-5.482698
-6.318833
-7.042503
-7.655876
-8.168279
-8.592201
-8.940781
-9.226391
-9.459972
-9.650856
-9.806841
-9.817116
-9.930429
-9.780185
-9.597431
-9.375133
-9.104893
-8.776839
-8.379639
-7.900845
-7.327801
-6.649398
-5.859038
-4.959123
-3.967150
-2.931184
-1.945878
-1.101970
-0.438114
0.029121
0.308749
0.432717
0.447765
0.403875
0.342971
0.292347
0.266184
0.271023
0.295654
0.319767
0.311809
0.228592
0.022325
-0.348435
-0.908340
-1.658567
-2.575598
-3.598656
-4.620067
-5.567685
-6.411362
-7.140794
-7.758528
-8.274216
-8.700611
-9.051055
-9.338075
-9.572725
-9.764423
-9.921031
-9.930429
-10.043412
-9.892433
-9.708748
-9.485264
-9.213511
-8.883517
-8.483819
-8.001804
-7.424596
-6.740816
-5.943543
-5.034831
-4.031874
-2.982781
-1.983082
-1.124869
-0.448003
0.029835
0.316942
0.445122
0.461560
0.417116
0.354750
0.302664
0.275660
0.280588
0.305808
0.330250
0.321415
0.235145
0.022917
-0.356969
-0.928844
-1.693033
-2.624842
-3.662002
-4.695443
-5.652683
-6.503833
-7.238967
-7.861012
-8.379946
-8.808782
-9.161066
-9.449474
-9.685177
-9.877676
-10.034895
-10.043412
-10.156067
-10.004363
-9.819757
-9.595101
-9.321852
-8.989937
-8.587769
-8.102564
-7.521229
-6.832119
-6.027989
-5.110544
-4.096668
-3.034506
-2.020442
-1.147911
-0.457977
0.030556
0.325246
0.457735
0.475635
0.430676
0.366857
0.313300
0.285441
0.290448
0.316245
0.340986
0.331216
0.241808
0.023518
-0.365596
-0.949522
-1.727713
-2.674293
-3.725505
-4.770902
-5.737688
-6.596240
-7.337017
-7.963326
-8.485467
-8.916714
-9.270812
-9.560589
-9.797330
-9.990617
-10.148437
-10.156067
-10.268396
-10.115974
-9.930459
-9.704645
-9.429915
-9.096101
-8.691487
-8.203122
-7.617700
-6.923305
-6.112374
-5.186258
-4.161528
-3.086353
-2.057956
-1.171093
-0.468033
0.031285
0.333662
0.470556
0.489990
0.444557
0.379297
0.324261
0.295534
0.300609
0.326968
0.351976
0.341213
0.248581
0.024126
-0.374316
-0.970371
-1.762603
-2.723946
-3.789159
-4.846436
-5.822693
-6.688579
-7.434942
-8.065467
-8.590777
-9.024404
-9.380292
-9.671420
-9.909182
-10.103245
-10.261656
-10.268396
-10.380400
-10.227270
-10.040855
-9.813896
-9.537701
-9.202007
-8.794971
-8.303477
-7.714004
-7.014370
-6.196691
-5.261967
-4.226448
-3.138317
-2.095617
-1.194412
-0.478170
0.032021
0.342190
0.483585
0.504627
0.458762
0.392074
0.335551
0.305942
0.311076
0.337983
0.363223
0.351406
0.255464
0.024743
-0.383128
-0.991389
-1.797700
-2.773795
-3.852955
-4.922041
-5.907693
-6.780845
-7.532738
-8.167432
-8.695875
-9.131853
-9.489507
-9.781967
-10.020735
-10.215562
-10.374554
-10.380400
-10.492080
-10.338249
-10.150946
-9.922853
-9.645210
-9.307656
-8.898222
-8.403628
-7.810141
-7.105313
-6.280939
-5.337667
-4.291423
-3.190392
-2.133422
-1.217865
-0.488388
0.032765
0.350828
0.496823
0.519547
0.473294
0.405192
0.347176
0.316672
0.321854
0.349291
0.374729
0.361796
0.262457
0.025368
-0.392032
-1.012574
-1.832999
-2.823835
-3.916889
-4.997709
-5.992682
-6.873035
-7.630401
-8.269220
-8.800759
-9.239058
-9.598457
-9.892229
-10.131990
-10.327568
-10.487132
-10.492080
-10.603436
-10.448914
-10.260732
-10.031519
-9.752442
-9.413047
-9.001238
-8.503573
-7.906108
-7.196129
-6.365113
-5.413352
-4.356447
-3.242574
-2.171367
-1.241450
-0.498686
0.033517
0.359577
0.510269
0.534752
0.488156
0.418654
0.359141
0.327727
0.332945
0.360896
0.386496
0.372384
0.269560
0.026000
-0.401025
-1.033924
-1.868497
-2.874059
-3.980953
-5.073435
-6.077656
-6.965143
-7.727928
-8.370828
-8.905427
-9.346021
-9.707140
-10.002207
-10.242946
-10.439265
-10.599390
-10.603436
-10.714472
-10.559265
-10.370214
-10.139894
-9.859398
-9.518179
-9.104020
-8.603312
-8.001904
-7.286816
-6.449209
-5.489020
-4.421516
-3.294857
-2.209447
-1.265164
-0.509062
0.034276
0.368436
0.523924
0.550242
0.503350
0.432465
0.371449
0.339114
0.344356
0.372802
0.398525
0.383171
0.276774
0.026641
-0.410109
-1.055437
-1.904188
-2.924462
-4.045142
-5.149212
-6.162608
-7.057167
-7.825317
-8.472255
-9.009880
-9.452739
-9.815557
-10.111902
-10.353604
-10.550652
-10.711331
-10.714472
-10.825187
-10.669304
-10.479394
-10.247977
-9.966078
-9.623054
-9.206566
-8.702843
-8.097526
-7.377372
-6.533224
-5.564664
-4.486624
-3.347236
-2.247658
-1.289004
-0.519515
0.035043
0.377405
0.537787
0.566019
0.518878
0.446629
0.384107
0.350836
0.356090
0.385011
0.410820
0.394157
0.284097
0.027289
-0.419281
-1.077109
-1.940070
-2.975039
-4.109449
-5.225036
-6.247536
-7.149102
-7.922565
-8.573497
-9.114114
-9.559213
-9.923709
-10.221314
-10.463966
-10.661731
-10.822955
-10.825187
-10.935583
-10.779032
-10.588272
-10.355771
-10.072482
-9.727671
-9.308876
-8.802166
-8.192973
-7.467794
-6.617155
-5.640282
-4.551767
-3.399708
-2.285996
-1.312968
-0.530045
0.035817
0.386483
0.551859
0.582084
0.534744
0.461149
0.397117
0.362899
0.368152
0.397528
0.423381
0.405345
0.291531
0.027946
-0.428541
-1.098940
-1.976138
-3.025785
-4.173869
-5.300900
-6.332433
-7.240945
-8.019670
-8.674555
-9.218131
-9.665441
-10.031594
-10.330443
-10.574031
-10.772504
-10.934263
-10.935583
-11.045661
-10.888450
-10.696850
-10.463275
-10.178610
-9.832030
-9.410949
-8.901279
-8.288244
-7.558080
-6.700998
-5.715869
-4.616940
-3.452266
-2.324458
-1.337053
-0.540649
0.036598
0.395670
0.566140
0.598438
0.550948
0.476028
0.410486
0.375308
0.380545
0.410355
0.436211
0.416733
0.299075
0.028610
-0.437890
-1.120927
-2.012388
-3.076693
-4.238396
-5.376800
-6.417296
-7.332693
-8.116628
-8.775425
-9.321927
-9.771425
-10.139214
-10.439290
-10.683801
-10.882971
-11.045256
-11.045661
-11.155423
-10.997559
-10.805127
-10.570491
-10.284464
-9.936131
-9.512786
-9.000181
-8.383336
-7.648228
-6.784751
-5.791421
-4.682140
-3.504907
-2.363039
-1.361256
-0.551328
0.037387
0.404965
0.580629
0.615082
0.567495
0.491271
0.424217
0.388067
0.393275
0.423494
0.449312
0.428323
0.306729
0.029282
-0.447324
-1.143067
-2.048817
-3.127759
-4.303024
-5.452730
-6.502119
-7.424341
-8.213438
-8.876107
-9.425504
-9.877163
-10.246568
-10.547855
-10.793276
-10.993132
-11.155937
-11.155423
-11.264871
-11.106361
-10.913106
-10.677418
-10.390044
-10.039975
-9.614387
-9.098873
-8.478250
-7.738235
-6.868411
-5.866936
-4.747361
-3.557626
-2.401735
-1.385576
-0.562080
0.038182
0.414368
0.595327
0.632016
0.584385
0.506880
0.438314
0.401180
0.406344
0.436950
0.462684
0.440115
0.314494
0.029962
-0.456845
-1.165359
-2.085420
-3.178979
-4.367748
-5.528685
-6.586901
-7.515888
-8.310097
-8.976600
-9.528859
-9.982655
-10.353656
-10.656139
-10.902458
-11.102990
-11.266305
-11.264871
-11.374005
-11.214856
-11.020788
-10.784060
-10.495350
-10.143562
-9.715750
-9.197352
-8.572982
-7.828101
-6.951976
-5.942408
-4.812599
-3.610419
-2.440543
-1.410009
-0.572904
0.038985
0.423879
0.610233
0.649242
0.601621
0.522860
0.452783
0.414653
0.419757
0.450725
0.476331
0.452111
0.322368
0.030650
-0.466451
-1.187800
-2.122194
-3.230345
-4.432562
-5.604661
-6.671635
-7.607329
-8.406603
-9.076901
-9.631993
-10.087901
-10.460479
-10.764142
-11.011347
-11.212545
-11.376363
-11.374005
-11.482827
-11.323046
-11.128173
-10.890415
-10.600383
-10.246891
-9.816876
-9.295620
-8.667533
-7.917822
-7.035441
-6.017835
-4.877851
-3.663281
-2.479459
-1.434552
-0.583798
0.039795
0.433496
0.625347
0.666760
0.619204
0.539213
0.467626
0.428488
0.433518
0.464822
0.490253
0.464310
0.330353
0.031345
-0.476141
-1.210388
-2.159134
-3.281855
-4.497462
-5.680652
-6.756318
-7.698663
-8.502955
-9.177009
-9.734904
-10.192900
-10.567037
-10.871865
-11.119943
-11.321798
-11.486111
-11.482827
-11.591338
-11.430932
-11.235262
-10.996484
-10.705144
-10.349964
-9.917765
-9.393674
-8.761901
-8.007397
-7.118806
-6.093214
-4.943112
-3.716209
-2.518479
-1.459204
-0.594763
0.040612
0.443220
0.640669
0.684571
0.637138
0.555942
0.482849
0.442692
0.447630
0.479244
0.504452
0.476713
0.338447
0.032048
-0.485915
-1.233120
-2.196238
-3.333503
-4.562442
-5.756654
-6.840947
-7.789886
-8.599150
-9.276924
-9.837592
-10.297654
-10.673330
-10.979308
-11.228249
-11.430751
-11.595551
-11.591338
-11.699541
-11.538516
-11.342057
-11.102270
-10.809633
-10.452781
-10.018417
-9.491515
-8.856085
-8.096825
-7.202067
-6.168542
-5.008380
-3.769198
-2.557599
-1.483962
-0.605796
0.041436
0.453050
0.656199
0.702675
0.655424
0.573052
0.498454
0.457268
0.462097
0.493992
0.518929
0.489320
0.346651
0.032759
-0.495771
-1.255995
-2.233500
-3.385283
-4.627497
-5.832663
-6.925519
-7.880996
-8.695186
-9.376645
-9.940057
-10.402161
-10.779359
-11.086473
-11.336264
-11.539405
-11.704684
-11.699541
-11.807435
-11.645799
-11.448559
-11.207772
-10.913851
-10.555342
-10.118832
-9.589143
-8.950085
-8.186103
-7.285222
-6.243815
-5.073649
-3.822244
-2.596817
-1.508823
-0.616897
0.042266
0.462985
0.671936
0.721074
0.674063
0.590544
0.514447
0.472220
0.476924
0.509071
0.533687
0.502132
0.354964
0.033477
-0.505709
-1.279010
-2.270918
-3.437192
-4.692623
-5.908674
-7.010029
-7.971991
-8.791062
-9.476169
-10.042298
-10.506423
-10.885124
-11.193360
-11.443990
-11.647759
-11.813512
-11.807435
-11.915023
-11.752781
-11.554769
-11.312992
-11.017798
-10.657647
-10.219010
-9.686556
-9.043899
-8.275231
-7.368270
-6.319030
-5.138916
-3.875344
-2.636128
-1.533785
-0.628064
0.043104
0.473025
0.687880
0.739768
0.693058
0.608421
0.530831
0.487552
0.492112
0.524482
0.548726
0.515150
0.363387
0.034203
-0.515729
-1.302163
-2.308488
-3.489225
-4.757814
-5.984684
-7.094474
-8.062867
-8.886777
-9.575498
-10.144315
-10.610438
-10.990626
-11.299970
-11.551428
-11.755817
-11.922035
-11.915023
-12.022306
-11.859465
-11.660688
-11.417931
-11.121476
-10.759697
-10.318951
-9.783755
-9.137526
-8.364207
-7.451207
-6.394185
-5.204179
-3.928493
-2.675529
-1.558845
-0.639297
0.043948
0.483169
0.704031
0.758757
0.712410
0.626687
0.547609
0.503269
0.507667
0.540228
0.564048
0.528373
0.371919
0.034937
-0.525828
-1.325452
-2.346207
-3.541377
-4.823067
-6.060687
-7.178851
-8.153623
-8.982329
-9.674628
-10.246107
-10.714207
-11.095865
-11.406303
-11.658578
-11.863579
-12.030255
-12.022306
-12.129285
-11.965851
-11.766317
-11.522589
-11.224885
-10.861493
-10.418656
-9.880739
-9.230966
-8.453030
-7.534032
-6.469276
-5.269434
-3.981689
-2.715017
-1.584002
-0.650594
0.044799
0.493416
0.720388
0.778041
0.732120
0.645345
0.564785
0.519374
0.523590
0.556312
0.579654
0.541802
0.380560
0.035678
-0.536008
-1.348875
-2.384070
-3.593644
-4.888376
-6.136681
-7.263158
-8.244256
-9.077716
-9.773561
-10.347675
-10.817730
-11.200841
-11.512360
-11.765442
-11.971046
-12.138173
-12.129285
-12.235962
-12.071941
-11.871657
-11.626968
-11.328026
-10.963035
-10.518123
-9.977509
-9.324219
-8.541699
-7.616744
-6.544302
-5.334676
-4.034927
-2.754589
-1.609252
-0.661955
0.045656
0.503766
0.736951
0.797622
0.752191
0.664397
0.582364
0.535870
0.539887
0.572736
0.595545
0.555438
0.389310
0.036426
-0.546265
-1.372429
-2.422073
-3.646022
-4.953737
-6.212662
-7.347391
-8.334764
-9.172936
-9.872295
-10.449017
-10.921008
-11.305555
-11.618143
-11.872020
-12.078219
-12.245791
-12.235962
-12.342338
-12.177737
-11.976710
-11.731068
-11.430900
-11.064323
-10.617355
-10.074064
-9.417283
-8.630211
-7.699340
-6.619260
-5.399904
-4.088204
-2.794240
-1.634593
-0.673377
0.046520
0.514219
0.753719
0.817499
0.772624
0.683846
0.600348
0.552763
0.556559
0.589501
0.611722
0.569280
0.398168
0.037182
-0.556601
-1.396112
-2.460215
-3.698505
-5.019146
-6.288625
-7.431547
-8.425146
-9.267990
-9.970829
-10.550135
-11.024040
-11.410008
-11.723651
-11.978315
-12.185100
-12.353110
-12.342338
-12.448414
-12.283238
-12.081476
-11.834891
-11.533507
-11.165359
-10.716350
-10.170403
-9.510157
-8.718567
-7.781818
-6.694147
-5.465114
-4.141517
-2.833969
-1.660024
-0.684861
0.047390
0.524773
0.770692
0.837673
0.793419
0.703693
0.618741
0.570054
0.573610
0.606611
0.628187
0.583328
0.407134
0.037945
-0.567013
-1.419922
-2.498490
-3.751090
-5.084598
-6.364568
-7.515624
-8.515400
-9.362875
-10.069163
-10.651027
-11.126828
-11.514200
-11.828886
-12.084326
-12.291689
-12.460131
-12.448414
-12.554193
-12.388448
-12.185957
-11.938437
-11.635848
-11.266141
-10.815110
-10.266527
-9.602843
-8.806765
-7.864177
-6.768961
-5.530304
-4.194861
-2.873771
-1.685541
-0.696406
0.048267
0.535428
0.787869
0.858143
0.814580
0.723943
0.637545
0.587749
0.591043
0.624067
0.644940
0.597583
0.416208
0.038716
-0.577501
-1.443856
-2.536895
-3.803773
-5.150090
-6.440486
-7.599619
-8.605523
-9.457591
-10.167296
-10.751694
-11.229370
-11.618131
-11.933848
-12.190054
-12.397988
-12.566856
-12.554193
-12.659675
-12.493366
-12.290155
-12.041708
-11.737925
-11.366673
-10.913634
-10.362436
-9.695338
-8.894803
-7.946415
-6.843700
-5.595469
-4.248235
-2.913643
-1.711142
-0.708009
0.049149
0.546183
0.805250
0.878910
0.836105
0.744597
0.656765
0.605850
0.608861
0.641871
0.661983
0.612044
0.425390
0.039493
-0.588065
-1.467913
-2.575428
-3.856549
-5.215618
-6.516377
-7.683529
-8.695513
-9.552136
-10.265228
-10.852135
-11.331668
-11.721804
-12.038539
-12.295502
-12.503998
-12.673285
-12.659675
-12.764861
-12.597995
-12.394069
-12.144704
-11.839737
-11.466953
-11.011923
-10.458130
-9.787643
-8.982683
-8.028531
-6.918361
-5.660609
-4.301635
-2.953584
-1.736826
-0.719670
0.050039
0.557038
0.822834
0.899975
0.857998
0.765657
0.676404
0.624360
0.627067
0.660026
0.679316
0.626713
0.434679
0.040278
-0.598702
-1.492090
-2.614084
-3.909415
-5.281178
-6.592236
-7.767353
-8.785370
-9.646510
-10.362959
-10.952351
-11.433722
-11.825217
-12.142959
-12.400669
-12.609721
-12.779421
-12.764861
-12.869754
-12.702335
-12.497701
-12.247427
-11.941286
-11.566982
-11.109977
-10.553609
-9.879757
-9.070401
-8.110523
-6.992943
-5.725719
-4.355057
-2.993589
-1.762589
-0.731388
0.050934
0.567992
0.840621
0.921336
0.880258
0.787126
0.696464
0.643284
0.645664
0.678533
0.696941
0.641588
0.444075
0.041070
-0.609413
-1.516385
-2.652860
-3.962366
-5.346765
-6.668062
-7.851087
-8.875092
-9.740710
-10.460487
-11.052342
-11.535532
-11.928371
-12.247109
-12.505557
-12.715157
-12.885263
-12.869754
-12.974354
-12.806388
-12.601053
-12.349878
-12.042573
-11.666762
-11.207797
-10.648872
-9.971679
-9.157958
-8.192390
-7.067443
-5.790797
-4.408499
-3.033655
-1.788430
-0.743162
0.051835
0.579043
0.858609
0.942994
0.902887
0.809006
0.716948
0.662624
0.664655
0.697394
0.714857
0.656670
0.453578
0.041869
-0.620196
-1.540796
-2.691753
-4.015399
-5.412376
-6.743851
-7.934729
-8.964676
-9.834738
-10.557813
-11.152107
-11.637099
-12.031268
-12.350990
-12.610166
-12.820307
-12.990815
-12.974354
-13.078663
-12.910155
-12.704126
-12.452057
-12.143599
-11.766292
-11.305382
-10.743921
-10.063410
-9.245352
-8.274131
-7.141860
-5.855841
-4.461958
-3.073781
-1.814346
-0.754991
0.052742
0.590193
0.876798
0.964950
0.925886
0.831299
0.737860
0.682383
0.684041
0.716611
0.733067
0.671959
0.463187
0.042676
-0.631051
-1.565321
-2.730759
-4.068510
-5.478008
-6.819600
-8.018278
-9.054122
-9.928591
-10.654936
-11.251647
-11.738422
-12.133908
-12.454603
-12.714499
-12.925173
-13.096077
-13.078663
-13.182682
-13.013638
-12.806920
-12.553965
-12.244363
-11.865574
-11.402734
-10.838754
-10.154950
-9.332584
-8.355744
-7.216191
-5.920848
-4.515430
-3.113962
-1.840336
-0.766873
0.053655
0.601438
0.895187
0.987201
0.949256
0.854006
0.759202
0.702565
0.703827
0.736186
0.751570
0.687455
0.472901
0.043489
-0.641977
-1.589956
-2.769876
-4.121694
-5.543657
-6.895306
-8.101731
-9.143429
-10.022269
-10.751856
-11.350962
-11.839503
-12.236292
-12.557948
-12.818555
-13.029756
-13.201049
-13.182682
-13.286413
-13.116837
-12.909438
-12.655605
-12.344868
-11.964607
-11.499853
-10.933372
-10.246297
-9.419652
-8.437227
-7.290435
-5.985816
-4.568914
-3.154196
-1.866396
-0.778808
0.054574
0.612780
0.913776
1.009750
0.972997
0.877130
0.780977
0.723172
0.724013
0.756119
0.770367
0.703157
0.482721
0.044309
-0.652972
-1.614702
-2.809099
-4.174949
-5.609320
-6.970966
-8.185086
-9.232594
-10.115771
-10.848573
-11.450052
-11.940342
-12.338420
-12.661027
-12.922337
-13.134057
-13.305735
-13.286413
-13.389856
-13.219754
-13.011679
-12.756976
-12.445114
-12.063394
-11.596739
-11.027776
-10.337452
-9.506555
-8.518581
-7.364590
-6.050742
-4.622406
-3.194481
-1.892526
-0.790795
0.055499
0.624216
0.932563
1.032594
0.997110
0.900672
0.803187
0.744207
0.744603
0.776414
0.789458
0.719065
0.492645
0.045136
-0.664035
-1.639554
-2.848427
-4.228271
-5.674993
-7.046578
-8.268341
-9.321617
-10.209097
-10.945086
-11.548917
-12.040939
-12.440293
-12.763840
-13.025844
-13.238077
-13.410134
-13.389856
-13.493014
-13.322390
-13.113645
-12.858079
-12.545102
-12.161934
-11.693393
-11.121965
-10.428415
-9.593293
-8.599803
-7.438654
-6.115625
-4.675903
-3.234814
-1.918722
-0.802832
0.056429
0.635747
0.951547
1.055735
1.021596
0.924635
0.825835
0.765672
0.765599
0.797071
0.808845
0.735179
0.502675
0.045970
-0.675167
-1.664511
-2.887855
-4.281656
-5.740672
-7.122139
-8.351494
-9.410496
-10.302245
-11.041396
-11.647557
-12.141295
-12.541911
-12.866389
-13.129079
-13.341818
-13.514248
-13.493014
-13.595886
-13.424747
-13.215338
-12.958916
-12.644833
-12.260228
-11.789815
-11.215940
-10.519185
-9.679866
-8.680893
-7.512626
-6.180461
-4.729404
-3.275191
-1.944983
-0.814919
0.057365
0.647371
0.970729
1.079171
1.046456
0.949019
0.848924
0.787572
0.787004
0.818091
0.828527
0.751499
0.512808
0.046810
-0.686366
-1.689570
-2.927380
-4.335100
-5.806356
-7.197647
-8.434543
-9.499230
-10.395216
-11.137501
-11.745973
-12.241411
-12.643276
-12.968674
-13.232041
-13.445280
-13.618078
-13.595886
-13.698476
-13.526825
-13.316759
-13.059488
-12.744307
-12.358277
-11.886006
-11.309701
-10.609763
-9.766273
-8.761850
-7.586505
-6.245250
-4.782905
-3.315611
-1.971307
-0.827055
0.058307
0.659088
0.990106
1.102901
1.071689
0.973827
0.872455
0.809907
0.808818
0.839476
0.848505
0.768024
0.523044
0.047657
-0.697630
-1.714731
-2.966999
-4.388601
-5.872040
-7.273098
-8.517488
-9.587818
-10.488008
-11.233403
-11.844165
-12.341286
-12.744388
-13.070696
-13.334733
-13.548465
-13.721626
-13.698476
-13.800784
-13.628625
-13.417907
-13.159796
-12.843526
-12.456081
-11.981965
-11.403248
-10.700147
-9.852513
-8.842673
-7.660287
-6.309988
-4.836404
-3.356071
-1.997691
-0.839237
0.059254
0.670897
1.009678
1.126927
1.097296
0.999059
0.896430
0.832681
0.831045
0.861227
0.868780
0.784755
0.533383
0.048511
-0.708959
-1.739989
-3.006710
-4.442154
-5.937721
-7.348491
-8.600325
-9.676260
-10.580622
-11.329100
-11.942133
-12.440921
-12.845248
-13.172456
-13.437155
-13.651374
-13.824893
-13.800784
-13.902811
-13.730150
-13.518786
-13.259841
-12.942490
-12.553641
-12.077695
-11.496581
-10.790339
-9.938587
-8.923360
-7.733974
-6.374674
-4.889899
-3.396569
-2.024134
-0.851467
0.060206
0.682796
1.029444
1.151246
1.123278
1.024717
0.920853
0.855896
0.853687
0.883345
0.889351
0.801690
0.543825
0.049372
-0.720353
-1.765344
-3.046509
-4.495757
-6.003397
-7.423823
-8.683053
-9.764553
-10.673056
-11.424594
-12.039876
-12.540317
-12.945857
-13.273955
-13.539308
-13.754007
-13.927880
-13.902811
-14.004558
-13.831400
-13.619395
-13.359623
-13.041201
-12.650959
-12.173194
-11.589701
-10.880338
-10.024492
-9.003911
-7.807561
-6.439306
-4.943386
-3.437101
-2.050633
-0.863741
0.061164
0.694785
1.049402
1.175858
1.149634
1.050802
0.945725
0.879555
0.876744
0.905831
0.910218
0.818829
0.554368
0.050239
-0.731809
-1.790793
-3.086393
-4.549407
-6.069065
-7.499093
-8.765672
-9.852698
-10.765310
-11.519883
-12.137397
-12.639474
-13.046215
-13.375193
-13.641193
-13.856367
-14.030588
-14.004558
-14.106028
-13.932376
-13.719736
-13.459144
-13.139659
-12.748034
-12.268464
-11.682607
-10.970144
-10.110230
-9.084325
-7.881050
-6.503882
-4.996865
-3.477666
-2.077187
-0.876060
0.062126
0.706864
1.069552
1.200763
1.176365
1.077315
0.971048
0.903659
0.900220
0.928687
0.931383
0.836172
0.565013
0.051112
-0.743328
-1.816333
-3.126359
-4.603099
-6.134722
-7.574297
-8.848178
-9.940693
-10.857384
-11.614967
-12.234694
-12.738394
-13.146323
-13.476173
-13.742812
-13.958454
-14.133018
-14.106028
-14.207220
-14.033080
-13.819810
-13.558404
-13.237865
-12.844867
-12.363505
-11.775301
-11.059757
-10.195800
-9.164602
-7.954437
-6.568401
-5.050333
-3.518261
-2.103794
-0.888422
0.063094
0.719031
1.089893
1.225960
1.203471
1.104258
0.996823
0.928210
0.924116
0.951913
0.952844
0.853719
0.575758
0.051992
-0.754908
-1.841964
-3.166405
-4.656831
-6.200364
-7.649434
-8.930572
-10.028537
-10.949278
-11.709848
-12.331768
-12.837075
-13.246182
-13.576894
-13.844164
-14.060270
-14.235172
-14.207220
-14.308137
-14.133512
-13.919619
-13.657406
-13.335819
-12.941460
-12.458318
-11.867782
-11.149177
-10.281201
-9.244740
-8.027723
-6.632860
-5.103787
-3.558884
-2.130451
-0.900827
0.064067
0.731285
1.110423
1.251448
1.230953
1.131632
1.023053
0.953211
0.948432
0.975510
0.974602
0.871468
0.586604
0.052878
-0.766548
-1.867682
-3.206527
-4.710601
-6.265990
-7.724501
-9.012850
-10.116229
-11.040990
-11.804524
-12.428620
-12.935520
-13.345792
-13.677357
-13.945252
-14.161815
-14.337051
-14.308137
-14.408780
-14.233675
-14.019162
-13.756149
-13.433524
-13.037812
-12.552903
-11.960051
-11.238404
-10.366434
-9.324738
-8.100905
-6.697257
-5.157225
-3.599532
-2.157158
-0.913272
0.065045
0.743625
1.131141
1.277226
1.258809
1.159436
1.049740
0.978663
0.973172
0.999478
0.996657
0.889419
0.597548
0.053770
-0.778247
-1.893485
-3.246722
-4.764404
-6.331597
-7.799497
-9.095013
-10.203769
-11.132521
-11.898996
-12.525249
-13.033728
-13.445154
-13.777564
-14.046076
-14.263090
-14.438656
-14.408780
-14.509149
-14.333568
-14.118442
-13.854635
-13.530979
-13.133925
-12.647261
-12.052108
-11.327438
-10.451497
-9.404597
-8.173983
-6.761592
-5.210645
-3.640204
-2.183911
-0.925758
0.066027
0.756051
1.152046
1.303294
1.287039
1.187673
1.076884
1.004569
0.998336
1.023819
1.019008
0.907571
0.608592
0.054669
-0.790004
-1.919373
-3.286988
-4.818238
-6.397182
-7.874420
-9.177059
-10.291156
-11.223870
-11.993263
-12.621656
-13.131700
-13.544270
-13.877515
-14.146638
-14.364097
-14.539988
-14.509149
-14.609246
-14.433194
-14.217459
-13.952864
-13.628186
-13.229798
-12.741392
-12.143953
-11.416280
-10.536391
-9.484316
-8.246955
-6.825862
-5.264046
-3.680897
-2.210709
-0.938283
0.067015
0.768561
1.173136
1.329650
1.315644
1.216342
1.104487
1.030929
1.023926
1.048534
1.041656
0.925925
0.619733
0.055573
-0.801819
-1.945341
-3.327322
-4.872100
-6.462743
-7.949268
-9.258986
-10.378390
-11.315038
-12.087327
-12.717842
-13.229437
-13.643139
-13.977211
-14.246938
-14.464837
-14.641048
-14.609246
-14.709073
-14.532552
-14.316214
-14.050838
-13.725145
-13.325434
-12.835297
-12.235587
-11.504928
-10.621115
-9.563893
-8.319821
-6.890066
-5.317425
-3.721609
-2.237551
-0.950847
0.068007
0.781155
1.194411
1.356293
1.344624
1.245445
1.132551
1.057747
1.049943
1.073621
1.064601
0.944478
0.630972
0.056484
-0.813690
-1.971389
-3.367721
-4.925987
-6.528277
-8.024039
-9.340793
-10.465468
-11.406023
-12.181186
-12.813806
-13.326939
-13.741763
-14.076653
-14.346976
-14.565311
-14.741838
-14.709073
-14.808629
-14.631646
-14.414709
-14.148558
-13.821857
-13.420833
-12.928977
-12.327010
-11.593384
-10.705669
-9.643328
-8.392578
-6.954203
-5.370780
-3.762338
-2.264434
-0.963448
0.069004
0.793832
1.215869
1.383222
1.373977
1.274982
1.161076
1.085022
1.076388
1.099083
1.087841
0.963231
0.642308
0.057400
-0.825616
-1.997514
-3.408183
-4.979896
-6.593782
-8.098731
-9.422479
-10.552392
-11.496826
-12.274842
-12.909549
-13.424206
-13.840142
-14.175842
-14.446756
-14.665520
-14.842358
-14.808629
-14.907918
-14.730475
-14.512945
-14.246024
-13.918323
-13.515994
-13.022431
-12.418223
-11.681648
-10.790053
-9.722621
-8.465228
-7.018270
-5.424110
-3.803082
-2.291357
-0.976085
0.070005
0.806590
1.237509
1.410436
1.403704
1.304953
1.190065
1.112757
1.103262
1.124919
1.111377
0.982182
0.653740
0.058323
-0.837596
-2.023714
-3.448704
-5.033826
-6.659256
-8.173343
-9.504044
-10.639160
-11.587446
-12.368293
-13.005072
-13.521240
-13.938277
-14.274779
-14.546276
-14.765464
-14.942610
-14.907918
-15.006938
-14.829040
-14.610921
-14.343237
-14.014544
-13.610920
-13.115661
-12.509225
-11.769719
-10.874267
-9.801771
-8.537767
-7.082267
-5.477412
-3.843839
-2.318318
-0.988757
0.071011
0.819428
1.259329
1.437935
1.433803
1.335359
1.219518
1.140953
1.130567
1.151130
1.135208
1.001331
0.665266
0.059251
-0.849630
-2.049988
-3.489283
-5.087772
-6.724696
-8.247873
-9.585485
-10.725771
-11.677883
-12.461541
-13.100375
-13.618041
-14.036169
-14.373464
-14.645539
-14.865146
-15.042595
-15.006938
-15.105693
-14.927343
-14.708641
-14.440199
-14.110521
-13.705611
-13.208666
-12.600017
-11.857598
-10.958310
-9.880778
-8.610196
-7.146192
-5.530685
-3.884606
-2.345315
-1.001464
0.072021
0.832347
1.281327
1.465716
1.464275
1.366200
1.249436
1.169612
1.158302
1.177716
1.159334
1.020676
0.676888
0.060185
-0.861716
-2.076333
-3.529916
-5.141733
-6.790100
-8.322319
-9.666802
-10.812226
-11.768138
-12.554585
-13.195458
-13.714609
-14.133818
-14.471899
-14.744544
-14.964565
-15.142314
-15.105693
-15.204183
-15.025386
-14.806104
-14.536911
-14.206254
-13.800067
-13.301449
-12.690600
-11.945284
-11.042183
-9.959640
-8.682514
-7.210044
-5.583928
-3.925383
-2.372346
-1.014204
0.073035
0.845343
1.303504
1.493778
1.495119
1.397475
1.279819
1.198733
1.186470
1.204677
1.183754
1.040218
0.688603
0.061125
-0.873853
-2.102746
-3.570601
-5.195705
-6.855466
-8.396679
-9.747994
-10.898523
-11.858209
-12.647426
-13.290321
-13.810946
-14.231225
-14.570084
-14.843294
-15.063724
-15.241768
-15.204183
-15.302409
-15.123168
-14.903311
-14.633373
-14.301745
-13.894289
-13.394009
-12.780974
-12.032779
-11.125885
-10.038359
-8.754719
-7.273822
-5.637137
-3.966166
-2.399410
-1.026976
0.074054
0.858418
1.325856
1.522120
1.526333
1.429186
1.310670
1.228319
1.215070
1.232013
1.208468
1.059955
0.700411
0.062071
-0.886041
-2.129227
-3.611335
-5.249687
-6.920793
-8.470953
-9.829060
-10.984662
-11.948096
-12.740064
-13.384966
-13.907051
-14.328391
-14.668021
-14.941789
-15.162623
-15.340959
-15.302409
-15.400372
-15.220691
-15.000264
-14.729586
-14.396994
-13.988279
-13.486346
-12.871139
-12.120081
-11.209416
-10.116932
-8.826811
-7.337523
-5.690312
-4.006955
-2.426506
-1.039780
0.075077
0.871569
1.348382
1.550741
1.557917
1.461332
1.341988
1.258371
1.244104
1.259724
1.233475
1.079885
0.712311
0.063021
-0.898278
-2.155774
-3.652117
-5.303676
-6.986077
-8.545139
-9.909999
-11.070642
-12.037800
-12.832498
-13.479392
-14.002925
-14.425317
-14.765709
-15.040030
-15.261263
-15.439886
-15.400372
-15.498074
-15.317956
-15.096964
-14.825551
-14.492002
-14.082035
-13.578462
-12.961095
-12.207192
-11.292776
-10.195360
-8.898789
-7.401148
-5.743452
-4.047747
-2.453631
-1.052614
0.076104
0.884795
1.371081
1.579639
1.589871
1.493914
1.373774
1.288888
1.273571
1.287810
1.258774
1.100009
0.724302
0.063978
-0.910563
-2.182383
-3.692942
-5.357669
-7.051317
-8.619235
-9.990810
-11.156464
-12.127321
-12.924729
-13.573599
-14.098569
-14.522003
-14.863150
-15.138018
-15.359645
-15.538552
-15.498074
-15.595515
-15.414964
-15.193411
-14.921269
-14.586770
-14.175561
-13.670356
-13.050844
-12.294112
-11.375966
-10.273643
-8.970652
-7.464694
-5.796554
-4.088541
-2.480784
-1.065478
0.077134
0.898096
1.393952
1.608813
1.622192
1.526930
1.406028
1.319873
1.303473
1.316272
1.284364
1.120325
0.736384
0.064940
-0.922895
-2.209054
-3.733810
-5.411664
-7.116510
-8.693240
-10.071492
-11.242126
-12.216658
-13.016758
-13.667589
-14.193983
-14.618450
-14.960345
-15.235753
-15.457771
-15.636957
-15.595515
-15.692697
-15.511716
-15.289607
-15.016742
-14.681299
-14.268855
-13.762030
-13.140385
-12.380840
-11.458984
-10.351779
-9.042400
-7.528162
-5.849617
-4.129334
-2.507963
-1.078371
0.078169
0.911470
1.416992
1.638261
1.654881
1.560380
1.438751
1.351325
1.333810
1.345107
1.310246
1.140831
0.748555
0.065907
-0.935274
-2.235784
-3.774718
-5.465659
-7.181656
-8.767153
-10.152044
-11.327628
-12.305811
-13.108583
-13.761361
-14.289169
-14.714659
-15.057295
-15.333238
-15.555641
-15.735103
-15.692697
-15.789620
-15.608214
-15.385553
-15.111969
-14.775589
-14.361919
-13.853484
-13.229719
-12.467376
-11.541831
-10.429769
-9.114031
-7.591548
-5.902639
-4.170126
-2.535168
-1.091291
0.079207
0.924916
1.440200
1.667981
1.687936
1.594265
1.471944
1.383245
1.364581
1.374317
1.336417
1.161527
0.760815
0.066879
-0.947699
-2.262572
-3.815662
-5.519651
-7.246753
-8.840972
-10.232466
-11.412970
-12.394781
-13.200207
-13.854917
-14.384126
-14.810631
-15.154000
-15.430472
-15.653255
-15.832990
-15.789620
-15.886286
-15.704458
-15.481249
-15.206952
-14.869642
-14.454753
-13.944718
-13.318845
-12.553722
-11.624506
-10.507613
-9.185546
-7.654854
-5.955619
-4.210913
-2.562395
-1.104238
0.080250
0.938433
1.463575
1.697972
1.721356
1.628584
1.505606
1.415634
1.395788
1.403901
1.362877
1.182412
0.773164
0.067856
-0.960167
-2.289415
-3.856642
-5.573639
-7.311798
-8.914696
-10.312756
-11.498152
-12.483566
-13.291628
-13.948256
-14.478855
-14.906366
-15.250461
-15.527457
-15.750616
-15.930620
-15.886286
-15.982696
-15.800449
-15.576696
-15.301691
-14.963457
-14.547359
-14.035734
-13.407766
-12.639877
-11.707011
-10.585309
-9.256943
-7.718076
-6.008556
-4.251696
-2.589644
-1.117211
0.081295
0.952021
1.487114
1.728232
1.755139
1.663336
1.539737
1.448491
1.427430
1.433859
1.389624
1.203484
0.785599
0.068839
-0.972679
-2.316312
-3.897655
-5.627619
-7.376789
-8.988324
-10.392915
-11.583172
-12.572168
-13.382848
-14.041378
-14.573357
-15.001864
-15.346680
-15.624193
-15.847725
-16.027994
-15.982696
-16.078850
-15.896188
-15.671896
-15.396189
-15.057037
-14.639736
-14.126531
-13.496481
-12.725842
-11.789344
-10.662858
-9.328222
-7.781215
-6.061449
-4.292472
-2.616914
-1.130210
0.082345
0.965678
1.510816
1.758759
1.789284
1.698520
1.574338
1.481819
1.459507
1.464189
1.416659
1.224743
0.798120
0.069826
-0.985234
-2.343261
-3.938698
-5.681591
-7.441726
-9.061855
-10.472941
-11.668031
-12.660586
-13.473865
-14.134285
-14.667632
-15.097128
-15.442656
-15.720682
-15.944581
-16.125112
-16.078850
-16.174751
-15.991677
-15.766849
-15.490444
-15.150381
-14.731886
-14.217111
-13.584990
-12.811616
-11.871506
-10.740259
-9.399382
-7.844270
-6.114295
-4.333239
-2.644202
-1.143232
0.083397
0.979402
1.534680
1.789552
1.823791
1.734136
1.609408
1.515615
1.492019
1.494892
1.443979
1.246186
0.810726
0.070819
-0.997830
-2.370260
-3.979769
-5.735551
-7.506606
-9.135287
-10.552833
-11.752729
-12.748819
-13.564681
-14.226977
-14.761681
-15.192157
-15.538391
-15.816924
-16.041186
-16.221975
-16.174751
-16.270398
-16.086916
-15.861557
-15.584459
-15.243491
-14.823809
-14.307473
-13.673293
-12.897200
-11.953497
-10.817512
-9.470422
-7.907239
-6.167093
-4.373997
-2.671507
-1.156277
0.084454
0.993194
1.558703
1.820609
1.858657
1.770184
1.644948
1.549881
1.524966
1.525966
1.471584
1.267813
0.823417
0.071816
-1.010466
-2.397307
-4.020866
-5.789499
-7.571427
-9.208619
-10.632591
-11.837265
-12.836869
-13.655296
-14.319454
-14.855504
-15.286952
-15.633885
-15.912921
-16.137542
-16.318586
-16.270398
-16.365794
-16.181906
-15.956020
-15.678235
-15.336367
-14.915506
-14.397619
-13.761393
-12.982595
-12.035316
-10.894617
-9.541343
-7.970122
-6.219843
-4.414743
-2.698829
-1.169345
0.085513
1.007051
1.582883
1.851927
1.893880
1.806661
1.680956
1.584617
1.558348
1.557411
1.499472
1.289622
0.836191
0.072818
-1.023142
-2.424401
-4.061988
-5.843431
-7.636189
-9.281851
-10.712215
-11.921639
-12.924735
-13.745710
-14.411716
-14.949103
-15.381514
-15.729140
-16.008673
-16.233648
-16.414944
-16.365794
-16.460938
-16.276648
-16.050239
-15.771771
-15.429011
-15.006978
-14.487548
-13.849287
-13.067799
-12.116964
-10.971574
-9.612142
-8.032917
-6.272543
-4.455476
-2.726165
-1.182434
0.086576
1.020972
1.607220
1.883506
1.929460
1.843568
1.717433
1.619822
1.592165
1.589226
1.527643
1.311612
0.849047
0.073825
-1.035856
-2.451539
-4.103131
-5.897346
-7.700890
-9.354981
-10.791703
-12.005850
-13.012417
-13.835923
-14.503765
-15.042477
-15.475843
-15.824156
-16.104180
-16.329507
-16.511051
-16.460938
-16.555833
-16.371144
-16.144215
-15.865069
-15.521422
-15.098225
-14.577262
-13.936978
-13.152815
-12.198441
-11.048382
-9.682821
-8.095624
-6.325192
-4.496194
-2.753514
-1.195544
0.087641
1.034958
1.631710
1.915341
1.965395
1.880903
1.754379
1.655496
1.626415
1.621410
1.556094
1.333781
0.861985
0.074836
-1.048608
-2.478720
-4.144294
-5.951241
-7.765527
-9.428008
-10.871055
-12.089898
-13.099915
-13.925935
-14.595600
-15.135628
-15.569941
-15.918934
-16.199445
-16.425118
-16.606907
-16.555833
-16.650478
-16.465393
-16.237949
-15.958130
-15.613601
-15.189247
-14.666762
-14.024465
-13.237641
-12.279747
-11.125041
-9.753378
-8.158241
-6.377788
-4.536897
-2.780875
-1.208674
0.088710
1.049005
1.656352
1.947433
2.001683
1.918665
1.791791
1.691639
1.661099
1.653962
1.584824
1.356129
0.875002
0.075852
-1.061396
-2.505942
-4.185475
-6.005116
-7.830101
-9.500932
-10.950271
-12.173784
-13.187229
-14.015747
-14.687221
-15.228555
-15.663808
-16.013474
-16.294467
-16.520483
-16.702514
-16.650478
-16.744876
-16.559398
-16.331442
-16.050955
-15.705551
-15.280047
-14.756046
-14.111750
-13.322278
-12.360881
-11.201550
-9.823814
-8.220769
-6.430331
-4.577583
-2.808247
-1.221823
0.089782
1.063114
1.681145
1.979778
2.038321
1.956853
1.829671
1.728250
1.696216
1.686882
1.613833
1.378653
0.888100
0.076872
-1.074220
-2.533204
-4.226672
-6.058968
-7.894608
-9.573751
-11.029350
-12.257506
-13.274360
-14.105359
-14.778630
-15.321260
-15.757444
-16.107778
-16.389248
-16.615603
-16.797873
-16.744876
-16.839026
-16.653159
-16.424695
-16.143544
-15.797270
-15.370624
-14.845117
-14.198831
-13.406726
-12.441845
-11.277911
-9.894126
-8.283207
-6.482820
-4.618250
-2.835627
-1.234990
0.090857
1.077283
1.706087
2.012375
2.075309
1.995465
1.868017
1.765329
1.731765
1.720167
1.643118
1.401352
0.901275
0.077896
-1.087079
-2.560503
-4.267882
-6.112796
-7.959049
-9.646464
-11.108290
-12.341065
-13.361306
-14.194772
-14.869827
-15.413743
-15.850851
-16.201847
-16.483789
-16.710478
-16.892984
-16.839026
-16.932931
-16.746677
-16.517709
-16.235898
-15.888760
-15.460978
-14.933975
-14.285711
-13.490986
-12.522637
-11.354122
-9.964315
-8.345552
-6.535252
-4.658897
-2.863016
-1.248175
0.091934
1.091511
1.731174
2.045221
2.112644
2.034500
1.906828
1.802876
1.767745
1.753817
1.672678
1.424225
0.914529
0.078925
-1.099971
-2.587838
-4.309105
-6.166597
-8.023421
-9.719070
-11.187093
-12.424460
-13.448069
-14.283984
-14.960812
-15.506004
-15.944028
-16.295680
-16.578090
-16.805110
-16.987849
-16.932931
-17.026591
-16.839953
-16.610484
-16.328019
-15.980022
-15.551112
-15.022620
-14.372388
-13.575058
-12.603258
-11.430183
-10.034381
-8.407806
-6.587628
-4.699523
-2.890411
-1.261376
0.093015
1.105797
1.756406
2.078314
2.150324
2.073957
1.946103
1.840890
1.804156
1.787830
1.702511
1.447270
0.927858
0.079958
-1.112896
-2.615208
-4.350337
-6.220371
-8.087723
-9.791569
-11.265757
-12.507692
-13.534649
-14.372998
-15.051586
-15.598045
-16.036978
-16.389279
-16.672152
-16.899500
-17.082468
-17.026591
-17.120006
-16.932988
-16.703022
-16.419906
-16.071057
-15.641024
-15.111053
-14.458864
-13.658942
-12.683709
-11.506095
-10.104323
-8.469966
-6.639946
-4.740126
-2.917812
-1.274593
0.094098
1.120139
1.781781
2.111652
2.188348
2.113834
1.985842
1.879369
1.840996
1.822206
1.732616
1.470485
0.941263
0.080995
-1.125853
-2.642611
-4.391578
-6.274114
-8.151955
-9.863960
-11.344282
-12.590760
-13.621044
-14.461813
-15.142148
-15.689865
-16.129700
-16.482645
-16.765976
-16.993648
-17.176843
-17.120006
-17.213179
-17.025783
-16.795323
-16.511562
-16.161865
-15.730717
-15.199275
-14.545139
-13.742639
-12.763988
-11.581856
-10.174141
-8.532033
-6.692205
-4.780706
-2.945217
-1.287824
0.095183
1.134538
1.807296
2.145232
2.226712
2.154129
2.026043
1.918314
1.878265
1.856942
1.762991
1.493869
0.954741
0.082036
-1.138841
-2.670044
-4.432825
-6.327827
-8.216114
-9.936242
-11.422668
-12.673663
-13.707257
-14.550429
-15.232501
-15.781466
-16.222194
-16.575779
-16.859563
-17.087555
-17.270974
-17.213179
-17.306109
-17.118338
-16.887389
-16.602986
-16.252446
-15.820190
-15.287285
-14.631214
-13.826148
-12.844097
-11.657468
-10.243834
-8.594005
-6.744404
-4.821261
-2.972625
-1.301071
0.096271
1.148990
1.832950
2.179052
2.265415
2.194841
2.066705
1.957722
1.915961
1.892037
1.793634
1.517421
0.968294
0.083081
-1.151859
-2.697507
-4.474077
-6.381506
-8.280199
-10.008414
-11.500913
-12.756402
-13.793286
-14.638847
-15.322643
-15.872847
-16.314463
-16.668680
-16.952914
-17.181223
-17.364862
-17.306109
-17.398798
-17.210655
-16.979219
-16.694179
-16.342803
-15.909445
-15.375085
-14.717089
-13.909470
-12.924035
-11.732929
-10.313402
-8.655883
-6.796542
-4.861790
-3.000035
-1.314330
0.097362
1.163496
1.858740
2.213110
2.304455
2.235968
2.107827
1.997594
1.954083
1.927490
1.824543
1.541137
0.981918
0.084130
-1.164906
-2.724998
-4.515331
-6.435151
-8.344210
-10.080475
-11.579018
-12.838977
-13.879131
-14.727067
-15.412576
-15.964010
-16.406506
-16.761351
-17.046029
-17.274651
-17.458509
-17.398798
-17.491247
-17.302735
-17.070816
-16.785143
-16.432935
-15.998481
-15.462675
-14.802764
-13.992606
-13.003803
-11.808240
-10.382844
-8.717664
-6.848619
-4.902292
-3.027446
-1.327602
0.098454
1.178054
1.884664
2.247403
2.343829
2.277508
2.149407
2.037927
1.992631
1.963299
1.855717
1.565018
0.995613
0.085183
-1.177981
-2.752516
-4.556587
-6.488760
-8.408145
-10.152425
-11.656982
-12.921388
-13.964794
-14.815089
-15.502300
-16.054955
-16.498325
-16.853791
-17.138910
-17.367842
-17.551914
-17.491247
-17.583457
-17.394578
-17.162180
-16.875877
-16.522843
-16.087301
-15.550056
-14.888239
-14.075554
-13.083400
-11.883401
-10.452160
-8.779350
-6.900633
-4.942766
-3.054856
-1.340887
0.099549
1.192663
1.910722
2.281928
2.383534
2.319459
2.191444
2.078721
2.031601
1.999462
1.887154
1.589060
1.009378
0.086239
-1.191083
-2.780058
-4.597842
-6.542331
-8.472004
-10.224262
-11.734804
-13.003634
-14.050273
-14.902913
-15.591815
-16.145683
-16.589919
-16.946002
-17.231557
-17.460795
-17.645080
-17.583457
-17.675428
-17.486186
-17.253311
-16.966384
-16.612528
-16.175903
-15.637228
-14.973516
-14.158317
-13.162827
-11.958411
-10.521351
-8.840938
-6.952583
-4.983210
-3.082265
-1.354182
0.100647
1.207323
1.936909
2.316684
2.423569
2.361819
2.233936
2.119975
2.070994
2.035978
1.918852
1.613263
1.023212
0.087299
-1.204212
-2.807624
-4.639095
-6.595864
-8.535784
-10.295987
-11.812485
-13.085715
-14.135570
-14.990541
-15.681121
-16.236194
-16.681290
-17.037984
-17.323971
-17.553512
-17.738007
-17.675428
-17.767162
-17.577559
-17.344211
-17.056663
-16.701991
-16.264290
-15.724191
-15.058595
-14.240894
-13.242083
-12.033270
-10.590414
-8.902429
-7.004469
-5.023623
-3.109671
-1.367488
0.101746
1.222030
1.963225
2.351668
2.463931
2.404585
2.276882
2.161686
2.110807
2.072844
1.950808
1.637625
1.037114
0.088363
-1.217366
-2.835211
-4.680344
-6.649356
-8.599485
-10.367598
-11.890024
-13.167631
-14.220683
-15.077971
-15.770221
-16.326489
-16.772438
-17.129738
-17.416153
-17.645994
-17.830696
-17.767162
-17.858660
-17.668698
-17.434881
-17.146716
-16.791232
-16.352461
-15.810948
-15.143475
-14.323285
-13.321170
-12.107979
-10.659351
-8.963822
-7.056289
-5.064005
-3.137074
-1.380804
0.102848
1.236786
1.989667
2.386876
2.504617
2.447757
2.320279
2.203854
2.151040
2.110060
1.983021
1.662143
1.051083
0.089430
-1.230545
-2.862819
-4.721587
-6.702806
-8.663106
-10.439095
-11.967421
-13.249382
-14.305614
-15.165206
-15.859112
-16.416568
-16.863363
-17.221264
-17.508104
-17.738241
-17.923148
-17.858660
-17.949922
-17.759604
-17.525321
-17.236543
-16.880252
-16.440417
-15.897496
-15.228159
-14.405491
-13.400086
-12.182536
-10.728161
-9.025116
-7.108044
-5.104354
-3.164471
-1.394129
0.103951
1.251588
2.016233
2.422307
2.545625
2.491330
2.364127
2.246477
2.191689
2.147622
2.015489
1.686816
1.065117
0.090500
-1.243747
-2.890446
-4.762823
-6.756213
-8.726646
-10.510477
-12.044675
-13.330968
-14.390363
-15.252243
-15.947797
-16.506432
-16.954068
-17.312565
-17.599824
-17.830254
-18.015363
-17.949922
-18.040949
-17.850279
-17.615531
-17.326145
-16.969053
-16.528159
-15.983839
-15.312645
-14.487512
-13.478833
-12.256943
-10.796844
-9.086311
-7.159732
-5.144670
-3.191864
-1.407463
0.105056
1.266436
2.042921
2.457958
2.586952
2.535304
2.408422
2.289553
2.232754
2.185529
2.048209
1.711642
1.079215
0.091574
-1.256972
-2.918091
-4.804051
-6.809575
-8.790103
-10.581743
-12.121786
-13.412390
-14.474929
-15.339085
-16.036276
-16.596082
-17.044551
-17.403639
-17.691314
-17.922035
-18.107343
-18.040949
-18.131742
-17.940722
-17.705514
-17.415523
-17.057634
-16.615688
-16.069975
-15.396934
-14.569348
-13.557410
-12.331199
-10.865399
-9.147406
-7.211352
-5.184951
-3.219249
-1.420804
0.106164
1.281328
2.069729
2.493825
2.628594
2.579675
2.453164
2.333080
2.274232
2.223778
2.081179
1.736619
1.093377
0.092651
-1.270219
-2.945751
-4.845269
-6.862892
-8.853478
-10.652894
-12.198753
-13.493646
-14.559313
-15.425732
-16.124549
-16.685517
-17.134815
-17.494489
-17.782576
-18.013583
-18.199089
-18.131742
-18.222303
-18.030935
-17.795270
-17.504677
-17.145996
-16.703004
-16.155906
-15.481028
-14.651000
-13.635817
-12.405305
-10.933825
-9.208401
-7.262903
-5.225197
-3.246627
-1.434153
0.107273
1.296263
2.096654
2.529907
2.670550
2.624441
2.498350
2.377056
2.316122
2.262368
2.114398
1.761745
1.107601
0.093731
-1.283487
-2.973426
-4.886475
-6.916162
-8.916769
-10.723927
-12.275577
-13.574737
-14.643514
-15.512183
-16.212616
-16.774740
-17.224859
-17.585114
-17.873610
-18.104901
-18.290601
-18.222303
-18.312632
-18.120918
-17.884800
-17.593609
-17.234140
-16.790108
-16.241632
-15.564925
-14.732467
-13.714055
-12.479259
-11.002124
-9.269295
-7.314386
-5.265406
-3.273996
-1.447508
0.108383
1.311240
2.123696
2.566200
2.712817
2.669600
2.543977
2.421480
2.358421
2.301297
2.147862
1.787018
1.121886
0.094814
-1.296776
-3.001115
-4.927668
-6.969383
-8.979974
-10.794844
-12.352257
-13.655662
-14.727534
-15.598439
-16.300479
-16.863750
-17.314684
-17.675516
-17.964416
-18.195988
-18.381880
-18.312632
-18.402730
-18.210673
-17.974103
-17.682319
-17.322067
-16.877000
-16.327154
-15.648628
-14.813751
-13.792124
-12.553062
-11.070294
-9.330088
-7.365798
-5.305577
-3.301356
-1.460868
0.109495
1.326258
2.150851
2.602703
2.755391
2.715148
2.590044
2.466350
2.401128
2.340561
2.181570
1.812437
1.136231
0.095899
-1.310084
-3.028816
-4.968847
-7.022555
-9.043094
-10.865642
-12.428793
-13.736423
-14.811372
-15.684501
-16.388137
-16.952547
-17.404291
-17.765695
-18.054996
-18.286846
-18.472928
-18.402730
-18.492598
-18.300200
-18.063183
-17.770808
-17.409778
-16.963682
-16.412472
-15.732135
-14.894851
-13.870023
-12.626714
-11.138336
-9.390780
-7.417140
-5.345711
-3.328705
-1.474234
0.110609
1.341316
2.178117
2.639410
2.798269
2.761084
2.636548
2.511662
2.444240
2.380159
2.215519
1.837999
1.150635
0.096988
-1.323410
-3.056527
-5.010010
-7.075676
-9.106127
-10.936322
-12.505184
-13.817018
-14.895029
-15.770369
-16.475591
-17.041133
-17.493681
-17.855652
-18.145350
-18.377475
-18.563744
-18.492598
-18.582236
-18.389500
-18.152038
-17.859077
-17.497273
-17.050153
-16.497587
-15.815449
-14.975769
-13.947754
-12.700215
-11.206248
-9.451369
-7.468411
-5.385805
-3.356042
-1.487605
0.111725
1.356412
2.205492
2.676321
2.841449
2.807403
2.683486
2.557416
2.487755
2.420089
2.249706
1.863703
1.165097
0.098080
-1.336755
-3.084248
-5.051155
-7.128746
-9.169073
-11.006883
-12.581431
-13.897448
-14.978504
-15.856042
-16.562841
-17.129509
-17.582854
-17.945387
-18.235479
-18.467876
-18.654330
-18.582236
-18.671646
-18.478575
-18.240670
-17.947127
-17.584553
-17.136415
-16.582500
-15.898568
-15.056503
-14.025316
-12.773565
-11.274032
-9.511856
-7.519610
-5.425859
-3.383368
-1.500979
0.112841
1.371547
2.232974
2.713432
2.884927
2.854104
2.730857
2.603609
2.531670
2.460347
2.284130
1.889546
1.179615
0.099174
-1.350116
-3.111977
-5.092282
-7.181762
-9.231931
-11.077325
-12.657532
-13.977712
-15.061798
-15.941522
-16.649889
-17.217673
-17.671811
-18.034902
-18.325384
-18.558051
-18.744688
-18.671646
-18.760829
-18.567424
-18.329080
-18.034957
-17.671618
-17.222468
-16.667210
-15.981494
-15.137055
-14.102709
-12.846764
-11.341686
-9.572239
-7.570736
-5.465872
-3.410680
-1.514357
0.113959
1.386717
2.260562
2.750741
2.928701
2.901184
2.778657
2.650239
2.575984
2.500931
2.318788
1.915526
1.194188
0.100271
-1.363494
-3.139713
-5.133390
-7.234724
-9.294699
-11.147647
-12.733489
-14.057812
-15.144910
-16.026809
-16.736733
-17.305628
-17.760552
-18.124198
-18.415066
-18.647999
-18.834816
-18.760829
-18.849785
-18.656049
-18.417269
-18.122570
-17.758470
-17.308313
-16.751718
-16.064227
-15.217425
-14.179934
-12.919812
-11.409211
-9.632520
-7.621789
-5.505844
-3.437978
-1.527737
0.115079
1.401924
2.288251
2.788243
2.972767
2.948638
2.826884
2.697302
2.620693
2.541839
2.353676
1.941642
1.208816
0.101371
-1.376887
-3.167455
-5.174476
-7.287631
-9.357377
-11.217848
-12.809300
-14.137746
-15.227842
-16.111903
-16.823376
-17.393374
-17.849079
-18.213274
-18.504525
-18.737722
-18.924718
-18.849785
-18.938516
-18.744451
-18.505237
-18.209966
-17.845109
-17.393950
-16.836026
-16.146767
-15.297613
-14.256991
-12.992708
-11.476606
-9.692696
-7.672768
-5.545773
-3.465261
-1.541120
0.116199
1.417165
2.316042
2.825937
3.017121
2.996466
2.875536
2.744797
2.665796
2.583068
2.388794
1.967891
1.223497
0.102473
-1.390295
-3.195201
-5.215540
-7.340482
-9.419965
-11.287929
-12.884965
-14.217514
-15.310593
-16.196804
-16.909817
-17.480911
-17.937392
-18.302132
-18.593763
-18.827221
-19.014393
-18.938516
-19.027021
-18.832630
-18.592985
-18.297145
-17.931536
-17.479380
-16.920133
-16.229116
-15.377619
-14.333880
-13.065454
-11.543871
-9.752769
-7.723672
-5.585659
-3.492529
-1.554504
0.117321
1.432439
2.343931
2.863820
3.061761
3.044662
2.924608
2.792720
2.711289
2.624614
2.424138
1.994271
1.238230
0.103577
-1.403716
-3.222951
-5.256581
-7.393276
-9.482461
-11.357888
-12.960485
-14.297118
-15.393164
-16.281513
-16.996057
-17.568240
-18.025491
-18.390772
-18.682780
-18.916496
-19.103842
-19.027021
-19.115303
-18.920587
-18.680515
-18.384109
-18.017751
-17.564604
-17.004041
-16.311272
-15.457445
-14.410600
-13.138049
-11.611006
-9.812737
-7.774502
-5.625500
-3.519780
-1.567889
0.118444
1.447746
2.371916
2.901888
3.106683
3.093224
2.974099
2.841070
2.757170
2.666477
2.459705
2.020780
1.253014
0.104684
-1.417151
-3.250702
-5.297596
-7.446011
-9.544866
-11.427725
-13.035858
-14.376556
-15.475555
-16.366031
-17.082096
-17.655361
-18.113378
-18.479195
-18.771576
-19.005548
-19.193066
-19.115303
-19.203361
-19.008324
-18.767826
-18.470858
-18.103756
-17.649622
-17.087749
-16.393238
-15.537089
-14.487154
-13.210493
-11.678011
-9.872600
-7.825256
-5.665297
-3.547015
-1.581275
0.119568
1.463083
2.399995
2.940138
3.151885
3.142148
3.024005
2.889842
2.803436
2.708652
2.495492
2.047416
1.267847
0.105793
-1.430598
-3.278455
-5.338586
-7.498687
-9.607177
-11.497440
-13.111086
-14.455829
-15.557765
-16.450357
-17.167935
-17.742276
-18.201052
-18.567402
-18.860153
-19.094379
-19.282066
-19.203361
-19.291198
-19.095840
-18.854920
-18.557392
-18.189550
-17.734435
-17.171259
-16.475013
-15.616553
-14.563539
-13.282785
-11.744885
-9.932357
-7.875934
-5.705049
-3.574231
-1.594661
0.120693
1.478452
2.428166
2.978567
3.197361
3.191432
3.074323
2.939036
2.850084
2.751136
2.531498
2.074177
1.282729
0.106904
-1.444057
-3.306207
-5.379549
-7.551303
-9.669395
-11.567033
-13.186167
-14.534936
-15.639796
-16.534492
-17.253575
-17.828984
-18.288515
-18.655394
-18.948512
-19.182988
-19.370843
-19.291198
-19.378812
-19.183138
-18.941797
-18.643714
-18.275135
-17.819044
-17.254570
-16.556598
-15.695837
-14.639758
-13.354927
-11.811629
-9.992010
-7.926535
-5.744754
-3.601428
-1.608046
0.121819
1.493849
2.456427
3.017173
3.243110
3.241072
3.125050
2.988646
2.897111
2.793928
2.567720
2.101061
1.297659
0.108018
-1.457526
-3.333958
-5.420483
-7.603857
-9.731519
-11.636503
-13.261102
-14.613879
-15.721647
-16.618436
-17.339015
-17.915487
-18.375767
-18.743171
-19.036653
-19.271377
-19.459397
-19.378812
-19.466207
-19.270217
-19.028458
-18.729822
-18.360512
-17.903449
-17.337684
-16.637993
-15.774941
-14.715809
-13.426918
-11.878243
-10.051556
-7.977059
-5.784413
-3.628606
-1.621429
0.122945
1.509274
2.484776
3.055952
3.289127
3.291064
3.176183
3.038671
2.944514
2.837023
2.604153
2.128065
1.312634
0.109133
-1.471006
-3.361707
-5.461389
-7.656350
-9.793548
-11.705849
-13.335890
-14.692657
-15.803319
-16.702190
-17.424256
-18.001784
-18.462809
-18.830734
-19.124576
-19.359546
-19.547730
-19.466207
-19.553382
-19.357078
-19.114905
-18.815719
-18.445680
-17.987651
-17.420601
-16.719198
-15.853866
-14.791694
-13.498759
-11.944726
-10.110996
-8.027505
-5.824024
-3.655763
-1.634812
0.124073
1.524727
2.513210
3.094901
3.335409
3.341405
3.227718
3.089108
2.992291
2.880418
2.640797
2.155188
1.327655
0.110251
-1.484496
-3.389453
-5.502263
-7.708780
-9.855481
-11.775072
-13.410531
-14.771269
-15.884811
-16.785754
-17.509299
-18.087877
-18.549642
-18.918084
-19.212284
-19.447497
-19.635842
-19.553382
-19.640337
-19.443723
-19.201137
-18.901405
-18.530642
-18.071650
-17.503321
-16.800215
-15.932611
-14.867412
-13.570448
-12.011078
-10.170329
-8.077874
-5.863586
-3.682900
-1.648192
0.125201
1.540206
2.541727
3.134018
3.381952
3.392091
3.279653
3.139952
3.040437
2.924111
2.677648
2.182428
1.342720
0.111370
-1.497994
-3.417193
-5.543107
-7.761146
-9.917319
-11.844171
-13.485025
-14.849717
-15.966125
-16.869128
-17.594145
-18.173766
-18.636266
-19.005222
-19.299776
-19.535230
-19.723735
-19.640337
-19.727075
-19.530151
-19.287156
-18.986881
-18.615397
-18.155448
-17.585846
-16.881044
-16.011178
-14.942963
-13.641987
-12.077299
-10.229556
-8.128163
-5.903100
-3.710015
-1.661569
0.126330
1.555710
2.570326
3.173298
3.428753
3.443118
3.331982
3.191202
3.088950
2.968099
2.714702
2.209781
1.357828
0.112491
-1.511500
-3.444929
-5.583918
-7.813447
-9.979060
-11.913145
-13.559373
-14.927999
-16.047260
-16.952313
-17.678793
-18.259452
-18.722682
-19.092147
-19.387053
-19.622745
-19.811408
-19.727075
-19.813596
-19.616365
-19.372963
-19.072147
-18.699946
-18.239044
-17.668175
-16.961684
-16.089567
-15.018349
-13.713375
-12.143388
-10.288676
-8.178373
-5.942565
-3.737108
-1.674944
0.127459
1.571238
2.599004
3.212740
3.475808
3.494483
3.384704
3.242852
3.137826
3.012378
2.751958
2.237247
1.372978
0.113614
-1.525014
-3.472658
-5.624695
-7.865683
-10.040704
-11.981995
-13.633573
-15.006117
-16.128216
-17.035309
-17.763245
-18.344934
-18.808890
-19.178862
-19.474116
-19.710045
-19.898863
-19.813596
-19.899901
-19.702365
-19.458557
-19.157205
-18.784290
-18.322441
-17.750310
-17.042138
-16.167778
-15.093569
-13.784613
-12.209347
-10.347688
-8.228504
-5.981979
-3.764179
-1.688314
0.128589
1.586789
2.627759
3.252339
3.523114
3.546182
3.437815
3.294901
3.187063
3.056944
2.789412
2.264823
1.388168
0.114738
-1.538534
-3.500379
-5.665438
-7.917852
-10.102250
-12.050719
-13.707626
-15.084071
-16.208995
-17.118117
-17.847500
-18.430215
-18.894892
-19.265366
-19.560966
-19.797129
-19.986101
-19.899901
-19.985990
-19.788151
-19.543941
-19.242054
-18.868430
-18.405637
-17.832250
-17.122404
-16.245811
-15.168623
-13.855700
-12.275175
-10.406592
-8.278554
-6.021343
-3.791225
-1.701681
0.129720
1.602362
2.656588
3.292093
3.570667
3.598212
3.491310
3.347345
3.236656
3.101796
2.827061
2.292506
1.403398
0.115864
-1.552061
-3.528092
-5.706146
-7.969955
-10.163698
-12.119318
-13.781531
-15.161859
-16.289595
-17.200737
-17.931560
-18.515294
-18.980687
-19.351660
-19.647604
-19.883998
-20.073123
-19.985990
-20.071864
-19.873724
-19.629114
-19.326696
-18.952366
-18.488634
-17.913997
-17.202484
-16.323667
-15.243511
-13.926637
-12.340871
-10.465389
-8.328524
-6.060655
-3.818248
-1.715043
0.130851
1.617957
2.685491
3.331998
3.618462
3.650567
3.545186
3.400179
3.286602
3.146928
2.864903
2.320295
1.418666
0.116992
-1.565593
-3.555796
-5.746817
-8.021989
-10.225047
-12.187792
-13.855290
-15.239484
-16.370018
-17.283169
-18.015424
-18.600172
-19.066278
-19.437746
-19.734030
-19.970653
-20.159929
-20.071864
-20.157525
-19.959086
-19.714078
-19.411132
-19.036099
-18.571433
-17.995551
-17.282379
-16.401346
-15.318235
-13.997424
-12.406436
-10.524077
-8.378413
-6.099916
-3.845245
-1.728400
0.131982
1.633572
2.714464
3.372052
3.666497
3.703245
3.599439
3.453401
3.336898
3.192339
2.902935
2.348187
1.433972
0.118121
-1.579130
-3.583490
-5.787451
-8.073955
-10.286296
-12.256139
-13.928900
-15.316943
-16.450264
-17.365414
-18.099094
-18.684850
-19.151663
-19.523623
-19.820245
-20.057096
-20.246520
-20.157525
-20.242973
-20.044236
-19.798834
-19.495361
-19.119630
-18.654033
-18.076913
-17.362087
-16.478848
-15.392793
-14.068061
-12.471869
-10.582657
-8.428221
-6.139124
-3.872217
-1.741752
0.133114
1.649207
2.743506
3.412251
3.714767
3.756241
3.654066
3.507007
3.387541
3.238023
2.941152
2.376181
1.449314
0.119252
-1.592672
-3.611172
-5.828047
-8.125852
-10.347446
-12.324360
-14.002363
-15.394239
-16.530332
-17.447473
-18.182570
-18.769328
-19.236844
-19.609294
-19.906250
-20.143326
-20.332896
-20.242973
-20.328209
-20.129177
-19.883381
-19.579386
-19.202959
-18.736437
-18.158083
-17.441611
-16.556175
-15.467187
-14.138547
-12.537171
-10.641129
-8.477947
-6.178279
-3.899164
-1.755098
0.134246
1.664860
2.772615
3.452593
3.763268
3.809552
3.709062
3.560992
3.438525
3.283979
2.979553
2.404273
1.464691
0.120383
-1.606216
-3.638842
-5.868604
-8.177679
-10.408495
-12.392455
-14.075679
-15.471370
-16.610224
-17.529344
-18.265852
-18.853607
-19.321823
-19.694757
-19.992045
-20.229344
-20.419060
-20.328209
-20.413233
-20.213908
-19.967722
-19.663207
-19.286087
-18.818644
-18.239061
-17.520951
-16.633326
-15.541416
-14.208884
-12.602342
-10.699492
-8.527591
-6.217381
-3.926084
-1.768437
0.135379
1.680530
2.801788
3.493074
3.811998
3.863173
3.764423
3.615354
3.489848
3.330202
3.018135
2.432463
1.480103
0.121517
-1.619764
-3.666499
-5.909120
-8.229435
-10.469444
-12.460423
-14.148847
-15.548337
-16.689939
-17.611030
-18.348941
-18.937688
-19.406598
-19.780014
-20.077633
-20.315152
-20.505012
-20.413233
-20.498047
-20.298431
-20.051856
-19.746824
-19.369016
-18.900655
-18.319849
-17.600106
-16.710301
-15.615482
-14.279071
-12.667381
-10.757745
-8.577153
-6.256429
-3.952976
-1.781770
0.136511
1.696218
2.831024
3.533690
3.860951
3.917099
3.820145
3.670088
3.541506
3.376689
3.056893
2.460747
1.495547
0.122651
-1.633315
-3.694142
-5.949596
-8.281119
-10.530291
-12.528264
-14.221867
-15.625141
-16.769478
-17.692530
-18.431837
-19.021570
-19.491171
-19.865066
-20.163012
-20.400751
-20.590751
-20.498047
-20.582652
-20.382746
-20.135785
-19.830238
-19.451745
-18.982470
-18.400447
-17.679079
-16.787102
-15.689383
-14.349108
-12.732288
-10.815889
-8.626631
-6.295422
-3.979841
-1.795096
0.137644
1.711921
2.860320
3.574440
3.910125
3.971328
3.876225
3.725190
3.593496
3.423436
3.095826
2.489123
1.511024
0.123786
-1.646867
-3.721770
-5.990031
-8.332731
-10.591037
-12.595978
-14.294739
-15.701780
-16.848840
-17.773846
-18.514541
-19.105255
-19.575543
-19.949914
-20.248184
-20.486140
-20.676281
-20.582652
-20.667048
-20.466854
-20.219509
-19.913450
-19.534275
-19.064092
-18.480856
-17.757868
-16.863728
-15.763121
-14.418996
-12.797063
-10.873924
-8.676026
-6.334361
-4.006678
-1.808415
0.138777
1.727639
2.889675
3.615319
3.959515
4.025855
3.932658
3.780656
3.645812
3.470440
3.134930
2.517590
1.526531
0.124923
-1.660420
-3.749383
-6.030423
-8.384271
-10.651680
-12.663564
-14.367464
-15.778256
-16.928028
-17.854976
-18.597054
-19.188744
-19.659714
-20.034558
-20.333150
-20.571320
-20.761600
-20.667048
-20.751236
-20.550755
-20.303029
-19.996461
-19.616607
-19.145519
-18.561075
-17.836475
-16.940181
-15.836696
-14.488735
-12.861707
-10.931850
-8.725338
-6.373244
-4.033487
-1.821725
0.139909
1.743371
2.919087
3.656325
4.009117
4.080675
3.989439
3.836482
3.698452
3.517697
3.174203
2.546145
1.542068
0.126061
-1.673974
-3.776980
-6.070772
-8.435737
-10.712221
-12.731023
-14.440041
-15.854569
-17.007039
-17.935922
-18.679375
-19.272036
-19.743686
-20.118999
-20.417911
-20.656294
-20.846710
-20.751236
-20.835216
-20.634452
-20.386346
-20.079272
-19.698742
-19.226753
-18.641106
-17.914900
-17.016459
-15.910107
-14.558324
-12.926220
-10.989665
-8.774566
-6.412071
-4.060266
-1.835027
0.141042
1.759116
2.948553
3.697454
4.058927
4.135784
4.046565
3.892665
3.751411
3.565203
3.213640
2.574787
1.557634
0.127199
-1.687529
-3.804559
-6.111077
-8.487130
-10.772658
-12.798354
-14.512470
-15.930718
-17.085876
-18.016684
-18.761506
-19.355133
-19.827457
-20.203237
-20.502467
-20.741060
-20.931612
-20.835216
-20.918991
-20.717944
-20.469461
-20.161882
-19.780680
-19.307794
-18.720950
-17.993144
-17.092565
-15.983356
-14.627764
-12.990600
-11.047371
-8.823710
-6.450842
-4.087015
-1.848321
0.142175
1.774873
2.978072
3.738704
4.108942
4.191178
4.104031
3.949199
3.804685
3.612955
3.253239
2.603512
1.573228
0.128338
-1.701082
-3.832121
-6.151337
-8.538447
-10.832993
-12.865556
-14.584751
-16.006704
-17.164538
-18.097263
-18.843448
-19.438035
-19.911031
-20.287274
-20.586818
-20.825621
-21.016306
-20.918991
-21.002560
-20.801232
-20.552374
-20.244294
-19.862423
-19.388643
-18.800607
-18.071206
-17.168497
-16.056443
-14.697055
-13.054849
-11.104966
-8.872769
-6.489556
-4.113734
-1.861605
0.143308
1.790642
3.007641
3.780072
4.159157
4.246852
4.161832
4.006081
3.858271
3.660948
3.292997
2.632319
1.588849
0.129479
-1.714635
-3.859664
-6.191552
-8.589690
-10.893223
-12.932631
-14.656884
-16.082528
-17.243026
-18.177659
-18.925200
-19.520743
-19.994406
-20.371110
-20.670967
-20.909977
-21.100794
-21.002560
-21.085924
-20.884318
-20.635086
-20.326507
-19.943970
-19.469301
-18.880077
-18.149089
-17.244257
-16.129367
-14.766198
-13.118967
-11.162451
-8.921743
-6.528213
-4.140423
-1.874881
0.144441
1.806422
3.037259
3.821553
4.209569
4.302803
4.219965
4.063305
3.912163
3.709180
3.332910
2.661205
1.604495
0.130620
-1.728187
-3.887187
-6.231721
-8.640857
-10.953350
-12.999577
-14.728870
-16.158188
-17.321340
-18.257872
-19.006763
-19.603257
-20.077584
-20.454746
-20.754913
-20.994128
-21.185076
-21.085924
-21.169084
-20.967201
-20.717598
-20.408523
-20.025323
-19.549769
-18.959361
-18.226792
-17.319846
-16.202130
-14.835192
-13.182952
-11.219826
-8.970632
-6.566812
-4.167080
-1.888146
0.145573
1.822211
3.066925
3.863146
4.260173
4.359025
4.278424
4.120869
3.966359
3.757646
3.372976
2.690169
1.620167
0.131761
-1.741736
-3.914690
-6.271842
-8.691947
-11.013371
-13.066394
-14.800707
-16.233686
-17.399480
-18.337903
-19.088137
-19.685578
-20.160566
-20.538182
-20.838658
-21.078076
-21.269153
-21.169084
-21.252042
-21.049883
-20.799911
-20.490343
-20.106482
-19.630046
-19.038460
-18.304315
-17.395262
-16.274731
-14.904037
-13.246806
-11.277090
-9.019436
-6.605353
-4.193706
-1.901402
0.146705
1.838010
3.096635
3.904848
4.310966
4.415514
4.337206
4.178767
4.020853
3.806342
3.413191
2.719209
1.635862
0.132904
-1.755283
-3.942173
-6.311917
-8.742961
-11.073288
-13.133083
-14.872397
-16.309021
-17.477446
-18.417753
-19.169324
-19.767707
-20.243351
-20.621420
-20.922201
-21.161821
-21.353026
-21.252042
-21.334797
-21.132364
-20.882025
-20.571966
-20.187449
-19.710134
-19.117374
-18.381660
-17.470508
-16.347171
-14.972734
-13.310529
-11.334243
-9.068154
-6.643836
-4.220300
-1.914647
0.147837
1.853817
3.126388
3.946654
4.361944
4.472267
4.396306
4.236995
4.075642
3.855264
3.453552
2.748321
1.651580
0.134047
-1.768828
-3.969634
-6.351943
-8.793897
-11.133100
-13.199643
-14.943939
-16.384195
-17.555239
-18.497421
-19.250324
-19.849644
-20.325941
-20.704460
-21.005545
-21.245365
-21.436695
-21.334797
