661.877446
663.653545
665.765454
668.274615
671.252782
674.783301
678.962324
683.899772
689.719777
696.560195
704.570487
713.906994
724.724050
737.158767
750.970907
765.377584
780.234008
795.335547
810.404597
825.075848
838.879508
851.221056
861.354299
868.341429
870.989990
868.341429
861.354299
851.221056
838.879508
825.075848
810.404597
795.335547
780.234008
765.377584
750.970907
737.158767
724.724050
713.906994
704.570487
696.560195
689.719777
683.899772
678.962324
674.783301
671.252782
668.274615
665.765454
663.653545
661.877446
661.061833
662.833462
664.940091
667.443031
670.413889
673.935853
678.104906
683.030801
688.837521
695.662807
703.656081
712.973776
723.770526
736.184054
749.975633
764.364568
779.207118
794.299699
809.365605
824.040025
837.852940
850.208489
860.357671
867.358308
870.012553
867.358308
860.357671
850.208489
837.852940
824.040025
809.365605
794.299699
779.207118
764.364568
749.975633
736.184054
723.770526
712.973776
703.656081
695.662807
688.837521
683.030801
678.104906
673.935853
670.413889
667.443031
664.940091
662.833462
661.061833
660.251692
662.018884
664.120272
666.617036
669.580635
673.094099
677.253243
682.167651
687.961150
694.771365
702.747671
712.046580
722.823006
735.215257
748.986082
763.356959
778.185169
793.268158
808.330104
823.006706
836.827753
849.196121
859.360133
866.373437
869.033030
866.373437
859.360133
849.196121
836.827753
823.006706
808.330104
793.268158
778.185169
763.356959
748.986082
735.215257
722.823006
712.046580
702.747671
694.771365
687.961150
682.167651
677.253243
673.094099
669.580635
666.617036
664.120272
662.018884
660.251692
659.446901
661.209688
663.305873
665.796503
668.752892
672.257910
676.407203
681.310187
687.090531
693.885735
701.845123
711.125273
721.881359
734.252248
748.002136
762.354649
777.168068
792.240850
807.298049
821.975876
835.803966
848.184007
858.361776
865.386930
868.051546
865.386930
858.361776
848.184007
835.803966
821.975876
807.298049
792.240850
777.168068
762.354649
748.002136
734.252248
721.881359
711.125273
701.845123
693.885735
687.090531
681.310187
676.407203
672.257910
668.752892
665.796503
663.305873
661.209688
659.446901
658.647337
660.405752
662.496770
664.981308
667.930534
671.427159
675.566661
680.458283
686.225534
693.005788
700.948307
710.209723
720.945456
733.294904
747.023677
761.357531
776.155725
791.217707
806.269394
820.947520
834.781598
847.172201
857.362685
864.398898
867.068220
864.398898
857.362685
847.172201
834.781598
820.947520
806.269394
791.217707
776.155725
761.357531
747.023677
733.294904
720.945456
710.209723
700.948307
693.005788
686.225534
680.458283
675.566661
671.427159
667.930534
664.981308
662.496770
660.405752
658.647337
657.852884
659.606957
661.692844
664.171331
667.113442
670.601726
674.731493
679.611814
685.366034
692.131397
700.057095
709.299804
720.015173
732.343104
746.050593
760.365504
775.148053
790.198660
805.244097
819.921623
833.760666
846.160754
856.362943
863.409447
866.083168
863.409447
856.362943
846.160754
833.760666
819.921623
805.244097
790.198660
775.148053
760.365504
746.050593
732.343104
720.015173
709.299804
700.057095
692.131397
685.366034
679.611814
674.731493
670.601726
667.113442
664.171331
661.692844
659.606957
657.852884
657.063427
658.813189
660.893979
663.366457
666.301497
669.781492
673.901580
678.770659
684.511910
691.262439
699.171364
708.395395
719.090390
731.396731
745.082772
759.378468
774.144966
789.183642
804.222114
818.898173
832.741188
845.149717
855.362631
862.418682
865.096504
862.418682
855.362631
845.149717
832.741188
818.898173
804.222114
789.183642
774.144966
759.378468
745.082772
731.396731
719.090390
708.395395
699.171364
691.262439
684.511910
678.770659
673.901580
669.781492
666.301497
663.366457
660.893979
658.813189
657.063427
656.278856
658.024336
660.100065
662.566571
665.494586
668.966341
673.076806
677.934701
683.663043
690.398795
698.290996
707.496376
718.170988
730.455673
744.120110
758.396326
773.146381
788.172590
803.203404
817.877153
831.723181
844.139139
854.361827
861.426703
864.108337
861.426703
854.361827
844.139139
831.723181
817.877153
803.203404
788.172590
773.146381
758.396326
744.120110
730.455673
718.170988
707.496376
698.290996
690.398795
683.663043
677.934701
673.076806
668.966341
665.494586
662.566571
660.100065
658.024336
656.278856
655.499063
657.240290
659.310991
661.771564
664.692598
668.156162
672.257056
677.103826
682.819317
689.540350
697.415874
706.602632
717.256854
729.519818
743.162501
757.418983
772.152219
787.165440
802.187926
816.858551
830.706661
843.129065
853.360608
860.433607
863.118773
860.433607
853.360608
843.129065
830.706661
816.858551
802.187926
787.165440
772.152219
757.418983
743.162501
729.519818
717.256854
706.602632
697.415874
689.540350
682.819317
677.103826
672.257056
668.156162
664.692598
661.771564
659.310991
657.240290
655.499063
654.723944
656.460946
658.526652
660.981331
663.895425
667.350847
671.442223
676.277924
681.980622
688.686992
696.545886
705.714050
716.347878
728.589059
742.209845
756.446348
771.162399
786.162132
801.175641
815.842352
829.691643
842.119543
852.359046
859.439489
862.127916
859.439489
852.359046
842.119543
829.691643
815.842352
801.175641
786.162132
771.162399
756.446348
742.209845
728.589059
716.347878
705.714050
696.545886
688.686992
681.980622
676.277924
671.442223
667.350847
663.895425
660.981331
658.526652
656.460946
654.723944
653.953396
655.686202
657.746945
660.195766
663.102963
666.550289
670.632200
675.456887
681.146850
687.838610
695.680921
704.830520
715.443951
727.663293
741.262043
755.478333
770.176847
785.162605
800.166511
814.828543
828.678141
841.110615
851.357213
858.444441
861.135865
858.444441
851.357213
841.110615
828.678141
814.828543
800.166511
785.162605
770.176847
755.478333
741.262043
727.663293
715.443951
704.830520
695.680921
687.838610
681.146850
675.456887
670.632200
666.550289
663.102963
660.195766
657.746945
655.686202
653.953396
653.187322
654.915959
656.971770
659.414769
662.315110
665.754387
669.826883
674.640610
680.317894
686.995100
694.820874
703.951938
714.544970
726.742418
740.319001
754.514851
769.195487
784.166802
799.160498
813.817112
827.666169
840.102325
850.355177
857.448552
860.142718
857.448552
850.355177
840.102325
827.666169
813.817112
799.160498
784.166802
769.195487
754.514851
740.319001
726.742418
714.544970
703.951938
694.820874
686.995100
680.317894
674.640610
669.826883
665.754387
662.315110
659.414769
656.971770
654.915959
653.187322
652.425626
654.150120
656.201031
658.638243
661.531768
664.963041
669.026171
673.828993
679.493652
686.156357
693.965641
703.078200
713.650832
725.826336
739.380626
753.555818
768.218248
783.174667
798.157566
812.808044
826.655742
839.094713
849.353007
856.451909
859.148568
856.451909
849.353007
839.094713
826.655742
812.808044
798.157566
783.174667
768.218248
753.555818
739.380626
725.826336
713.650832
703.078200
693.965641
686.156357
679.493652
673.828993
669.026171
664.963041
661.531768
658.638243
656.201031
654.150120
652.425626
651.668214
653.388592
655.434632
657.866093
660.752841
664.176154
668.229968
673.021936
678.674025
685.322282
693.115121
702.209205
712.761439
724.914951
738.446828
752.601151
767.245060
782.186145
797.157678
811.801327
825.646872
838.087819
848.350765
855.454594
858.153506
855.454594
848.350765
838.087819
825.646872
811.801327
797.157678
782.186145
767.245060
752.601151
738.446828
724.914951
712.761439
702.209205
693.115121
685.322282
678.674025
673.021936
668.229968
664.176154
660.752841
657.866093
655.434632
653.388592
651.668214
650.914997
652.631284
654.672483
657.098226
659.978237
663.393632
667.438178
672.219344
677.858917
684.492778
692.269218
701.344858
711.876695
724.008170
737.517518
751.650773
766.275855
781.201182
796.160800
810.796950
824.639572
837.081682
847.348516
854.456689
857.157621
854.456689
847.348516
837.081682
824.639572
810.796950
796.160800
781.201182
766.275855
751.650773
737.517518
724.008170
711.876695
701.344858
692.269218
684.492778
677.858917
672.219344
667.438178
663.393632
659.978237
657.098226
654.672483
652.631284
650.914997
650.165886
651.878107
653.914494
656.334552
659.207863
662.615385
666.650710
671.421124
677.048233
683.667750
691.427836
700.485062
710.996507
723.105904
736.592613
750.704604
765.310565
780.219726
795.166898
809.794898
823.633853
836.076338
846.346320
853.458273
856.161000
853.458273
846.346320
836.076338
823.633853
809.794898
795.166898
780.219726
765.310565
750.704604
736.592613
723.105904
710.996507
700.485062
691.427836
683.667750
677.048233
671.421124
666.650710
662.615385
659.207863
656.334552
653.914494
651.878107
650.165886
649.420795
651.128975
653.160578
655.574985
658.441634
661.841323
665.867473
670.627186
676.241883
682.847106
690.590884
699.629726
710.120784
722.208064
735.672030
749.762571
764.349128
779.241727
794.175939
808.795161
822.629727
835.071825
845.344236
852.459422
855.163724
852.459422
845.344236
835.071825
822.629727
808.795161
794.175939
779.241727
764.349128
749.762571
735.672030
722.208064
710.120784
699.629726
690.590884
682.847106
676.241883
670.627186
665.867473
661.841323
658.441634
655.574985
653.160578
651.128975
649.420795
648.679643
650.383806
652.410653
654.819440
657.679463
661.071361
665.088381
669.837442
675.439778
682.030757
689.758271
698.778762
709.249439
721.314565
734.755687
748.824599
763.391478
778.267135
793.187891
807.797726
821.627205
834.068177
844.342320
851.460210
854.165874
851.460210
844.342320
834.068177
821.627205
807.797726
793.187891
778.267135
763.391478
748.824599
734.755687
721.314565
709.249439
698.778762
689.758271
682.030757
675.439778
669.837442
665.088381
661.071361
657.679463
654.819440
652.410653
650.383806
648.679643
647.942349
649.642517
651.664636
654.067835
656.921267
660.305414
664.313349
669.051806
674.641831
681.218616
688.929911
697.932082
708.382385
720.425324
733.843507
747.890619
762.437557
777.295903
792.202723
806.802581
820.626297
833.065426
843.340629
850.460707
853.167529
850.460707
843.340629
833.065426
820.626297
806.802581
792.202723
777.295903
762.437557
747.890619
733.843507
720.425324
708.382385
697.932082
688.929911
681.218616
674.641831
669.051806
664.313349
660.305414
656.921267
654.067835
651.664636
649.642517
647.942349
647.208833
648.905031
650.922448
653.320089
656.166966
659.543402
663.542295
668.270195
673.847959
680.410600
688.105719
697.089602
707.519540
719.540261
732.935414
746.960561
761.487303
776.327984
791.220403
805.809715
819.627014
832.063607
842.339215
849.460985
852.168764
849.460985
842.339215
832.063607
819.627014
805.809715
791.220403
776.327984
761.487303
746.960561
732.935414
719.540261
707.519540
697.089602
688.105719
680.410600
673.847959
668.270195
663.542295
659.543402
656.166966
653.320089
650.922448
648.905031
647.208833
646.479020
648.171270
650.184012
652.576125
655.416481
658.785245
662.775139
667.492529
673.058081
679.606626
687.285612
696.251239
706.660823
718.659298
732.031334
746.034357
760.540660
775.363332
790.240901
804.819117
818.629365
831.062750
841.338131
848.461109
851.169652
848.461109
841.338131
831.062750
818.629365
804.819117
790.240901
775.363332
760.540660
746.034357
732.031334
718.659298
706.660823
696.251239
687.285612
679.606626
673.058081
667.492529
662.775139
658.785245
655.416481
652.576125
650.184012
648.171270
646.479020
645.752837
647.441160
649.449252
651.835868
654.669737
658.030866
662.011804
666.718730
672.272118
678.806614
686.469512
695.416916
705.806155
717.782357
731.131196
745.111943
759.597572
774.401903
789.264190
803.830776
817.633358
830.062886
840.337427
847.461145
850.170265
847.461145
840.337427
830.062886
817.633358
803.830776
789.264190
774.401903
759.597572
745.111943
731.131196
717.782357
705.806155
695.416916
686.469512
678.806614
672.272118
666.718730
662.011804
658.030866
654.669737
651.835868
649.449252
647.441160
645.752837
645.030210
646.714629
648.718097
651.099243
653.926659
657.280191
661.252215
665.948721
671.489992
678.010488
685.657341
694.586553
704.955460
716.909366
730.234928
744.193255
758.657982
773.443655
788.290239
802.844679
816.639004
829.064044
839.337150
846.461156
849.170672
846.461156
839.337150
829.064044
816.639004
802.844679
788.290239
773.443655
758.657982
744.193255
730.234928
716.909366
704.955460
694.586553
685.657341
678.010488
671.489992
665.948721
661.252215
657.280191
653.926659
651.099243
648.718097
646.714629
645.030210
644.311071
645.991607
647.990474
650.366181
653.187175
656.533147
660.496297
665.182429
670.711630
677.218171
684.849022
693.760076
704.108664
716.040253
729.342465
743.278231
757.721838
772.488544
787.319022
801.860818
815.646310
828.066253
838.337349
845.461203
848.170939
845.461203
838.337349
828.066253
815.646310
801.860818
787.319022
772.488544
757.721838
743.278231
729.342465
716.040253
704.108664
693.760076
684.849022
677.218171
670.711630
665.182429
660.496297
656.533147
653.187175
650.366181
647.990474
645.991607
644.311071
643.595350
645.272025
647.266316
649.636611
652.451216
655.789663
659.743980
664.419781
669.936959
676.429592
684.044483
692.937412
703.265694
715.174946
728.453738
742.366811
756.789089
771.536530
786.350511
800.879181
814.655284
827.069539
837.338068
844.461346
847.171131
844.461346
837.338068
827.069539
814.655284
800.879181
786.350511
771.536530
756.789089
742.366811
728.453738
715.174946
703.265694
692.937412
684.044483
676.429592
669.936959
664.419781
659.743980
655.789663
652.451216
649.636611
647.266316
645.272025
643.595350
642.882983
644.555816
646.545556
648.910466
651.718713
655.049672
658.995195
663.660708
669.165907
675.644678
683.243653
692.118490
702.426481
714.313379
727.568685
741.458936
755.859684
770.587574
785.384680
799.899757
813.665933
826.073929
836.339352
843.461642
846.171311
843.461642
836.339352
826.073929
813.665933
799.899757
785.384680
770.587574
755.859684
741.458936
727.568685
714.313379
702.426481
692.118490
683.243653
675.644678
669.165907
663.660708
658.995195
655.049672
651.718713
648.910466
646.545556
644.555816
642.882983
642.173905
643.842917
645.828128
648.187680
650.989600
654.313106
658.249874
662.905141
668.398407
674.863362
682.446461
691.303240
701.590956
713.455485
726.687242
740.554550
754.933573
769.641637
784.421503
798.922537
812.678266
825.079450
835.341244
842.462145
845.171539
842.462145
835.341244
825.079450
812.678266
798.922537
784.421503
769.641637
754.933573
740.554550
726.687242
713.455485
701.590956
691.303240
682.446461
674.863362
668.398407
662.905141
658.249874
654.313106
650.989600
648.187680
645.828128
643.842917
642.173905
641.468054
643.133264
645.113970
647.468190
650.263814
653.579900
657.507951
662.153015
667.634392
674.085575
681.652841
690.491595
700.759053
712.601200
725.809350
739.653598
754.010709
768.698680
783.460955
797.947510
811.692289
824.086125
834.343784
841.462912
844.171874
841.462912
834.343784
824.086125
811.692289
797.947510
783.460955
768.698680
754.010709
739.653598
725.809350
712.601200
700.759053
690.491595
681.652841
674.085575
667.634392
662.153015
657.507951
653.579900
650.263814
647.468190
645.113970
643.133264
641.468054
640.765369
642.426796
644.403020
646.751935
649.541291
652.849992
656.769364
661.404266
666.873797
673.311252
680.862728
689.683490
699.930708
711.750462
724.934948
738.756024
753.091046
767.758667
782.503011
796.974667
810.708009
823.093978
833.347012
840.463992
843.172374
840.463992
833.347012
823.093978
810.708009
796.974667
782.503011
767.758667
753.091046
738.756024
724.934948
711.750462
699.930708
689.683490
680.862728
673.311252
666.873797
661.404266
656.769364
652.849992
649.541291
646.751935
644.403020
642.426796
640.765369
640.065790
641.723455
643.695217
646.038853
648.821972
652.123320
656.034050
660.658830
666.116559
672.540331
680.076056
688.878862
699.105857
710.903209
724.063979
737.861778
752.174537
766.821562
781.547647
796.003997
809.725431
822.103033
832.350968
839.465437
842.173093
839.465437
832.350968
822.103033
809.725431
796.003997
781.547647
766.821562
752.174537
737.861778
724.063979
710.903209
699.105857
688.878862
680.076056
672.540331
666.116559
660.658830
656.034050
652.123320
648.821972
646.038853
643.695217
641.723455
640.065790
639.369261
641.023181
642.990505
645.328886
648.105796
651.399825
655.301949
659.916648
665.362617
671.772748
679.292766
688.077648
698.284440
710.059382
723.196389
736.970807
751.261140
765.887331
780.594841
795.035492
808.744562
821.113311
831.355689
838.467296
841.174085
838.467296
831.355689
821.113311
808.744562
795.035492
780.594841
765.887331
751.261140
736.970807
723.196389
710.059382
698.284440
688.077648
679.292766
671.772748
665.362617
659.916648
655.301949
651.399825
648.105796
645.328886
642.990505
641.023181
639.369261
638.675726
640.325920
642.288826
644.621977
647.392708
650.679448
654.573003
659.177659
664.611911
671.008445
678.512795
687.279789
697.466398
709.218924
722.332121
736.083063
750.350811
764.955939
779.644568
794.069140
807.765408
820.124835
830.361210
837.469616
840.175402
837.469616
830.361210
820.124835
807.765408
794.069140
779.644568
764.955939
750.350811
736.083063
722.332121
709.218924
697.466398
687.279789
678.512795
671.008445
664.611911
659.177659
654.573003
650.679448
647.392708
644.621977
642.288826
640.325920
638.675726
637.985131
639.631617
641.590127
643.918072
646.682650
649.962134
653.847155
658.441808
663.864383
670.247363
677.736087
686.485226
696.651672
708.381779
721.471124
735.198497
749.443509
764.027353
778.696807
793.104934
806.787973
819.137624
829.367566
836.472442
839.177093
836.472442
829.367566
819.137624
806.787973
793.104934
778.696807
764.027353
749.443509
735.198497
721.471124
708.381779
696.651672
686.485226
677.736087
670.247363
663.864383
658.441808
653.847155
649.962134
646.682650
643.918072
641.590127
639.631617
637.985131
637.297423
638.940219
640.894352
643.217116
645.975568
649.247828
653.124350
657.709037
663.119978
669.489445
676.962583
685.693902
695.840207
707.547893
720.613345
734.317063
748.539192
763.101540
777.751537
792.142865
805.812263
818.151698
828.374792
835.475820
838.179208
835.475820
828.374792
818.151698
805.812263
792.142865
777.751537
763.101540
748.539192
734.317063
720.613345
707.547893
695.840207
685.693902
676.962583
669.489445
663.119978
657.709037
653.124350
649.247828
645.975568
643.217116
640.894352
638.940219
637.297423
636.612551
638.251673
640.201451
642.519057
645.271411
648.536477
652.404534
656.979293
662.378640
668.734637
676.192229
684.905762
695.031948
706.717212
719.758735
733.438714
747.637821
762.178470
776.808735
791.182922
804.838282
817.167077
827.382921
834.479791
837.181793
834.479791
827.382921
817.167077
804.838282
791.182922
776.808735
762.178470
747.637821
733.438714
719.758735
706.717212
695.031948
684.905762
676.192229
668.734637
662.378640
656.979293
652.404534
648.536477
645.271411
642.519057
640.201451
638.251673
636.612551
635.930464
637.565931
639.511373
641.823844
644.570126
647.828028
651.687654
656.252524
661.640316
667.982883
675.424970
684.120753
694.226843
705.889685
718.907245
732.563406
746.739358
761.258112
775.868381
790.225097
803.866035
816.183780
826.391982
833.484398
836.184894
833.484398
826.391982
816.183780
803.866035
790.225097
775.868381
761.258112
746.739358
732.563406
718.907245
705.889685
694.226843
684.120753
675.424970
667.982883
661.640316
656.252524
651.687654
647.828028
644.570126
641.823844
639.511373
637.565931
635.930464
635.251115
636.882943
638.824070
641.131428
643.871665
647.122432
650.973660
655.528676
660.904954
667.234133
674.660755
683.338822
693.424839
705.065261
718.058828
731.691095
745.843765
760.340435
774.930454
789.269382
802.895527
815.201823
825.402009
832.489681
835.188555
832.489681
825.402009
815.201823
802.895527
789.269382
774.930454
760.340435
745.843765
731.691095
718.058828
705.065261
693.424839
683.338822
674.660755
667.234133
660.904954
655.528676
650.973660
647.122432
643.871665
641.131428
638.824070
636.882943
635.251115
634.574456
636.202662
638.139492
640.441760
643.175977
646.419639
650.262503
654.807702
660.172504
666.488336
673.899532
682.559919
692.625886
704.243894
717.213437
730.821740
744.951005
759.425411
773.994936
788.315767
801.926761
814.221225
824.413029
831.495678
834.192818
831.495678
824.413029
814.221225
801.926761
788.315767
773.994936
759.425411
744.951005
730.821740
717.213437
704.243894
692.625886
682.559919
673.899532
666.488336
660.172504
654.807702
650.262503
646.419639
643.175977
640.441760
638.139492
636.202662
634.574456
633.900442
635.525042
637.457594
639.754794
642.483017
645.719603
649.554134
654.089552
659.442917
665.745442
673.141251
681.783993
691.829936
703.425533
716.371028
729.955300
744.061044
758.513010
773.061806
787.364244
800.959741
813.242002
823.425071
830.502428
833.197725
830.502428
823.425071
813.242002
800.959741
787.364244
773.061806
758.513010
744.061044
729.955300
716.371028
703.425533
691.829936
681.783993
673.141251
665.745442
659.442917
654.089552
649.554134
645.719603
642.483017
639.754794
637.457594
635.525042
633.900442
633.229027
634.850038
636.778330
639.070484
641.792737
645.022276
648.848506
653.374179
658.716145
665.005402
672.385866
681.010997
691.036941
702.610135
715.531557
729.091734
743.173845
757.603207
772.131045
786.414806
799.994470
812.264170
822.438164
829.509966
832.203316
829.509966
822.438164
812.264170
799.994470
786.414806
772.131045
757.603207
743.173845
729.091734
715.531557
702.610135
691.036941
681.010997
672.385866
665.005402
658.716145
653.374179
648.848506
645.022276
641.792737
639.070484
636.778330
634.850038
633.229027
632.560169
634.177606
636.101658
638.388787
641.105095
644.327613
648.145575
652.661537
657.992142
664.268172
671.633328
680.240884
690.246855
701.797653
714.694981
728.231004
742.289376
756.695972
771.202636
785.467442
799.030952
811.287743
821.452333
828.518328
831.209628
828.518328
821.452333
811.287743
799.030952
785.467442
771.202636
756.695972
742.289376
728.231004
714.694981
701.797653
690.246855
680.240884
671.633328
664.268172
657.992142
652.661537
648.145575
644.327613
641.105095
638.388787
636.101658
634.177606
632.560169
631.893826
633.507704
635.427533
637.709658
640.420045
643.635571
647.445295
651.951581
657.270863
663.533704
670.883592
679.473608
689.459633
700.988045
713.861259
727.373072
741.407604
755.791281
770.276560
784.522146
798.069190
810.312738
820.467604
827.527547
830.216701
827.527547
820.467604
810.312738
798.069190
784.522146
770.276560
755.791281
741.407604
727.373072
713.861259
700.988045
689.459633
679.473608
670.883592
663.533704
657.270863
651.951581
647.445295
643.635571
640.420045
637.709658
635.427533
633.507704
631.893826
631.229956
632.840290
634.755915
637.033057
639.737547
642.946108
646.747625
651.244268
656.552264
662.801956
670.136614
678.709126
688.675231
700.181267
713.030351
726.517900
740.528496
754.889107
769.352798
783.578910
797.109187
809.339168
819.484002
826.537658
829.224569
826.537658
819.484002
809.339168
797.109187
783.578910
769.352798
754.889107
740.528496
726.517900
713.030351
700.181267
688.675231
678.709126
670.136614
662.801956
656.552264
651.244268
646.747625
642.946108
639.737547
637.033057
634.755915
632.840290
631.229956
630.568519
632.175326
634.086763
636.358942
639.057558
642.259181
646.052522
650.539557
655.836302
662.072883
669.392350
677.947394
687.893606
699.377278
712.202217
725.665454
739.652021
753.989425
768.431336
782.637725
796.150945
808.367047
818.501552
825.548691
828.233267
825.548691
818.501552
808.367047
796.150945
782.637725
768.431336
753.989425
739.652021
725.665454
712.202217
699.377278
687.893606
677.947394
669.392350
662.072883
655.836302
650.539557
646.052522
642.259181
639.057558
636.358942
634.086763
632.175326
630.568519
629.909478
631.512770
633.420038
635.687274
638.380040
641.574751
645.359944
649.837404
655.122936
661.346444
668.650759
677.188370
687.114718
698.576038
711.376820
724.815698
738.778148
753.092211
767.512154
781.698583
795.194466
807.396387
817.520276
824.560677
827.242830
824.560677
817.520276
807.396387
795.194466
781.698583
767.512154
753.092211
738.778148
724.815698
711.376820
698.576038
687.114718
677.188370
668.650759
661.346444
655.122936
649.837404
645.359944
641.574751
638.380040
635.687274
633.420038
631.512770
629.909478
629.252793
630.852587
632.755702
635.018014
637.704952
640.892778
644.669854
649.137772
654.412126
660.622599
667.911800
676.432013
686.338525
697.777507
710.554122
723.968598
737.906849
752.197441
766.595237
780.761478
794.239754
806.427203
816.540196
823.573646
826.253290
823.573646
816.540196
806.427203
794.239754
780.761478
766.595237
752.197441
737.906849
723.968598
710.554122
697.777507
686.338525
676.432013
667.911800
660.622599
654.412126
649.137772
644.669854
640.892778
637.704952
635.018014
632.755702
630.852587
629.252793
628.598428
630.194737
632.093716
634.351125
637.032258
640.213224
643.982212
648.440620
653.703832
659.901308
667.175432
675.678285
685.564989
696.981649
709.734087
723.124121
737.038094
751.305091
765.680568
779.826400
793.286809
805.459505
815.561335
822.587627
825.264679
822.587627
815.561335
805.459505
793.286809
779.826400
765.680568
751.305091
737.038094
723.124121
709.734087
696.981649
685.564989
675.678285
667.175432
659.901308
653.703832
648.440620
643.982212
640.213224
637.032258
634.351125
632.093716
630.194737
628.598428
627.946348
629.539187
631.434046
633.686570
636.361921
639.536052
643.296981
647.745911
652.998016
659.182532
666.441619
674.927145
684.794072
696.188424
708.916680
722.282234
736.171855
750.415140
764.768132
778.893343
792.335634
804.493305
814.583713
821.602648
824.277027
821.602648
814.583713
804.493305
792.335634
778.893343
764.768132
750.415140
736.171855
722.282234
708.916680
696.188424
684.794072
674.927145
666.441619
659.182532
652.998016
647.745911
643.296981
639.536052
636.361921
633.686570
631.434046
629.539187
627.946348
627.296517
628.885900
630.776656
633.024315
635.693904
638.861226
642.614124
647.053608
652.294641
658.466234
665.710320
674.178557
684.025736
695.397798
708.101867
721.442906
735.308105
749.527564
763.857913
777.962300
791.386231
803.528616
813.607350
820.618734
823.290364
820.618734
813.607350
803.528616
791.386231
777.962300
763.857913
749.527564
735.308105
721.442906
708.101867
695.397798
684.025736
674.178557
665.710320
658.466234
652.294641
647.053608
642.614124
638.861226
635.693904
633.024315
630.776656
628.885900
627.296517
626.648902
628.234842
630.121511
632.364323
635.028173
638.188711
641.933605
646.363675
651.593670
657.752377
664.981501
673.432484
683.259945
694.609735
707.289613
720.606107
734.446816
748.642343
762.949897
777.033263
790.438600
802.565446
812.632266
819.635914
822.304719
819.635914
812.632266
802.565446
790.438600
777.033263
762.949897
748.642343
734.446816
720.606107
707.289613
694.609735
683.259945
673.432484
664.981501
657.752377
651.593670
646.363675
641.933605
638.188711
635.028173
632.364323
630.121511
628.234842
626.648902
626.003471
627.585981
629.468579
631.706563
634.364695
637.518472
641.255391
645.676078
650.895069
657.040927
664.255125
672.688890
682.496663
693.824201
706.479888
719.771807
733.587963
747.759454
762.044068
776.106224
789.492744
801.603807
811.658479
818.654210
821.320118
818.654210
811.658479
801.603807
789.492744
776.106224
762.044068
747.759454
733.587963
719.771807
706.479888
693.824201
682.496663
672.688890
664.255125
657.040927
650.895069
645.676078
641.255391
637.518472
634.364695
631.706563
629.468579
627.585981
626.003471
625.360190
626.939285
628.817827
631.051000
633.703435
636.850476
640.579448
644.990782
650.198803
656.331847
663.531158
671.947741
681.735858
693.041163
705.672658
718.939976
732.731520
746.878878
761.140411
775.181177
788.548664
800.643709
810.686007
817.673648
820.336589
817.673648
810.686007
800.643709
788.548664
775.181177
761.140411
746.878878
732.731520
718.939976
705.672658
693.041163
681.735858
671.947741
663.531158
656.331847
650.198803
644.990782
640.579448
636.850476
633.703435
631.051000
628.817827
626.939285
625.360190
624.719028
626.294721
628.169223
630.397604
633.044362
636.184691
639.905742
644.307754
649.504839
655.625106
662.809566
671.209003
680.977494
692.260587
704.867893
718.110587
731.877462
746.000594
760.238913
774.258114
787.606359
799.685161
809.714867
816.694251
819.354157
816.694251
809.714867
799.685161
787.606359
774.258114
760.238913
746.000594
731.877462
718.110587
704.867893
692.260587
680.977494
671.209003
662.809566
655.625106
649.504839
644.307754
639.905742
636.184691
633.044362
630.397604
628.169223
626.294721
624.719028
624.079957
625.652260
627.522736
629.746343
632.387445
635.521085
639.234243
643.626962
648.813144
654.920669
662.090315
670.472643
680.221541
691.482443
704.065564
717.283610
731.025766
745.124583
759.339560
773.337030
786.665833
798.728171
808.745077
815.716042
818.372847
815.716042
808.745077
798.728171
786.665833
773.337030
759.339560
745.124583
731.025766
717.283610
704.065564
691.482443
680.221541
670.472643
662.090315
654.920669
648.813144
643.626962
639.234243
635.521085
632.387445
629.746343
627.522736
625.652260
624.079957
623.442945
625.011871
626.878337
629.097187
631.732654
634.859628
638.564918
642.948375
648.123687
654.218506
661.373375
669.738630
679.467965
690.706699
703.265640
716.459021
730.176407
744.250826
758.442339
772.417915
785.727084
797.772750
807.776653
814.739041
817.392683
814.739041
807.776653
797.772750
785.727084
772.417915
758.442339
744.250826
730.176407
716.459021
703.265640
690.706699
679.467965
669.738630
661.373375
654.218506
648.123687
642.948375
638.564918
634.859628
631.732654
629.097187
626.878337
625.011871
623.442945
622.807964
624.373526
626.235997
628.450107
631.079958
634.200290
637.897739
642.271963
647.436437
653.518585
660.658714
669.006931
678.716737
689.933326
702.468093
715.636791
729.329362
743.379303
757.547235
771.500765
784.790114
796.818904
806.809609
813.763271
816.413688
813.763271
806.809609
796.818904
784.790114
771.500765
757.547235
743.379303
729.329362
715.636791
702.468093
689.933326
678.716737
669.006931
660.658714
653.518585
647.436437
642.271963
637.897739
634.200290
631.079958
628.450107
626.235997
624.373526
622.807964
622.174986
623.737197
625.595687
627.805074
630.429329
633.543041
637.232675
641.597695
646.751364
652.820876
659.946301
668.277517
677.967826
689.162295
701.672896
714.816897
728.484610
742.509996
756.654236
770.585572
783.854923
795.866642
805.843961
812.788751
815.435886
812.788751
805.843961
795.866642
783.854923
770.585572
756.654236
742.509996
728.484610
714.816897
701.672896
689.162295
677.967826
668.277517
659.946301
652.820876
646.751364
641.597695
637.232675
633.543041
630.429329
627.805074
625.595687
623.737197
622.174986
621.543984
623.102855
624.957379
627.162060
629.780739
632.887854
636.569698
640.925543
646.068439
652.125349
659.236107
667.550358
677.221203
688.393576
700.880021
713.999312
727.642127
741.642889
755.763328
769.672330
782.921511
794.915972
804.879723
811.815500
814.459296
811.815500
804.879723
794.915972
782.921511
769.672330
755.763328
741.642889
727.642127
713.999312
700.880021
688.393576
677.221203
667.550358
659.236107
652.125349
646.068439
640.925543
636.569698
632.887854
629.780739
627.162060
624.957379
623.102855
621.543984
620.914932
622.470476
624.321048
626.521039
629.134161
632.234701
635.908780
640.255479
645.387633
651.431977
658.528103
666.825426
676.476840
687.627142
700.089442
713.184013
726.801894
740.777962
754.874501
768.761031
781.989879
793.966901
803.916909
810.843539
813.483940
810.843539
803.916909
793.966901
781.989879
768.761031
754.874501
740.777962
726.801894
713.184013
700.089442
687.627142
676.476840
666.825426
658.528103
651.431977
645.387633
640.255479
635.908780
632.234701
629.134161
626.521039
624.321048
622.470476
620.914932
620.287803
621.840032
623.686666
625.881984
628.489567
631.583554
635.249895
639.587476
644.708919
650.740730
657.822262
666.102692
675.734709
686.862966
699.301134
712.370976
725.963888
739.915199
753.987741
767.851670
781.060026
793.019435
802.955533
809.872884
812.509839
809.872884
802.955533
793.019435
781.060026
767.851670
753.987741
739.915199
725.963888
712.370976
699.301134
686.862966
675.734709
666.102692
657.822262
650.740730
644.708919
639.587476
635.249895
631.583554
628.489567
625.881984
623.686666
621.840032
620.287803
619.662573
621.211498
623.054208
625.244869
627.846933
630.934389
634.593015
638.921506
644.032271
650.051583
657.118555
665.382129
674.994782
686.101023
698.515070
711.560177
725.128089
739.054584
753.103036
766.944240
780.131953
792.073581
801.995607
808.903554
811.537011
808.903554
801.995607
792.073581
780.131953
766.944240
753.103036
739.054584
725.128089
711.560177
698.515070
686.101023
674.994782
665.382129
657.118555
650.051583
644.032271
638.921506
634.593015
630.934389
627.846933
625.244869
623.054208
621.211498
619.662573
619.039217
620.584850
622.423649
624.609670
627.206233
630.287179
633.938115
638.257544
643.357661
649.364508
656.416957
664.663711
674.257035
685.341285
697.731228
710.751595
724.294479
738.196099
752.220374
766.038735
779.205659
791.129345
801.037143
807.935564
810.565476
807.935564
801.037143
791.129345
779.205659
766.038735
752.220374
738.196099
724.294479
710.751595
697.731228
685.341285
674.257035
664.663711
656.416957
649.364508
643.357661
638.257544
633.938115
630.287179
627.206233
624.609670
622.423649
620.584850
619.039217
618.417711
619.960064
621.794966
623.976362
626.567443
629.641899
633.285170
637.595564
642.685064
648.679480
655.717442
663.947411
673.521440
684.583728
696.949582
709.945206
723.463036
737.339730
751.339744
765.135149
778.281144
790.186734
800.080153
806.968933
809.595250
806.968933
800.080153
790.186734
778.281144
765.135149
751.339744
737.339730
723.463036
709.945206
696.949582
684.583728
673.521440
663.947411
655.717442
648.679480
642.685064
637.595564
633.285170
629.641899
626.567443
623.976362
621.794966
619.960064
618.417711
617.798032
619.337116
621.168135
623.344921
625.930538
628.998526
632.634156
636.935543
642.014456
647.996474
655.019984
663.233205
672.787973
683.828329
696.170110
709.140990
722.633743
736.485460
750.461135
764.233474
777.358407
789.245753
799.124648
806.003674
808.626352
806.003674
799.124648
789.245753
777.358407
764.233474
750.461135
736.485460
722.633743
709.140990
696.170110
683.828329
672.787973
663.233205
655.019984
647.996474
642.014456
636.935543
632.634156
628.998526
625.930538
623.344921
621.168135
619.337116
617.798032
617.180157
618.715984
620.543132
622.715325
625.295495
628.357037
631.985048
636.277455
641.345812
647.315465
654.324558
662.521069
672.056611
683.075062
695.392789
708.338926
721.806581
735.633275
749.584536
763.333706
776.437449
788.306407
798.170640
805.039803
807.658799
805.039803
798.170640
788.306407
776.437449
763.333706
749.584536
735.633275
721.806581
708.338926
695.392789
683.075062
672.056611
662.521069
654.324558
647.315465
641.345812
636.277455
631.985048
628.357037
625.295495
622.715325
620.543132
618.715984
617.180157
616.564065
618.096646
619.919937
622.087550
624.662292
627.717408
631.337825
635.621278
640.679108
646.636430
653.631142
661.810977
671.327328
682.323905
694.617597
707.538994
720.981531
734.783159
748.709935
762.435837
775.518267
787.368701
797.218139
804.077335
806.692605
804.077335
797.218139
787.368701
775.518267
762.435837
748.709935
734.783159
720.981531
707.538994
694.617597
682.323905
671.327328
661.810977
653.631142
646.636430
640.679108
635.621278
631.337825
627.717408
624.662292
622.087550
619.919937
618.096646
616.564065
615.949734
617.479079
619.298526
621.461576
624.030907
627.079616
630.692463
634.966989
640.014322
645.959345
652.939711
661.102907
670.600102
681.574836
693.844513
706.741172
720.158576
733.935097
747.837321
761.539862
774.600863
786.432641
796.267154
803.116283
805.727788
803.116283
796.267154
786.432641
774.600863
761.539862
747.837321
733.935097
720.158576
706.741172
693.844513
681.574836
670.600102
661.102907
652.939711
645.959345
640.014322
634.966989
630.692463
627.079616
624.030907
621.461576
619.298526
617.479079
615.949734
615.337143
616.863264
618.678879
620.837380
623.401318
626.443641
630.048940
634.314566
639.351432
645.284188
652.250243
660.396836
669.874910
680.827832
693.073515
705.945443
719.337699
733.089077
746.966686
760.645776
773.685234
785.498231
795.317696
802.156662
804.764362
802.156662
795.317696
785.498231
773.685234
760.645776
746.966686
733.089077
719.337699
705.945443
693.073515
680.827832
669.874910
660.396836
652.250243
645.284188
639.351432
634.314566
630.048940
626.443641
623.401318
620.837380
618.678879
616.863264
615.337143
614.726272
616.249179
618.060975
620.214943
622.773504
625.809461
629.407236
633.663987
638.690415
644.610938
651.562715
659.692742
669.151731
680.082872
692.304583
705.151787
718.518884
732.245082
746.098017
759.753571
772.771380
784.565474
794.369773
801.198483
803.802340
801.198483
794.369773
784.565474
772.771380
759.753571
746.098017
732.245082
718.518884
705.151787
692.304583
680.082872
669.151731
659.692742
651.562715
644.610938
638.690415
633.663987
629.407236
625.809461
622.773504
620.214943
618.060975
616.249179
614.726272
614.117101
615.636805
617.444794
619.594243
622.147445
625.177056
628.767329
633.015231
638.031250
643.939571
650.877107
658.990604
668.430543
679.339935
691.537697
704.360185
717.702113
731.403101
745.231305
758.863243
771.859300
783.634376
793.423395
800.241759
802.841738
800.241759
793.423395
783.634376
771.859300
758.863243
745.231305
731.403101
717.702113
704.360185
691.537697
679.339935
668.430543
658.990604
650.877107
643.939571
638.031250
633.015231
628.767329
625.177056
622.147445
619.594243
617.444794
615.636805
614.117101
613.509611
615.026122
616.830317
618.975261
621.523121
624.546405
628.129198
632.368277
637.373917
643.270068
650.193397
658.290400
667.711325
678.599001
690.772838
703.570619
716.887370
730.563119
744.366540
757.974785
770.948992
782.704939
792.478569
799.286503
801.882568
799.286503
792.478569
782.704939
770.948992
757.974785
744.366540
730.563119
716.887370
703.570619
690.772838
678.599001
667.711325
658.290400
650.193397
643.270068
637.373917
632.368277
628.129198
624.546405
621.523121
618.975261
616.830317
615.026122
613.509611
612.903782
614.417112
616.217525
618.357978
620.900512
623.917489
627.492825
631.723107
636.718396
642.602409
649.511565
657.592110
666.994057
677.860049
690.009986
702.783073
716.074640
729.725124
743.503713
757.088192
770.040456
781.777168
791.535304
798.332725
800.924843
798.332725
791.535304
781.777168
770.040456
757.088192
743.503713
729.725124
716.074640
702.783073
690.009986
677.860049
666.994057
657.592110
649.511565
642.602409
636.718396
631.723107
627.492825
623.917489
620.900512
618.357978
616.217525
614.417112
612.903782
612.299598
613.809755
615.606399
617.742376
620.279601
623.290289
626.858190
631.079700
636.064666
641.936572
648.831591
656.895714
666.278719
677.123061
689.249123
701.997528
715.263908
728.889103
742.642813
756.203458
769.133690
780.851066
790.593607
797.380436
799.968576
797.380436
790.593607
780.851066
769.133690
756.203458
742.642813
728.889103
715.263908
701.997528
689.249123
677.123061
666.278719
656.895714
648.831591
641.936572
636.064666
631.079700
626.858190
623.290289
620.279601
617.742376
615.606399
613.809755
612.299598
611.697039
613.204034
614.996920
617.128435
619.660367
622.664787
626.225275
630.438037
635.412708
641.272540
648.153455
656.201192
665.565292
676.388018
688.490232
701.213967
714.455159
728.055042
741.783831
755.320577
768.228693
779.926635
789.653487
796.429647
799.013777
796.429647
789.653487
779.926635
768.228693
755.320577
741.783831
728.055042
714.455159
701.213967
688.490232
676.388018
665.565292
656.201192
648.153455
641.272540
635.412708
630.438037
626.225275
622.664787
619.660367
617.128435
614.996920
613.204034
611.697039
611.096088
612.599932
614.389072
616.516138
619.042794
622.040964
625.594060
629.798100
634.762505
640.610293
647.477138
655.508526
664.853757
675.654900
687.733293
700.432375
713.648377
727.222931
740.926759
754.439544
767.325464
779.003880
788.714948
795.480369
798.060460
795.480369
788.714948
779.003880
767.325464
754.439544
740.926759
727.222931
713.648377
700.432375
687.733293
675.654900
664.853757
655.508526
647.477138
640.610293
634.762505
629.798100
625.594060
622.040964
619.042794
616.516138
614.389072
612.599932
611.096088
610.496729
611.997431
613.782837
615.905469
618.426864
621.418802
624.964529
629.159871
634.114038
639.949813
646.802622
654.817696
664.144096
674.923691
686.978291
699.652736
712.843549
726.392756
740.071586
753.560353
766.424000
778.082802
787.778000
794.532610
797.108633
794.532610
787.778000
778.082802
766.424000
753.560353
740.071586
726.392756
712.843549
699.652736
686.978291
674.923691
664.144096
654.817696
646.802622
639.949813
634.114038
629.159871
624.964529
621.418802
618.426864
615.905469
613.782837
611.997431
610.496729
609.898945
611.396515
613.178198
615.296409
617.812560
620.798285
624.336663
628.523332
633.467288
639.291082
646.129889
654.128686
663.436290
674.194372
686.225207
698.875032
712.040660
725.564507
739.218305
752.682999
765.524301
777.163404
786.842647
793.586381
796.158309
793.586381
786.842647
777.163404
765.524301
752.682999
739.218305
725.564507
712.040660
698.875032
686.225207
674.194372
663.436290
654.128686
646.129889
639.291082
633.467288
628.523332
624.336663
620.798285
617.812560
615.296409
613.178198
611.396515
609.898945
609.302719
610.797168
612.575140
614.688944
617.199866
620.179395
623.710446
627.888466
632.822240
638.634083
645.458922
653.441476
662.730322
673.466926
685.474027
698.099250
711.239697
724.738171
738.366906
751.807476
764.626364
776.245688
785.908896
792.641689
795.209496
792.641689
785.908896
776.245688
764.626364
751.807476
738.366906
724.738171
711.239697
698.099250
685.474027
673.466926
662.730322
653.441476
645.458922
638.634083
632.822240
627.888466
623.710446
620.179395
617.199866
614.688944
612.575140
610.797168
609.302719
608.708037
610.199374
611.973646
614.083055
616.588764
619.562117
623.085862
627.255257
632.178875
637.978798
644.789702
652.756051
662.026175
672.741337
684.724733
697.325375
710.440647
723.913738
737.517380
750.933779
763.730188
775.329657
784.976752
791.698543
794.262205
791.698543
784.976752
775.329657
763.730188
750.933779
737.517380
723.913738
710.440647
697.325375
684.724733
672.741337
662.026175
652.756051
644.789702
637.978798
632.178875
627.255257
623.085862
619.562117
616.588764
614.083055
611.973646
610.199374
608.708037
608.114883
609.603117
611.373700
613.478729
615.979240
618.946435
622.462894
626.623688
631.537177
637.325211
644.122214
652.072394
661.323832
672.017588
683.977310
696.553391
709.643496
723.091195
736.669720
750.061903
762.835772
774.415313
784.046221
790.756952
793.316444
790.756952
784.046221
774.415313
762.835772
750.061903
736.669720
723.091195
709.643496
696.553391
683.977310
672.017588
661.323832
652.072394
644.122214
637.325211
631.537177
626.623688
622.462894
618.946435
615.979240
613.478729
611.373700
609.603117
608.114883
607.523242
609.008382
610.775288
612.875949
615.371278
618.332332
621.841527
625.993743
630.897131
636.673306
643.456441
651.390487
660.623278
671.295664
683.231743
695.783284
708.848232
722.270533
735.823917
749.191842
761.943112
773.502657
783.117309
789.816924
792.372222
789.816924
783.117309
773.502657
761.943112
749.191842
735.823917
722.270533
708.848232
695.783284
683.231743
671.295664
660.623278
651.390487
643.456441
636.673306
630.897131
625.993743
621.841527
618.332332
615.371278
612.875949
610.775288
609.008382
607.523242
606.933099
608.415155
610.178395
612.274701
614.764863
617.719794
621.221745
625.365408
630.258721
636.023066
642.792367
650.710315
659.924495
670.575548
682.488017
695.015041
708.054841
721.451741
734.979962
748.323591
761.052208
772.591690
782.190020
788.878465
791.429549
788.878465
782.190020
772.591690
761.052208
748.323591
734.979962
721.451741
708.054841
695.015041
682.488017
670.575548
659.924495
650.710315
642.792367
636.023066
630.258721
625.365408
621.221745
617.719794
614.764863
612.274701
610.178395
608.415155
606.933099
606.344440
607.823422
609.583007
611.674971
614.159981
617.108806
620.603533
624.738666
629.621931
635.374477
642.129977
650.031863
659.227470
669.857226
681.746117
694.248648
707.263312
720.634808
734.137848
747.457145
760.163058
771.682415
781.264358
787.941583
790.488431
787.941583
781.264358
771.682415
760.163058
747.457145
734.137848
720.634808
707.263312
694.248648
681.746117
669.857226
659.227470
650.031863
642.129977
635.374477
629.621931
624.738666
620.603533
617.108806
614.159981
611.674971
609.583007
607.823422
606.344440
605.757251
607.233168
608.989109
611.076744
613.556617
616.499354
619.986877
624.113503
628.986747
634.727524
641.469256
649.355115
658.532186
669.140683
681.006029
693.484091
706.473633
719.819724
733.297566
746.592498
759.275659
770.774833
780.340329
787.006284
789.548877
787.006284
780.340329
770.774833
759.275659
746.592498
733.297566
719.819724
706.473633
693.484091
681.006029
669.140683
658.532186
649.355115
641.469256
634.727524
628.986747
624.113503
619.986877
616.499354
613.556617
611.076744
608.989109
607.233168
605.757251
605.171520
606.644380
608.396687
610.480006
612.954757
615.891423
619.371763
623.489905
628.353154
634.082191
640.810188
648.680056
657.838630
668.425904
680.267739
692.721357
705.685792
719.006479
732.459110
745.729646
758.390009
769.868944
779.417935
786.072575
788.610893
786.072575
779.417935
769.868944
758.390009
745.729646
732.459110
719.006479
705.685792
692.721357
680.267739
668.425904
657.838630
648.680056
640.810188
634.082191
628.353154
623.489905
619.371763
615.891423
612.954757
610.480006
608.396687
606.644380
605.171520
604.587232
606.057045
607.805729
609.884744
612.354387
615.285000
618.758176
622.867857
627.721137
633.438465
640.152759
648.006673
657.146785
667.712876
679.531233
691.960435
704.899777
718.195064
731.622470
744.868584
757.506107
768.964750
778.497182
785.140463
787.674488
785.140463
778.497182
768.964750
757.506107
744.868584
731.622470
718.195064
704.899777
691.960435
679.531233
667.712876
657.146785
648.006673
640.152759
633.438465
627.721137
622.867857
618.758176
615.285000
612.354387
609.884744
607.805729
606.057045
604.587232
604.004375
605.471150
607.216222
609.290945
611.755495
614.680072
618.146104
622.247347
627.090684
632.796331
639.496956
647.334950
656.456640
667.001584
678.796499
691.201310
704.115577
717.385468
730.787640
744.009305
756.623949
768.062252
777.578073
784.209952
786.739667
784.209952
777.578073
768.062252
756.623949
744.009305
730.787640
717.385468
704.115577
691.201310
678.796499
667.001584
656.456640
647.334950
639.496956
632.796331
627.090684
622.247347
618.146104
614.680072
611.755495
609.290945
607.216222
605.471150
604.004375
603.422937
604.886682
606.628152
608.698596
611.158068
614.076625
617.535533
621.628361
626.461781
632.155777
638.842764
646.664875
655.768179
666.292014
678.063523
690.443971
703.333181
716.577681
729.954612
743.151806
755.743535
767.161449
776.660611
783.281049
785.806437
783.281049
776.660611
767.161449
755.743535
743.151806
729.954612
716.577681
703.333181
690.443971
678.063523
666.292014
655.768179
646.664875
638.842764
632.155777
626.461781
621.628361
617.535533
614.076625
611.158068
608.698596
606.628152
604.886682
603.422937
602.842904
604.303629
606.041507
608.107685
610.562093
613.474647
616.926450
621.010885
625.834414
631.516788
638.190171
645.996433
655.081389
665.584155
677.332291
689.688406
702.552578
715.771696
729.123379
742.296082
754.864860
766.262344
775.744800
782.353758
784.874804
782.353758
775.744800
766.262344
754.864860
742.296082
729.123379
715.771696
702.552578
689.688406
677.332291
665.584155
655.081389
645.996433
638.190171
631.516788
625.834414
621.010885
616.926450
613.474647
610.562093
608.107685
606.041507
604.303629
602.842904
602.264266
603.721979
605.456276
607.518199
609.967557
612.874125
616.318842
620.394907
625.208570
630.879351
637.539162
645.329611
654.396257
664.877992
676.602793
688.934604
701.773758
714.967502
728.293933
741.442127
753.987924
765.364936
774.830642
781.428085
783.944773
781.428085
774.830642
765.364936
753.987924
741.442127
728.293933
714.967502
701.773758
688.934604
676.602793
664.877992
654.396257
645.329611
637.539162
630.879351
625.208570
620.394907
616.318842
612.874125
609.967557
607.518199
605.456276
603.721979
602.264266
601.687010
603.141720
604.872447
606.930127
609.374449
612.275047
615.712698
619.780414
624.584238
630.243455
636.889726
644.664398
653.712771
664.173513
675.875016
688.182552
700.996710
714.165091
727.466268
740.589936
753.112724
764.469225
773.918140
780.504034
783.016351
780.504034
773.918140
764.469225
753.112724
740.589936
727.466268
714.165091
700.996710
688.182552
675.875016
664.173513
653.712771
644.664398
636.889726
630.243455
624.584238
619.780414
615.712698
612.275047
609.374449
606.930127
604.872447
603.141720
601.687010
601.111125
602.562841
604.290007
606.343456
608.782757
611.677401
615.108006
619.167396
623.961404
629.609086
636.241849
644.000779
653.030918
663.470706
675.148948
687.432240
700.221425
713.364454
726.640376
739.739505
752.239257
763.575212
773.007297
779.581610
782.089542
779.581610
773.007297
763.575212
752.239257
739.739505
726.640376
713.364454
700.221425
687.432240
675.148948
663.470706
653.030918
644.000779
636.241849
629.609086
623.961404
619.167396
615.108006
611.677401
608.782757
606.343456
604.290007
602.562841
601.111125
600.536601
601.985331
603.708946
605.758176
608.192469
611.081177
614.504753
618.555838
623.340058
628.976232
635.595520
643.338743
652.350686
662.769560
674.424577
686.683657
699.447891
712.565582
725.816251
738.890829
751.367521
762.682896
772.098116
778.660816
781.164352
778.660816
772.098116
762.682896
751.367521
738.890829
725.816251
712.565582
699.447891
686.683657
674.424577
662.769560
652.350686
643.338743
635.595520
628.976232
623.340058
618.555838
614.504753
611.081177
608.192469
605.758176
603.708946
601.985331
600.536601
599.963426
601.409178
603.129252
605.174276
607.603575
610.486361
613.902928
617.945731
622.720186
628.344882
634.950727
642.678278
651.672063
662.070061
673.701891
685.936792
698.676099
711.768466
724.993885
738.043902
750.497513
761.792279
771.190597
777.741658
780.240784
777.741658
771.190597
761.792279
750.497513
738.043902
724.993885
711.768466
698.676099
685.936792
673.701891
662.070061
651.672063
642.678278
634.950727
628.344882
622.720186
617.945731
613.902928
610.486361
607.603575
605.174276
603.129252
601.409178
599.963426
599.391589
600.834372
602.550916
604.591744
607.016063
609.892945
613.302521
617.337063
622.101778
627.715024
634.307458
642.019373
650.995036
661.372199
672.980881
685.191634
697.906041
710.973099
724.173272
737.198721
749.629232
760.903358
770.284745
776.824138
779.318844
776.824138
770.284745
760.903358
749.629232
737.198721
724.173272
710.973099
697.906041
685.191634
672.980881
661.372199
650.995036
642.019373
634.307458
627.715024
622.101778
617.337063
613.302521
609.892945
607.016063
604.591744
602.550916
600.834372
599.391589
598.821081
600.260904
601.973926
604.010570
606.429922
609.300915
612.703520
616.729823
621.484823
627.086647
633.665701
641.362015
650.319595
660.675962
672.261534
684.448173
697.137705
710.179473
723.354405
736.355281
748.762673
760.016136
769.380560
775.908261
778.398535
775.908261
769.380560
760.016136
748.762673
736.355281
723.354405
710.179473
697.137705
684.448173
672.261534
660.675962
650.319595
641.362015
633.665701
627.086647
621.484823
616.729823
612.703520
609.300915
606.429922
604.010570
601.973926
600.260904
598.821081
598.251891
599.688761
601.398272
603.430745
605.845143
608.710264
612.105914
616.123999
620.869309
626.459740
633.025445
640.706193
649.645729
659.981339
671.543841
683.706400
696.371083
709.387578
722.537278
735.513576
747.897836
759.130609
768.478044
774.994029
777.479861
774.994029
768.478044
759.130609
747.897836
735.513576
722.537278
709.387578
696.371083
683.706400
671.543841
659.981339
649.645729
640.706193
633.025445
626.459740
620.869309
616.123999
612.105914
608.710264
605.845143
603.430745
601.398272
599.688761
598.251891
597.684010
599.117935
600.823945
602.852256
605.261716
608.120979
611.509694
615.519582
620.255227
625.834292
632.386681
640.051898
648.973427
659.288321
670.827790
682.966303
695.606167
708.597408
721.721884
734.673603
747.034716
758.246779
767.577199
774.081445
776.562827
774.081445
767.577199
758.246779
747.034716
734.673603
721.721884
708.597408
695.606167
682.966303
670.827790
659.288321
648.973427
640.051898
632.386681
625.834292
620.255227
615.519582
611.509694
608.120979
605.261716
602.852256
600.823945
599.117935
597.684010
597.117427
598.548417
600.250935
602.275096
604.679629
607.533050
610.914849
614.916562
619.642565
625.210293
631.749396
639.399117
648.302677
658.596895
670.113372
682.227874
694.842946
707.808954
720.908217
733.835356
746.173312
757.364645
766.678025
773.170513
775.647435
773.170513
766.678025
757.364645
746.173312
733.835356
720.908217
707.808954
694.842946
682.227874
670.113372
658.596895
648.302677
639.399117
631.749396
625.210293
619.642565
614.916562
610.914849
607.533050
604.679629
602.275096
600.250935
598.548417
597.117427
596.552134
597.980196
599.679231
601.699254
604.098874
606.946469
610.321369
614.314928
619.031314
624.587731
631.113581
638.747841
647.633470
657.907052
669.400577
681.491103
694.081413
707.022208
720.096271
732.998830
745.313620
756.484206
765.780525
772.261234
774.733689
772.261234
765.780525
756.484206
745.313620
732.998830
720.096271
707.022208
694.081413
681.491103
669.400577
657.907052
647.633470
638.747841
631.113581
624.587731
619.031314
614.314928
610.321369
606.946469
604.098874
601.699254
599.679231
597.980196
596.552134
