907.470575
925.622931
922.760634
923.211322
923.140343
923.151521
923.149760
923.150038
923.149994
923.150001
923.150001
923.149994
923.150038
923.149760
923.151521
923.140343
923.211322
922.760634
925.622931
907.470575
895.080167
926.168230
922.898467
923.154413
923.154849
923.148363
923.150395
923.149916
923.150017
923.149997
923.149997
923.150017
923.149916
923.150395
923.148363
923.154849
923.154413
922.898467
926.168230
895.080167
885.016457
925.477993
923.241914
923.083596
923.165454
923.147281
923.150394
923.149956
923.150002
923.150000
923.150000
923.150002
923.149956
923.150394
923.147281
923.165454
923.083596
923.241914
925.477993
885.016457
876.628611
924.002314
923.608397
923.042761
923.165076
923.148779
923.149919
923.150063
923.149982
923.150003
923.150003
923.149982
923.150063
923.149919
923.148779
923.165076
923.042761
923.608397
924.002314
876.628611
869.471353
922.034652
923.899617
923.043644
923.155633
923.151423
923.149440
923.150123
923.149980
923.150002
923.150002
923.149980
923.150123
923.149440
923.151423
923.155633
923.043644
923.899617
922.034652
869.471353
863.236195
919.766713
924.067657
923.082101
923.141911
923.153702
923.149265
923.150094
923.149995
923.149999
923.149999
923.149995
923.150094
923.149265
923.153702
923.141911
923.082101
924.067657
919.766713
863.236195
857.706490
917.323872
924.094073
923.147219
923.128673
923.154663
923.149470
923.150000
923.150017
923.149996
923.149996
923.150017
923.150000
923.149470
923.154663
923.128673
923.147219
924.094073
917.323872
857.706490
852.727843
914.788110
923.977118
923.226225
923.119494
923.153996
923.149957
923.149890
923.150031
923.149995
923.149995
923.150031
923.149890
923.149957
923.153996
923.119494
923.226225
923.977118
914.788110
852.727843
848.188488
912.212925
923.723995
923.306957
923.116480
923.151894
923.150547
923.149812
923.150032
923.149997
923.149997
923.150032
923.149812
923.150547
923.151894
923.116480
923.306957
923.723995
912.212925
848.188488
844.006182
909.633055
923.346248
923.378955
923.120389
923.148854
923.151056
923.149798
923.150017
923.150001
923.150001
923.150017
923.149798
923.151056
923.148854
923.120389
923.378955
923.346248
909.633055
844.006182
839.740595
907.107028
922.851349
923.434709
923.130765
923.145530
923.151336
923.149853
923.149993
923.150005
923.150005
923.149993
923.149853
923.151336
923.145530
923.130765
923.434709
922.851349
907.107028
839.740595
835.822695
904.569134
922.268489
923.464803
923.147082
923.142449
923.151324
923.149963
923.149967
923.150008
923.150008
923.149967
923.149963
923.151324
923.142449
923.147082
923.464803
922.268489
904.569134
835.822695
832.185934
902.045999
921.603002
923.466786
923.167218
923.140275
923.150979
923.150107
923.149947
923.150008
923.150008
923.149947
923.150107
923.150979
923.140275
923.167218
923.466786
921.603002
902.045999
832.185934
828.781467
899.553968
920.862624
923.438338
923.189231
923.139407
923.150347
923.150251
923.149940
923.150006
923.150006
923.149940
923.150251
923.150347
923.139407
923.189231
923.438338
920.862624
899.553968
828.781467
825.572712
897.102763
920.055909
923.377674
923.211253
923.140052
923.149522
923.150363
923.149948
923.150001
923.150001
923.149948
923.150363
923.149522
923.140052
923.211253
923.377674
920.055909
897.102763
825.572712
822.531715
894.697842
919.191355
923.283672
923.231473
923.142263
923.148620
923.150417
923.149970
923.149995
923.149995
923.149970
923.150417
923.148620
923.142263
923.231473
923.283672
919.191355
894.697842
822.531715
819.636680
892.341920
918.276951
923.155852
923.248170
923.145966
923.147760
923.150400
923.150004
923.149989
923.149989
923.150004
923.150400
923.147760
923.145966
923.248170
923.155852
918.276951
892.341920
819.636680
816.870282
890.035968
917.319966
922.994290
923.259737
923.150975
923.147059
923.150307
923.150044
923.149985
923.149985
923.150044
923.150307
923.147059
923.150975
923.259737
922.994290
917.319966
890.035968
816.870282
814.218500
887.779850
916.326890
922.799519
923.264712
923.157012
923.146617
923.150143
923.150082
923.149983
923.149983
923.150082
923.150143
923.146617
923.157012
923.264712
922.799519
916.326890
887.779850
814.218500
811.470031
885.496202
915.315596
922.570500
923.262099
923.163677
923.146520
923.149923
923.150113
923.149984
923.149984
923.150113
923.149923
923.146520
923.163677
923.262099
922.570500
915.315596
885.496202
811.470031
808.843515
883.258318
914.272425
922.312406
923.249958
923.170719
923.146797
923.149672
923.150131
923.149989
923.149989
923.150131
923.149672
923.146797
923.170719
923.249958
922.312406
914.272425
883.258318
808.843515
806.324742
881.066888
913.202384
922.025673
923.227692
923.177584
923.147503
923.149408
923.150131
923.149997
923.149997
923.150131
923.149408
923.147503
923.177584
923.227692
922.025673
913.202384
881.066888
806.324742
803.902268
878.921654
912.109999
921.711031
923.194721
923.183762
923.148646
923.149159
923.150113
923.150007
923.150007
923.150113
923.149159
923.148646
923.183762
923.194721
921.711031
912.109999
878.921654
803.902268
801.566709
876.821773
910.999288
921.369442
923.150515
923.188765
923.150196
923.148955
923.150075
923.150018
923.150018
923.150075
923.148955
923.150196
923.188765
923.150515
921.369442
910.999288
876.821773
801.566709
799.310241
874.766057
909.873786
921.002029
923.094614
923.192131
923.152097
923.148823
923.150018
923.150029
923.150029
923.150018
923.148823
923.152097
923.192131
923.094614
921.002029
909.873786
874.766057
799.310241
797.126245
872.753123
908.736573
920.610025
923.026643
923.193410
923.154266
923.148788
923.149946
923.150038
923.150038
923.149946
923.148788
923.154266
923.193410
923.026643
920.610025
908.736573
872.753123
797.126245
795.009050
870.781495
907.590327
920.194725
922.946312
923.192173
923.156606
923.148867
923.149864
923.150043
923.150043
923.149864
923.148867
923.156606
923.192173
922.946312
920.194725
907.590327
870.781495
795.009050
792.953736
868.849666
906.437365
919.757452
922.853419
923.188010
923.159001
923.149073
923.149780
923.150045
923.150045
923.149780
923.149073
923.159001
923.188010
922.853419
919.757452
906.437365
868.849666
792.953736
790.956001
866.956137
905.279691
919.299528
922.747840
923.180531
923.161324
923.149411
923.149700
923.150041
923.150041
923.149700
923.149411
923.161324
923.180531
922.747840
919.299528
905.279691
866.956137
790.956001
789.012039
865.099444
904.119036
918.822255
922.629531
923.169373
923.163435
923.149881
923.149633
923.150031
923.150031
923.149633
923.149881
923.163435
923.169373
922.629531
918.822255
904.119036
865.099444
789.012039
787.118469
863.278172
902.956894
918.326900
922.498513
923.154197
923.165187
923.150473
923.149586
923.150015
923.150015
923.149586
923.150473
923.165187
923.154197
922.498513
918.326900
902.956894
863.278172
787.118469
785.272258
861.490963
901.794554
917.814685
922.354869
923.134691
923.166426
923.151174
923.149566
923.149993
923.149993
923.149566
923.151174
923.166426
923.134691
922.354869
917.814685
901.794554
861.490963
785.272258
783.470675
859.736517
900.633130
917.286780
922.198731
923.110573
923.166994
923.151960
923.149580
923.149968
923.149968
923.149580
923.151960
923.166994
923.110573
922.198731
917.286780
900.633130
859.736517
783.470675
781.712770
857.925681
899.487631
916.742078
922.030628
923.081533
923.166739
923.152804
923.149632
923.149939
923.149939
923.149632
923.152804
923.166739
923.081533
922.030628
916.742078
899.487631
857.925681
781.712770
779.977386
856.163311
898.334160
916.186809
921.849759
923.047537
923.165463
923.153677
923.149726
923.149910
923.149910
923.149726
923.153677
923.165463
923.047537
921.849759
916.186809
898.334160
856.163311
779.977386
778.269549
854.442392
897.177307
915.620189
921.656951
923.008229
923.163043
923.154531
923.149865
923.149881
923.149881
923.149865
923.154531
923.163043
923.008229
921.656951
915.620189
897.177307
854.442392
778.269549
776.591858
852.758058
896.020136
915.042159
921.452717
922.963398
923.159324
923.155321
923.150048
923.149856
923.149856
923.150048
923.155321
923.159324
922.963398
921.452717
915.042159
896.020136
852.758058
776.591858
774.945410
851.106836
894.864732
914.453071
921.237415
922.912908
923.154140
923.156002
923.150272
923.149836
923.149836
923.150272
923.156002
923.154140
922.912908
921.237415
914.453071
894.864732
851.106836
774.945410
773.330380
849.486160
893.712543
913.853494
921.011329
922.856664
923.147334
923.156520
923.150534
923.149826
923.149826
923.150534
923.156520
923.147334
922.856664
921.011329
913.853494
893.712543
849.486160
773.330380
771.746384
847.894059
892.564597
913.244103
920.774718
922.794593
923.138753
923.156819
923.150827
923.149826
923.149826
923.150827
923.156819
923.138753
922.794593
920.774718
913.244103
892.564597
847.894059
771.746384
770.192719
846.328961
891.421643
912.625610
920.527838
922.726639
923.128255
923.156839
923.151142
923.149840
923.149840
923.151142
923.156839
923.128255
922.726639
920.527838
912.625610
891.421643
846.328961
770.192719
768.691127
844.708386
890.287849
911.998155
920.271044
922.652743
923.115710
923.156515
923.151470
923.149869
923.149869
923.151470
923.156515
923.115710
922.652743
920.271044
911.998155
890.287849
844.708386
768.691127
767.197745
843.130607
889.151606
911.364660
920.004204
922.572943
923.100981
923.155784
923.151796
923.149914
923.149914
923.151796
923.155784
923.100981
922.572943
920.004204
911.364660
889.151606
843.130607
767.197745
765.719218
841.588481
888.016686
910.724430
919.727976
922.487129
923.083972
923.154575
923.152108
923.149978
923.149978
923.152108
923.154575
923.083972
922.487129
919.727976
910.724430
888.016686
841.588481
765.719218
764.259435
840.077196
886.885442
910.077397
919.442768
922.395280
923.064572
923.152821
923.152386
923.150059
923.150059
923.152386
923.152821
923.064572
922.395280
919.442768
910.077397
886.885442
840.077196
764.259435
762.820544
838.593429
885.759346
909.423827
919.148875
922.297416
923.042673
923.150457
923.152613
923.150159
923.150159
923.152613
923.150457
923.042673
922.297416
919.148875
909.423827
885.759346
838.593429
762.820544
761.403605
837.134811
884.639324
908.764156
918.846542
922.193572
923.018177
923.147415
923.152767
923.150275
923.150275
923.152767
923.147415
923.018177
922.193572
918.846542
908.764156
884.639324
837.134811
761.403605
760.008999
835.699594
883.525958
908.098895
918.536002
922.083787
922.990993
923.143629
923.152825
923.150406
923.150406
923.152825
923.143629
922.990993
922.083787
918.536002
908.098895
883.525958
835.699594
760.008999
758.636682
834.286434
882.419618
907.428570
918.217490
921.968105
922.961042
923.139030
923.152764
923.150548
923.150548
923.152764
923.139030
922.961042
921.968105
918.217490
907.428570
882.419618
834.286434
758.636682
757.286357
832.894255
881.320536
906.753697
917.891246
921.846569
922.928253
923.133554
923.152558
923.150699
923.150699
923.152558
923.133554
922.928253
921.846569
917.891246
906.753697
881.320536
832.894255
757.286357
755.957574
831.522166
880.228856
906.074771
917.557522
921.719229
922.892561
923.127135
923.152181
923.150853
923.150853
923.152181
923.127135
922.892561
921.719229
917.557522
906.074771
880.228856
831.522166
755.957574
754.649799
830.169400
879.144667
905.392252
917.216572
921.586135
922.853907
923.119709
923.151605
923.151003
923.151003
923.151605
923.119709
922.853907
921.586135
917.216572
905.392252
879.144667
830.169400
754.649799
753.362452
828.835280
878.068018
904.706569
916.868658
921.447343
922.812240
923.111217
923.150802
923.151144
923.151144
923.150802
923.111217
922.812240
921.447343
916.868658
904.706569
878.068018
828.835280
753.362452
752.094939
827.519195
876.998934
904.018120
916.514042
921.302916
922.767512
923.101599
923.149741
923.151266
923.151266
923.149741
923.101599
922.767512
921.302916
916.514042
904.018120
876.998934
827.519195
752.094939
750.846664
826.220583
875.937419
903.327272
916.152984
921.152919
922.719682
923.090797
923.148393
923.151361
923.151361
923.148393
923.090797
922.719682
921.152919
916.152984
903.327272
875.937419
826.220583
750.846664
749.631490
824.887220
874.839584
902.641352
915.784638
920.997598
922.668686
923.078760
923.146726
923.151418
923.151418
923.146726
923.078760
922.668686
920.997598
915.784638
902.641352
874.839584
824.887220
749.631490
748.422860
823.577061
873.752329
901.949296
915.411686
920.836549
922.614583
923.065420
923.144712
923.151425
923.151425
923.144712
923.065420
922.614583
920.836549
915.411686
901.949296
873.752329
823.577061
748.422860
747.223636
822.287647
872.675479
901.252355
915.033724
920.670091
922.557276
923.050741
923.142316
923.151370
923.151370
923.142316
923.050741
922.557276
920.670091
915.033724
901.252355
872.675479
822.287647
747.223636
746.035665
821.017213
871.608751
900.551566
914.650551
920.498433
922.496721
923.034677
923.139505
923.151241
923.151241
923.139505
923.034677
922.496721
920.498433
914.650551
900.551566
871.608751
821.017213
746.035665
744.860113
819.764453
870.551820
899.847790
914.262108
920.321715
922.432899
923.017179
923.136250
923.151021
923.151021
923.136250
923.017179
922.432899
920.321715
914.262108
899.847790
870.551820
819.764453
744.860113
743.697686
818.528368
869.504360
899.141735
913.868438
920.140036
922.365806
922.998198
923.132520
923.150696
923.150696
923.132520
922.998198
922.365806
920.140036
913.868438
899.141735
869.504360
818.528368
743.697686
742.548773
817.308170
868.466062
898.433988
913.469649
919.953475
922.295444
922.977688
923.128282
923.150249
923.150249
923.128282
922.977688
922.295444
919.953475
913.469649
898.433988
868.466062
817.308170
742.548773
741.413549
816.103212
867.436641
897.725038
913.065898
919.762098
922.221818
922.955608
923.123506
923.149662
923.149662
923.123506
922.955608
922.221818
919.762098
913.065898
897.725038
867.436641
816.103212
741.413549
740.292043
814.912949
866.415840
897.015294
912.657366
919.565970
922.144935
922.931920
923.118159
923.148919
923.148919
923.118159
922.931920
922.144935
919.565970
912.657366
897.015294
866.415840
814.912949
740.292043
739.184181
813.736905
865.403427
896.305101
912.244252
919.365157
922.064801
922.906588
923.112210
923.147999
923.147999
923.112210
922.906588
922.064801
919.365157
912.244252
896.305101
865.403427
813.736905
739.184181
738.089822
812.574658
864.399194
895.594754
911.826764
919.159729
921.981422
922.879580
923.105627
923.146884
923.146884
923.105627
922.879580
921.981422
919.159729
911.826764
895.594754
864.399194
812.574658
738.089822
737.008778
811.425823
863.402953
894.884506
911.405111
918.949759
921.894806
922.850866
923.098379
923.145553
923.145553
923.098379
922.850866
921.894806
918.949759
911.405111
894.884506
863.402953
811.425823
737.008778
735.940831
810.290047
862.414534
894.174577
910.979499
918.735326
921.804962
922.820418
923.090436
923.143985
923.143985
923.090436
922.820418
921.804962
918.735326
910.979499
894.174577
862.414534
810.290047
735.940831
734.885740
809.166998
861.433784
893.465159
910.550131
918.516512
921.711897
922.788211
923.081767
923.142159
923.142159
923.081767
922.788211
921.711897
918.516512
910.550131
893.465159
861.433784
809.166998
734.885740
733.843257
808.056366
860.460559
892.756421
910.117206
918.293403
921.615624
922.754220
923.072344
923.140053
923.140053
923.072344
922.754220
921.615624
918.293403
910.117206
892.756421
860.460559
808.056366
733.843257
732.813123
806.957856
859.494729
892.048514
909.680913
918.066088
921.516156
922.718423
923.062137
923.137644
923.137644
923.062137
922.718423
921.516156
918.066088
909.680913
892.048514
859.494729
806.957856
732.813123
731.795079
805.871185
858.536170
891.341574
909.241436
917.834659
921.413506
922.680798
923.051119
923.134909
923.134909
923.051119
922.680798
921.413506
917.834659
909.241436
891.341574
858.536170
805.871185
731.795079
730.788865
804.796085
857.584768
890.635721
908.798951
917.599209
921.307693
922.641326
923.039263
923.131824
923.131824
923.039263
922.641326
921.307693
917.599209
908.798951
890.635721
857.584768
804.796085
730.788865
729.794224
803.732298
856.640412
889.931066
908.353626
917.359831
921.198735
922.599988
923.026541
923.128367
923.128367
923.026541
922.599988
921.198735
917.359831
908.353626
889.931066
856.640412
803.732298
729.794224
728.810769
802.680054
855.654711
889.235435
907.904396
917.116816
921.086624
922.556773
923.012927
923.124513
923.124513
923.012927
922.556773
921.086624
917.116816
907.904396
889.235435
855.654711
802.680054
728.810769
727.839888
801.633590
854.684721
888.535502
907.454235
916.869701
920.971487
922.511646
922.998397
923.120237
923.120237
922.998397
922.511646
920.971487
916.869701
907.454235
888.535502
854.684721
801.633590
727.839888
726.879813
800.594712
853.727859
887.833261
907.002363
916.618892
920.853266
922.464614
922.982924
923.115517
923.115517
922.982924
922.464614
920.853266
916.618892
907.002363
887.833261
853.727859
800.594712
726.879813
725.929542
799.564435
852.782351
887.130052
906.548375
916.364619
920.731965
922.415666
922.966482
923.110327
923.110327
922.966482
922.415666
920.731965
916.364619
906.548375
887.130052
852.782351
799.564435
725.929542
724.988515
798.543295
851.846950
886.426794
906.092099
916.107017
920.607617
922.364787
922.949048
923.104643
923.104643
922.949048
922.364787
920.607617
916.107017
906.092099
886.426794
851.846950
798.543295
724.988515
724.056420
797.531538
850.920761
885.724122
905.633505
915.846172
920.480266
922.311962
922.930602
923.098440
923.098440
922.930602
922.311962
920.480266
915.846172
905.633505
885.724122
850.920761
797.531538
724.056420
723.133080
796.529235
850.003119
885.022486
905.172641
915.582147
920.349957
922.257182
922.911119
923.091694
923.091694
922.911119
922.257182
920.349957
915.582147
905.172641
885.022486
850.003119
796.529235
723.133080
722.218384
795.536353
849.093518
884.322205
904.709605
915.314995
920.216736
922.200437
922.890578
923.084380
923.084380
922.890578
922.200437
920.216736
915.314995
904.709605
884.322205
849.093518
795.536353
722.218384
721.312256
794.552803
848.191564
883.623515
904.244518
915.044771
920.080644
922.141722
922.868956
923.076474
923.076474
922.868956
922.141722
920.080644
915.044771
904.244518
883.623515
848.191564
794.552803
721.312256
720.414625
793.578458
847.296936
882.926589
903.777514
914.771527
919.941719
922.081035
922.846233
923.067951
923.067951
922.846233
922.081035
919.941719
914.771527
903.777514
882.926589
847.296936
793.578458
720.414625
719.525422
792.613177
846.409372
882.231557
903.308730
914.495324
919.799998
922.018374
922.822387
923.058787
923.058787
922.822387
922.018374
919.799998
914.495324
903.308730
882.231557
846.409372
792.613177
719.525422
718.642637
791.663695
845.482847
881.540454
902.837993
914.216272
919.655506
921.953742
922.797399
923.048959
923.048959
922.797399
921.953742
919.655506
914.216272
902.837993
881.540454
845.482847
791.663695
718.642637
717.771122
790.716840
844.571787
880.846877
902.366637
913.934219
919.508316
921.887131
922.771250
923.038441
923.038441
922.771250
921.887131
919.508316
913.934219
902.366637
880.846877
844.571787
790.716840
717.771122
716.908770
789.774828
843.673443
880.152565
901.894085
913.649432
919.358413
921.818554
922.743920
923.027211
923.027211
922.743920
921.818554
919.358413
913.649432
901.894085
880.152565
843.673443
789.774828
716.908770
716.054387
788.838960
842.785952
879.458648
901.420077
913.362047
919.205824
921.748014
922.715393
923.015245
923.015245
922.715393
921.748014
919.205824
913.362047
901.420077
879.458648
842.785952
788.838960
716.054387
715.207316
787.909980
841.908021
878.765864
900.944532
913.072142
919.050591
921.675508
922.685652
923.002519
923.002519
922.685652
921.675508
919.050591
913.072142
900.944532
878.765864
841.908021
787.909980
715.207316
714.367204
786.988288
841.038729
878.074701
900.467477
912.779763
918.892760
921.601038
922.654683
922.989010
922.989010
922.654683
921.601038
918.892760
912.779763
900.467477
878.074701
841.038729
786.988288
714.367204
713.533873
786.074079
840.177402
877.385484
899.988995
912.484946
918.732375
921.524607
922.622470
922.974695
922.974695
922.622470
921.524607
918.732375
912.484946
899.988995
877.385484
840.177402
786.074079
713.533873
712.707236
785.167420
839.323532
876.698429
899.509198
912.187728
918.569477
921.446220
922.588997
922.959551
922.959551
922.588997
921.446220
918.569477
912.187728
899.509198
876.698429
839.323532
785.167420
712.707236
711.887250
784.268305
838.476721
876.013683
899.028209
911.888148
918.404102
921.365881
922.554251
922.943558
922.943558
922.554251
921.365881
918.404102
911.888148
899.028209
876.013683
838.476721
784.268305
711.887250
711.073892
783.376682
837.636654
875.331344
898.546154
911.586252
918.236286
921.283599
922.518217
922.926693
922.926693
922.518217
921.283599
918.236286
911.586252
898.546154
875.331344
837.636654
783.376682
711.073892
710.267143
782.492474
836.803069
874.651479
898.063158
911.282089
918.066061
921.199382
922.480883
922.908935
922.908935
922.480883
921.199382
918.066061
911.282089
898.063158
874.651479
836.803069
782.492474
710.267143
709.466979
781.615589
835.975749
873.974131
897.579337
910.975715
917.893458
921.113237
922.442235
922.890262
922.890262
922.442235
921.113237
917.893458
910.975715
897.579337
873.974131
835.975749
781.615589
709.466979
708.673371
780.745926
835.154505
873.299331
897.094801
910.667188
917.718509
921.025173
922.402263
922.870655
922.870655
922.402263
921.025173
917.718509
910.667188
897.094801
873.299331
835.154505
780.745926
708.673371
707.886280
779.883382
834.339173
872.627095
896.609655
910.356568
917.541243
920.935199
922.360955
922.850093
922.850093
922.360955
920.935199
917.541243
910.356568
896.609655
872.627095
834.339173
779.883382
707.886280
707.105662
779.027851
833.529607
871.957435
896.123994
910.043920
917.361692
920.843322
922.318301
922.828556
922.828556
922.318301
920.843322
917.361692
910.043920
896.123994
871.957435
833.529607
779.027851
707.105662
