886.900264
889.955312
893.267907
896.793537
900.463482
904.183715
907.837468
911.292887
914.416542
917.091999
919.240318
920.836923
921.918120
922.572455
922.912680
923.061896
923.120858
923.141556
923.147901
923.149565
923.149927
923.149991
923.149999
923.150000
923.150000
923.150000
923.149999
923.149991
923.149927
923.149565
923.147901
923.141556
923.120858
923.061896
922.912680
922.572455
921.918120
920.836923
919.240318
917.091999
914.416542
911.292887
907.837468
904.183715
900.463482
896.793537
893.267907
889.955312
886.900264
870.112630
873.119328
876.538593
880.379824
884.629321
889.240781
894.125952
899.148134
904.122529
908.828103
913.034314
916.541678
919.227528
921.080349
922.186287
922.744565
922.997902
923.099921
923.135811
923.146627
923.149349
923.149903
923.149990
923.149999
923.150000
923.149999
923.149990
923.149903
923.149349
923.146627
923.135811
923.099921
922.997902
922.744565
922.186287
921.080349
919.227528
916.541678
913.034314
908.828103
904.122529
899.148134
894.125952
889.240781
884.629321
880.379824
876.538593
873.119328
870.112630
858.135736
861.077344
864.467182
868.339997
872.716268
877.592569
882.929456
888.637998
894.567858
900.502213
906.166884
911.261015
915.511310
918.739876
920.882948
922.093419
922.709311
922.988033
923.098527
923.136188
923.146968
923.149479
923.149934
923.149995
923.150000
923.149995
923.149934
923.149479
923.146968
923.136188
923.098527
922.988033
922.709311
922.093419
920.882948
918.739876
915.511310
911.261015
906.166884
900.502213
894.567858
888.637998
882.929456
877.592569
872.716268
868.339997
864.467182
861.077344
858.135736
848.533270
851.417944
854.763882
858.618334
863.020092
867.991281
873.526014
879.575942
886.033937
892.719424
899.372059
905.663619
911.238110
915.782806
919.054904
921.075337
922.204447
922.768203
923.015909
923.109961
923.140131
923.148072
923.149719
923.149972
923.149997
923.149972
923.149719
923.148072
923.140131
923.109961
923.015909
922.768203
922.204447
921.075337
919.054904
915.782806
911.238110
905.663619
899.372059
892.719424
886.033937
879.575942
873.526014
867.991281
863.020092
858.618334
854.763882
851.417944
848.533270
840.397948
843.232931
846.534455
850.357101
854.750815
859.753997
865.383461
871.620728
878.394891
885.563918
892.899225
900.082498
906.727325
912.436963
916.813001
919.713161
921.463133
922.411978
922.867312
923.057266
923.124665
923.144448
923.149076
923.149893
923.149985
923.149893
923.149076
923.144448
923.124665
923.057266
922.867312
922.411978
921.463133
919.713161
916.813001
912.436963
906.727325
900.082498
892.899225
885.563918
878.394891
871.620728
865.383461
859.753997
854.750815
850.357101
846.534455
843.232931
840.397948
833.278835
836.069778
839.329061
843.116031
847.488077
852.494775
858.169052
864.514609
871.489245
878.984853
886.807237
894.662920
902.165062
908.873623
914.271918
918.057752
920.490474
921.903979
922.635450
922.966659
923.095119
923.136676
923.147504
923.149665
923.149945
923.149665
923.147504
923.136676
923.095119
922.966659
922.635450
921.903979
920.490474
918.057752
914.271918
908.873623
902.165062
894.662920
886.807237
878.984853
871.489245
864.514609
858.169052
852.494775
847.488077
843.116031
839.329061
836.069778
833.278835
826.914381
829.665728
832.885421
836.636104
840.980450
845.976142
851.668070
858.076883
865.183201
872.907543
881.087871
889.460138
897.652425
905.208563
911.528050
916.167223
919.307149
921.240926
922.308447
922.827546
923.045319
923.122147
923.144198
923.149111
923.149826
923.149111
923.144198
923.122147
923.045319
922.827546
922.308447
921.240926
919.307149
916.167223
911.528050
905.208563
897.652425
889.460138
881.087871
872.907543
865.183201
858.076883
851.668070
845.976142
840.980450
836.636104
832.885421
829.665728
826.914381
821.137368
823.852696
827.035368
830.750411
835.064408
840.041162
845.734767
852.179187
859.373462
867.262138
875.711903
884.488343
893.241649
901.516379
908.655384
914.095983
917.940951
920.428494
921.880145
922.631294
922.969016
923.097731
923.138025
923.147936
923.149531
923.147936
923.138025
923.097731
922.969016
922.631294
921.880145
920.428494
917.940951
914.095983
908.655384
901.516379
893.241649
884.488343
875.711903
867.262138
859.373462
852.179187
845.734767
840.041162
835.064408
830.750411
827.035368
823.852696
821.137368
815.833445
818.515693
821.663691
825.344236
829.626897
834.580234
840.265619
846.727726
853.980712
861.989404
870.645783
879.743528
888.957799
897.843935
905.708272
911.890517
916.421183
919.477931
921.349350
922.371757
922.860456
923.060002
923.127539
923.145695
923.148886
923.145695
923.127539
923.060002
922.860456
922.371757
921.349350
919.477931
916.421183
911.890517
905.708272
897.843935
888.957799
879.743528
870.645783
861.989404
853.980712
846.727726
840.265619
834.580234
829.626897
825.344236
821.663691
818.515693
815.833445
810.920446
813.572078
816.687507
820.334873
824.586074
829.513457
835.184275
841.651981
848.943336
857.040431
865.857460
875.214059
884.810971
894.220089
902.725766
909.588689
914.775573
918.403318
920.718647
922.045298
922.714763
923.005491
923.111041
923.141776
923.147614
923.141776
923.111041
923.005491
922.714763
922.045298
920.718647
918.403318
914.775573
909.588689
902.725766
894.220089
884.810971
875.214059
865.857460
857.040431
848.943336
841.651981
835.184275
829.513457
824.586074
820.334873
816.687507
813.572078
810.920446
806.337055
808.960167
812.044906
815.660443
819.880527
824.780572
830.432664
836.897571
844.212701
852.374985
861.318163
870.885587
880.803050
890.662134
899.735588
907.220546
913.028878
917.219662
919.993207
921.650520
922.528147
922.930896
923.086660
923.135402
923.145315
923.135402
923.086660
922.930896
922.528147
921.650520
919.993207
917.219662
913.028878
907.220546
899.735588
890.662134
880.803050
870.885587
861.318163
852.374985
844.212701
836.897571
830.432664
824.780572
819.880527
815.660443
812.044906
808.960167
806.337055
802.036118
804.632519
807.688246
811.273273
815.462834
820.334864
825.965481
832.421625
839.749805
847.959818
857.002682
866.743320
876.931487
887.179957
896.757255
904.809587
911.202462
915.941709
919.179777
921.187861
922.297945
922.833255
923.052449
923.125639
923.141447
923.125639
923.052449
922.833255
922.297945
921.187861
919.179777
915.941709
911.202462
904.809587
896.757255
887.179957
876.931487
866.743320
857.002682
847.959818
839.749805
832.421625
825.965481
820.334864
815.462834
811.273273
807.688246
804.632519
802.036118
797.980480
800.551748
803.579969
807.135741
811.295506
816.139293
821.746619
828.189697
835.522892
843.767245
852.889120
862.773047
873.191411
883.778678
893.804393
902.374043
909.314394
914.583270
918.285907
920.659152
922.022561
922.710044
923.006471
923.111419
923.135326
923.111419
923.006471
922.710044
922.022561
920.659152
918.285907
914.583270
909.314394
902.374043
893.804393
883.778678
873.191411
862.773047
852.889120
843.767245
835.522892
828.189697
821.746619
816.139293
811.295506
807.135741
803.579969
800.551748
797.980480
794.140269
796.687793
799.689863
803.217563
807.348322
812.163925
817.746786
824.173660
831.505752
839.774010
848.958490
858.961561
869.576833
880.460358
890.886405
899.927982
907.379762
913.156909
917.319402
920.067222
921.701340
922.559234
922.946871
923.091573
923.126125
923.091573
922.946871
922.559234
921.701340
920.067222
917.319402
913.156909
907.379762
899.927982
890.886405
880.460358
869.576833
858.961561
848.958490
839.774010
831.505752
824.173660
817.746786
812.163925
807.348322
803.217563
799.689863
796.687793
794.140269
790.491054
793.016070
795.993215
799.493949
803.596515
808.384181
813.941846
820.350213
827.676492
835.960405
845.194298
855.296794
866.081337
877.225092
888.009659
897.482225
905.411070
911.673831
916.287957
919.415558
921.334418
922.379288
922.871935
923.064861
923.112896
923.064861
922.871935
922.379288
921.334418
919.415558
916.287957
911.673831
905.411070
897.482225
888.009659
877.225092
866.081337
855.296794
845.194298
835.960405
827.676492
820.350213
813.941846
808.384181
803.596515
799.493949
795.993215
793.016070
790.491054
787.012566
789.516179
792.469513
795.944315
800.019499
804.779593
810.311647
816.699817
824.016617
832.309595
841.582164
851.767805
862.698465
874.071729
885.178342
895.045066
903.418628
910.143903
915.198928
918.708035
920.922562
922.169145
922.780125
923.030010
923.094583
923.030010
922.780125
922.169145
920.922562
918.708035
915.198928
910.143903
903.418628
895.045066
885.178342
874.071729
862.698465
851.767805
841.582164
832.309595
824.016617
816.699817
810.311647
804.779593
800.019499
795.944315
792.469513
789.516179
787.012566
783.687775
786.170981
789.101520
792.551354
796.599951
801.332916
806.839169
813.205908
820.510355
828.807077
838.109503
848.364721
859.421930
870.998336
882.395064
892.622835
901.410914
908.575739
914.059201
917.948716
920.467026
921.928173
922.670102
922.985742
923.070055
922.985742
922.670102
921.928173
920.467026
917.948716
914.059201
908.575739
901.410914
892.622835
882.395064
870.998336
859.421930
848.364721
838.109503
828.807077
820.510355
813.205908
806.839169
801.332916
796.599951
792.551354
789.101520
786.170981
783.687775
780.502215
782.965917
785.874590
789.300357
793.323139
798.029466
803.509892
809.854305
817.144138
825.440273
834.765243
845.078634
856.245734
868.002514
879.661295
890.220334
899.394883
906.976817
912.875125
917.141698
919.969423
921.656114
922.540731
922.930801
923.038126
922.930801
922.540731
921.656114
919.969423
917.141698
912.875125
906.976817
899.394883
890.220334
879.661295
868.002514
856.245734
845.078634
834.765243
825.440273
817.144138
809.854305
803.509892
798.029466
793.323139
789.300357
785.874590
782.965917
780.502215
777.443481
779.888501
782.776165
786.178704
790.176414
794.856620
800.311311
806.632767
813.906198
822.198200
831.539606
841.901511
853.164223
865.081603
876.977679
887.841177
897.376231
905.353599
911.652497
916.291008
919.431612
921.353031
922.391082
922.863981
922.997590
922.863981
922.391082
921.353031
919.431612
916.291008
911.652497
905.353599
897.376231
887.841177
876.977679
865.081603
853.164223
841.901511
831.539606
822.198200
813.906198
806.632767
800.311311
794.856620
790.176414
786.178704
782.776165
779.888501
777.443481
774.500842
776.927934
779.795377
783.175473
787.148826
791.803442
797.232576
803.530643
810.786257
819.071204
828.423909
838.826095
850.172102
862.232820
874.344265
885.488044
895.359617
903.711657
910.396567
915.400530
918.855612
921.019248
922.220417
922.784138
922.947241
922.784138
922.220417
921.019248
918.855612
915.400530
910.396567
903.711657
895.359617
885.488044
874.344265
862.232820
850.172102
838.826095
828.423909
819.071204
810.786257
803.530643
797.232576
791.803442
787.148826
783.175473
779.795377
776.927934
774.500842
771.664947
774.074801
776.922755
780.281144
784.230821
788.860382
794.264200
800.538603
807.775283
816.050754
825.410415
835.845820
847.264437
859.453347
871.760673
883.162893
893.348841
902.055784
909.112060
914.473961
918.243529
920.655300
922.028177
922.690210
922.885900
922.690210
922.028177
920.655300
918.243529
914.473961
909.112060
902.055784
893.348841
883.162893
871.760673
859.453347
847.264437
835.845820
825.410415
816.050754
807.775283
800.538603
794.264200
788.860382
784.230821
780.281144
776.922755
774.074801
771.664947
768.927589
771.320844
774.149985
777.487357
781.414011
786.019049
791.397837
797.648422
804.865288
813.129274
822.492196
832.954730
844.436641
856.740395
869.226218
880.867107
891.347000
900.390097
907.803216
913.514779
917.597502
920.261886
921.813965
922.581222
922.812431
922.581222
921.813965
920.261886
917.597502
913.514779
907.803216
900.390097
891.347000
880.867107
869.226218
856.740395
844.436641
832.954730
822.492196
813.129274
804.865288
797.648422
791.397837
786.019049
781.414011
777.487357
774.149985
771.320844
768.927589
766.281521
768.658768
771.469729
774.786731
778.690982
783.272024
788.626099
794.852805
802.049171
810.299999
819.663026
830.147412
841.684455
854.091240
866.740000
878.601622
889.356603
898.718130
906.473826
912.526232
916.919657
919.839828
921.577530
922.456293
922.725759
922.456293
921.577530
919.839828
916.919657
912.526232
906.473826
898.718130
889.356603
878.601622
866.740000
854.091240
841.684455
830.147412
819.663026
810.299999
802.049171
794.852805
788.626099
783.272024
778.690982
774.786731
771.469729
768.658768
766.281521
763.720309
766.082096
768.875466
772.172708
776.055150
780.612709
785.942411
792.145255
799.320589
807.556861
816.917289
827.418934
839.003927
851.503246
864.300972
876.367024
887.379678
897.042910
905.127266
911.511338
916.212077
919.390038
921.318747
922.314643
922.624882
922.314643
921.318747
919.390038
916.212077
911.511338
905.127266
897.042910
887.379678
876.367024
864.300972
851.503246
839.003927
827.418934
816.917289
807.556861
799.320589
792.145255
785.942411
780.612709
776.055150
772.172708
768.875466
766.082096
763.720309
761.238210
763.585048
766.361377
769.639434
773.500632
778.035212
783.340895
789.519950
796.673849
804.894398
814.249901
824.764790
836.391390
848.973881
861.907990
874.163617
885.417852
895.367030
903.766544
910.472880
915.476780
918.913488
921.037598
922.155586
922.508879
922.155586
921.037598
918.913488
915.476780
910.472880
903.766544
895.367030
885.417852
874.163617
861.907990
848.973881
836.391390
824.764790
814.249901
804.894398
796.673849
789.519950
783.340895
778.035212
773.500632
769.639434
766.361377
763.585048
761.238210
758.830072
761.162438
763.922245
767.181658
771.022151
775.534241
780.816270
786.971656
794.103821
802.307673
811.656241
822.180856
833.843437
846.500723
859.559849
871.991490
883.472420
893.692706
902.394330
909.413418
914.715701
918.411185
920.734164
921.978535
922.376918
921.978535
920.734164
918.411185
914.715701
909.413418
902.394330
893.692706
883.472420
871.991490
859.559849
846.500723
833.843437
822.180856
811.656241
802.307673
794.103821
786.971656
780.816270
775.534241
771.022151
767.181658
763.922245
761.162438
758.830072
756.491258
758.809599
761.553369
764.794651
768.614954
773.105029
778.363771
784.495645
791.605863
799.792205
809.132102
819.663344
831.356903
844.081465
857.255314
869.850561
881.544400
892.021830
901.012995
908.335300
913.930684
917.884154
920.408602
921.782999
922.228257
921.782999
920.408602
917.884154
913.930684
908.335300
901.012995
892.021830
881.544400
869.850561
857.255314
844.081465
831.356903
819.663344
809.132102
799.792205
791.605863
784.495645
778.363771
773.105029
768.614954
764.794651
761.553369
758.809599
756.491258
754.217573
756.522308
759.250499
762.474135
766.274739
770.743259
775.979084
782.087632
789.175761
797.343916
806.673637
817.208773
828.928844
841.713911
854.993132
867.740613
879.634577
890.356013
899.624638
907.240671
913.123474
917.333422
920.061139
921.568573
922.062246
921.568573
920.061139
917.333422
913.123474
907.240671
899.624638
890.356013
879.634577
867.740613
854.993132
841.713911
828.928844
817.208773
806.673637
797.343916
789.175761
782.087632
775.979084
770.743259
766.274739
762.474135
759.250499
756.522308
754.217573
752.005210
754.296734
757.009777
760.216227
763.997601
768.445012
773.658288
779.743717
786.809674
794.959083
804.277319
814.813931
826.556517
839.395975
852.772058
865.661324
877.743548
888.696623
898.231117
906.131489
912.295714
916.760007
919.692054
921.334940
921.878325
921.334940
919.692054
916.760007
912.295714
906.131489
898.231117
888.696623
877.743548
865.661324
852.772058
839.395975
826.556517
814.813931
804.277319
794.959083
786.809674
779.743717
773.658288
768.445012
763.997601
760.216227
757.009777
754.296734
752.005210
749.850703
752.129386
754.827690
758.017390
761.779983
766.206716
771.397809
777.460342
784.504095
792.634294
801.939910
812.475852
824.237366
837.125681
850.590857
863.612293
875.871747
887.044818
896.834074
905.009534
911.448947
916.164907
919.301676
921.081861
921.676024
921.081861
919.301676
916.164907
911.448947
905.009534
896.834074
887.044818
875.871747
863.612293
850.590857
837.125681
824.237366
812.475852
801.939910
792.634294
784.504095
777.460342
771.397809
766.206716
761.779983
758.017390
754.827690
752.129386
749.850703
747.750883
750.017076
752.701027
755.874392
759.618632
764.025105
769.194376
775.234251
782.255806
790.366417
799.658423
810.191788
821.969003
834.901151
848.448316
861.593055
874.019473
885.401576
895.434958
903.876424
910.584617
915.549097
918.890370
920.809174
921.454957
920.809174
918.890370
915.549097
910.584617
903.876424
895.434958
885.401576
874.019473
861.593055
848.448316
834.901151
821.969003
810.191788
799.658423
790.366417
782.255806
775.234251
769.194376
764.025105
759.618632
755.874392
752.701027
750.017076
747.750883
745.702847
747.956883
750.626847
753.784271
757.510569
761.897184
767.044989
773.062452
780.061850
788.152567
797.430103
807.959190
819.749196
832.720608
846.343248
859.603101
872.186913
883.767714
894.035046
902.733630
909.704067
914.913519
918.458531
920.516781
921.214821
920.516781
918.458531
914.913519
909.704067
902.733630
894.035046
883.767714
872.186913
859.603101
846.343248
832.720608
819.749196
807.959190
797.430103
788.152567
780.061850
773.062452
767.044989
761.897184
757.510569
753.784271
750.626847
747.956883
745.702847
743.703928
745.946119
748.602444
751.744305
755.453054
759.820199
764.946888
770.942192
777.919504
785.990080
795.252396
805.775690
817.575855
830.582365
844.274499
857.641884
870.374162
882.143913
892.635463
901.582481
908.808551
914.259085
918.006578
920.204652
920.955389
920.204652
918.006578
914.259085
908.808551
901.582481
892.635463
882.143913
870.374162
857.641884
844.274499
830.582365
817.575855
805.775690
795.252396
785.990080
777.919504
770.942192
764.946888
759.820199
755.453054
751.744305
748.602444
745.946119
743.703928
741.751667
743.982312
746.625329
749.751984
753.443561
757.791612
762.897528
768.870931
775.826249
783.876491
793.122936
803.639080
815.447021
828.484823
842.240944
855.708835
868.581234
880.530736
891.237196
900.424182
907.899232
913.586669
917.534948
919.872809
920.676504
919.872809
917.534948
913.586669
907.899232
900.424182
891.237196
880.530736
868.581234
855.708835
842.240944
828.484823
815.447021
803.639080
793.122936
783.876491
775.826249
768.870931
762.897528
757.791612
753.443561
749.751984
746.625329
743.982312
741.751667
739.843793
742.063175
744.693198
747.804991
751.479757
755.809078
760.894555
766.846318
773.779753
781.809516
791.039521
801.547301
813.360856
826.426464
840.241494
853.803367
866.808077
878.928642
889.841108
899.259823
906.977188
912.897109
917.044092
919.521329
920.378076
919.521329
917.044092
912.897109
906.977188
899.259823
889.841108
878.928642
866.808077
853.803367
840.241494
826.426464
813.360856
801.547301
791.039521
781.809516
773.779753
766.846318
760.894555
755.809078
751.479757
747.804991
744.693198
742.063175
739.843793
737.978203
740.186591
742.803921
745.901179
749.559480
753.870421
758.935788
764.866172
771.777855
779.787030
789.000102
799.498430
811.315632
824.405848
838.275097
851.924881
865.054585
877.337999
888.447957
898.090386
906.043419
912.191208
916.534472
919.150335
920.060075
919.150335
916.534472
912.191208
906.043419
898.090386
888.447957
877.337999
865.054585
851.924881
838.275097
824.405848
811.315632
799.498430
789.000102
779.787030
771.777855
764.866172
758.935788
753.870421
749.559480
745.901179
742.803921
740.186591
737.978203
736.152946
738.350596
740.955518
744.038554
747.680724
751.973624
757.019202
762.928470
769.818539
777.807053
787.002765
797.490663
809.309722
822.421608
836.340733
850.072774
863.320607
875.759097
887.058400
896.916760
905.098851
911.469731
916.006555
918.759989
919.722528
918.759989
916.006555
911.469731
905.098851
896.916760
887.058400
875.759097
863.320607
850.072774
836.340733
822.421608
809.309722
797.490663
787.002765
777.807053
769.818539
762.928470
757.019202
751.973624
747.680724
744.038554
740.955518
738.350596
736.152946
734.366205
736.553363
739.146151
742.215265
745.841624
750.116811
755.142910
761.031323
767.899933
775.867740
785.045722
795.522312
807.341592
820.472443
834.437419
848.246440
861.605952
874.192156
885.673009
895.739744
904.144339
910.733407
915.460813
918.350494
919.365512
918.350494
915.460813
910.733407
904.144339
895.739744
885.673009
874.192156
861.605952
848.246440
834.437419
820.472443
807.341592
795.522312
785.045722
775.867740
767.899933
761.031323
755.142910
750.116811
745.841624
742.215265
739.146151
736.553363
734.366205
732.616289
734.793188
737.374105
740.429584
744.040440
748.298229
753.305156
759.172973
766.020283
773.967364
783.127297
793.591789
805.409797
818.557116
832.564204
846.445275
859.910400
872.637340
884.292279
894.560058
903.180675
909.982932
914.897719
917.922080
918.989148
917.922080
914.897719
909.982932
903.180675
894.560058
884.292279
872.637340
859.910400
846.445275
832.564204
818.557116
805.409797
793.591789
783.127297
773.967364
766.020283
759.172973
753.305156
748.298229
744.040440
740.429584
737.374105
734.793188
732.616289
730.901619
733.068482
735.637777
738.679898
742.275546
746.516245
751.504297
757.351775
764.177951
772.104309
781.245918
791.697601
803.512969
816.674451
830.720173
844.668679
858.233702
871.094758
882.916637
893.378351
902.208590
909.218966
914.317746
917.475011
918.593598
917.475011
914.317746
909.218966
902.208590
893.378351
882.916637
871.094758
858.233702
844.668679
830.720173
816.674451
803.512969
791.697601
781.245918
772.104309
764.177951
757.351775
751.504297
746.516245
742.275546
738.679898
735.637777
733.068482
730.901619
729.220717
731.377758
733.935671
736.964698
740.545424
744.769328
749.738793
755.566186
762.371403
770.277059
779.400108
789.838340
801.649815
814.823326
828.904442
842.916058
856.575592
869.564474
881.546446
892.195203
901.228760
908.442138
913.721364
917.009573
918.179061
917.009573
913.721364
908.442138
901.228760
892.195203
881.546446
869.564474
856.575592
842.916058
828.904442
814.823326
801.649815
789.838340
779.400108
770.277059
762.371403
755.566186
749.738793
744.769328
740.545424
736.964698
733.935671
731.377758
729.220717
727.572198
729.719621
732.266382
735.282570
738.848649
743.056043
748.007204
753.814763
760.599197
768.484188
777.588478
788.012681
799.819111
813.002673
827.116159
841.186826
854.935782
868.046516
880.182017
891.011139
900.241810
907.653047
913.109039
916.526072
917.745768
916.526072
913.109039
907.653047
900.241810
891.011139
880.182017
868.046516
854.935782
841.186826
827.116159
813.002673
799.819111
788.012681
777.588478
768.484188
760.599197
753.814763
748.007204
743.056043
738.848649
735.282570
732.266382
729.719621
727.572198
725.954762
728.092762
730.628593
733.632187
737.183882
741.375044
746.308176
752.096147
758.859978
766.724355
775.809717
786.219369
798.019696
811.211473
825.354504
839.480405
853.313976
866.540874
878.823610
889.826625
899.248315
906.852260
912.481236
916.024836
917.293977
916.024836
912.481236
906.852260
899.248315
889.826625
878.823610
866.540874
853.313976
839.480405
825.354504
811.211473
798.019696
786.219369
775.809717
766.724355
758.859978
752.096147
746.308176
741.375044
737.183882
733.632187
730.628593
728.092762
725.954762
724.367185
726.495952
729.021064
732.012299
735.549867
739.725065
744.640433
750.409060
757.152469
764.996296
774.062588
784.457217
796.250467
809.448753
823.618683
837.796228
851.709863
865.047512
877.471442
888.642083
898.248810
906.040318
911.838409
915.506203
916.823972
915.506203
911.838409
906.040318
898.248810
888.642083
877.471442
865.047512
851.709863
837.796228
823.618683
809.448753
796.250467
784.457217
774.062588
764.996296
757.152469
750.409060
744.640433
739.725065
735.549867
732.012299
729.021064
726.495952
724.367185
722.808317
724.928032
727.442629
730.421731
733.945418
738.104910
743.002775
748.752297
755.475468
763.298818
772.345922
782.725104
794.510378
807.713582
821.907933
836.133739
850.123126
863.566365
876.125694
887.457887
897.243789
905.217735
911.181010
914.970529
916.336055
914.970529
911.181010
905.217735
897.243789
887.457887
876.125694
863.566365
850.123126
836.133739
821.907933
807.713582
794.510378
782.725104
772.345922
763.298818
755.475468
748.752297
743.002775
738.104910
733.945418
730.421731
727.442629
724.928032
722.808317
721.277072
723.387908
725.892186
728.859373
732.369417
736.513456
741.394071
747.124721
753.827837
761.630792
770.658613
781.021963
792.798431
806.005072
820.221518
834.492391
848.553443
862.097350
874.786510
886.274372
896.233705
904.385000
910.509482
914.418177
915.830550
914.418177
910.509482
904.385000
896.233705
886.274372
874.786510
862.097350
848.553443
834.492391
820.221518
806.005072
792.798431
781.021963
770.658613
761.630792
753.827837
747.124721
741.394071
736.513456
732.369417
728.859373
725.892186
723.387908
721.277072
719.772425
721.874547
724.368696
727.324179
730.820809
734.949638
739.813248
745.525257
752.208502
759.991151
768.999613
779.346782
791.113679
804.322373
818.558727
832.871651
847.000485
860.640362
873.454004
885.091837
895.218983
903.542580
909.824261
913.849518
915.307793
913.849518
909.824261
903.542580
895.218983
885.091837
873.454004
860.640362
847.000485
832.871651
818.558727
804.322373
791.113679
779.346782
768.999613
759.991151
752.208502
745.525257
739.813248
734.949638
730.820809
727.324179
724.368696
721.874547
719.772425
718.293404
720.386975
722.871176
725.815158
729.298596
733.412449
738.259294
743.952887
750.616445
758.378884
767.367926
777.698600
789.455216
802.664669
816.918875
831.270998
845.463925
859.195282
872.128264
883.910550
894.200012
902.690916
909.125774
913.264933
914.768135
913.264933
909.125774
902.690916
894.200012
883.910550
872.128264
859.195282
845.463925
831.270998
816.918875
802.664669
789.455216
777.698600
767.367926
758.378884
750.616445
743.952887
738.259294
733.412449
729.298596
725.815158
722.871176
720.386975
718.293404
716.839091
718.924265
721.398693
724.331370
727.801831
731.900938
736.731250
742.406648
749.050700
756.793029
765.762607
776.076503
787.822180
801.031181
815.301299
829.689920
843.943430
857.761976
870.809353
882.730746
893.177155
901.830432
908.414441
912.664802
914.211936
912.664802
908.414441
901.830432
893.177155
882.730746
870.809353
857.761976
843.943430
829.689920
815.301299
801.031181
787.822180
776.076503
765.762607
756.793029
749.050700
742.406648
736.731250
731.900938
727.801831
724.331370
721.398693
718.924265
716.839091
715.408616
717.485541
719.950366
722.871926
726.329617
730.414199
735.228205
740.885625
747.510351
755.232676
764.182759
774.479618
786.213746
799.421159
813.705363
828.127921
842.438672
856.340300
869.497313
881.552636
892.150746
900.961529
907.690674
912.049512
913.639563
912.049512
907.690674
900.961529
892.150746
881.552636
869.497313
856.340300
842.438672
828.127921
813.705363
799.421159
786.213746
774.479618
764.182759
755.232676
747.510351
740.885625
735.228205
730.414199
726.329617
722.871926
719.950366
717.485541
715.408616
714.001150
716.069971
718.525355
721.435981
724.881103
728.951374
733.749295
739.388947
745.994526
753.696956
762.627524
772.907115
784.629127
797.833887
812.130448
826.584514
840.949322
854.930099
868.192169
880.376405
891.121098
900.084592
906.954874
911.419451
913.051392
911.419451
906.954874
900.084592
891.121098
880.376405
868.192169
854.930099
840.949322
826.584514
812.130448
797.833887
784.629127
772.907115
762.627524
753.696956
745.994526
739.388947
733.749295
728.951374
724.881103
721.435981
718.525355
716.069971
714.001150
712.615907
714.676762
717.122863
720.022732
723.455479
727.511647
732.293697
737.915789
744.502398
752.185043
761.096088
771.358200
783.067570
796.268674
810.575961
825.059226
839.475051
853.531212
866.893927
879.202218
890.088499
899.199987
906.207436
910.775005
912.447802
910.775005
906.207436
899.199987
890.088499
879.202218
866.893927
853.531212
839.475051
825.059226
810.575961
796.268674
783.067570
771.358200
761.096088
752.185043
744.502398
737.915789
732.293697
727.511647
723.455479
720.022732
717.122863
714.676762
712.615907
711.252138
713.305162
715.742131
718.631414
722.051974
726.094241
730.860628
736.465362
743.033177
750.696151
759.587672
769.832116
781.528352
794.724860
809.041325
823.551595
838.015537
852.143468
865.602581
878.030220
889.053218
898.308063
905.448745
910.116562
911.829174
910.116562
905.448745
898.308063
889.053218
878.030220
865.602581
852.143468
838.015537
823.551595
809.041325
794.724860
781.528352
769.832116
759.587672
750.696151
743.033177
736.465362
730.860628
726.094241
722.051974
718.631414
715.742131
713.305162
711.252138
709.909132
711.954452
714.382438
717.261299
720.669854
724.698416
729.449343
735.036917
741.586110
749.229528
758.101533
768.328137
780.010783
793.201806
807.525986
822.061172
836.570458
850.766694
864.318110
876.860537
888.015504
897.409155
904.679175
909.444507
911.195893
909.444507
904.679175
897.409155
888.015504
876.860537
864.318110
850.766694
836.570458
822.061172
807.525986
793.201806
780.010783
768.328137
758.101533
749.229528
741.586110
735.036917
729.449343
724.698416
720.669854
717.261299
714.382438
711.954452
709.909132
708.586207
710.623950
713.043093
715.911693
719.308418
723.323466
728.059130
733.629737
740.160478
747.784456
756.636962
766.845571
778.514200
791.698901
806.029406
820.587518
835.139499
849.400713
863.040483
875.693281
886.975590
896.503583
903.899095
908.759223
910.548343
908.759223
903.899095
896.503583
886.975590
875.693281
863.040483
849.400713
835.139499
820.587518
806.029406
791.698901
778.514200
766.845571
756.636962
747.784456
740.160478
733.629737
728.059130
723.323466
719.308418
715.911693
713.043093
710.623950
708.586207
707.282716
709.313001
711.723440
714.581932
717.967000
721.968716
726.689310
732.243139
738.755595
746.360251
755.193280
765.383752
777.037967
790.215555
804.551066
819.130207
833.722345
848.045342
861.769661
874.528548
885.933693
895.591651
903.108862
908.061089
909.886907
908.061089
903.108862
895.591651
885.933693
874.528548
861.769661
848.045342
833.722345
819.130207
804.551066
790.215555
777.037967
765.383752
755.193280
746.360251
738.755595
732.243139
726.689310
721.968716
717.967000
714.581932
711.723440
709.313001
707.282716
705.998037
708.020981
710.422848
713.271383
716.644958
720.633523
725.339233
730.876469
737.370805
744.956256
753.769834
763.942046
775.581473
788.751203
803.090466
817.688824
832.318690
846.700399
860.505593
873.366423
884.890015
894.673654
902.308826
907.350480
909.211967
907.350480
902.308826
894.673654
884.890015
873.366423
860.505593
846.700399
832.318690
817.688824
803.090466
788.751203
775.581473
763.942046
753.769834
744.956256
737.370805
730.876469
725.339233
720.633523
716.644958
713.271383
710.422848
708.020981
705.998037
704.731577
706.747294
709.140718
711.979440
715.341684
719.317271
724.008279
729.529101
736.005479
743.571843
752.366004
762.519840
774.144131
787.305296
801.647118
816.262965
830.928231
845.365699
859.248225
872.206978
883.844744
893.749870
901.499327
906.627768
908.523903
906.627768
901.499327
893.749870
883.844744
872.206978
859.248225
845.365699
830.928231
816.262965
801.647118
787.305296
774.144131
762.519840
752.366004
743.571843
736.005479
729.529101
724.008279
719.317271
715.341684
711.979440
709.140718
706.747294
704.731577
703.482770
705.491367
707.876474
710.705524
714.056591
718.019369
722.695852
728.200437
734.659016
742.206411
750.981191
761.116548
772.725378
785.877309
800.220554
814.852236
829.550670
844.041058
857.997494
871.050275
882.798056
892.820569
900.680697
905.893317
907.823091
905.893317
900.680697
892.820569
882.798056
871.050275
857.997494
844.041058
829.550670
814.852236
800.220554
785.877309
772.725378
761.116548
750.981191
742.206411
734.659016
728.200437
722.695852
718.019369
714.056591
710.705524
707.876474
705.491367
703.482770
702.251070
704.252655
706.629564
709.449078
712.789120
716.739253
721.401384
726.889903
733.330840
740.859381
749.614821
759.731609
771.324671
784.466733
798.810320
813.456256
828.185716
842.726290
856.753332
869.896368
881.750117
891.886009
899.853260
905.147490
907.109903
905.147490
899.853260
891.886009
881.750117
869.896368
856.753332
842.726290
828.185716
813.456256
798.810320
784.466733
771.324671
759.731609
749.614821
740.859381
733.330840
726.889903
721.401384
716.739253
712.789120
709.449078
706.629564
704.252655
702.251070
701.035957
703.030632
705.399460
708.209570
711.538735
715.476382
720.124327
725.596948
732.020396
739.530201
748.266344
758.364480
769.941487
783.073080
797.415975
812.074653
826.833082
841.421209
855.515667
868.745300
880.701082
890.946436
899.017330
904.390639
906.384707
904.390639
899.017330
890.946436
880.701082
868.745300
855.515667
841.421209
826.833082
812.074653
797.415975
783.073080
769.941487
758.364480
748.266344
739.530201
732.020396
725.596948
720.124327
715.476382
711.538735
708.209570
705.399460
703.030632
701.035957
699.836931
701.824794
704.185655
706.986489
710.304918
714.230235
718.864158
724.321044
730.727154
738.218338
746.935231
757.014641
768.575323
781.695877
796.037095
810.707064
825.492488
840.125633
854.284425
867.597109
879.651094
890.002088
898.173214
903.623115
905.647866
903.623115
898.173214
890.002088
879.651094
867.597109
854.284425
840.125633
825.492488
810.707064
796.037095
781.695877
768.575323
757.014641
746.935231
738.218338
730.727154
724.321044
718.864158
714.230235
710.304918
706.986489
704.185655
701.824794
699.836931
698.653511
700.634659
702.987663
705.779345
709.087176
713.000313
717.620373
723.061684
729.450603
736.923281
745.620973
755.681590
767.225696
780.334667
794.673267
809.353138
824.163658
838.839378
853.059525
866.451826
878.600290
889.053194
897.321211
902.845258
904.899738
902.845258
897.321211
889.053194
878.600290
866.451826
853.059525
838.839378
824.163658
809.353138
794.673267
780.334667
767.225696
755.681590
745.620973
736.923281
729.450603
723.061684
717.620373
713.000313
709.087176
705.779345
702.987663
700.634659
698.653511
697.485235
699.459762
701.805015
704.587666
707.885034
711.786137
716.392488
721.818381
728.190254
735.644539
744.323081
754.364847
765.892137
778.989010
793.324093
808.012534
822.846324
837.562265
851.840888
865.309474
877.548797
888.099972
896.461611
902.057406
904.140674
902.057406
896.461611
888.099972
877.548797
865.309474
851.840888
837.562265
822.846324
808.012534
793.324093
778.989010
765.892137
754.364847
744.323081
735.644539
728.190254
721.818381
716.392488
711.786137
707.885034
704.587666
701.805015
699.459762
697.485235
696.331661
698.299656
700.637262
703.410999
706.698034
710.587245
715.180039
720.590664
726.945633
734.381639
743.041084
753.063947
764.574196
777.658480
791.989186
806.684919
821.540224
836.294113
850.628429
864.170073
876.496737
887.142633
895.594696
901.259888
903.371022
901.259888
895.594696
887.142633
876.496737
864.170073
850.628429
836.294113
821.540224
806.684919
791.989186
777.658480
764.574196
753.063947
743.041084
734.381639
726.945633
720.590664
715.180039
710.587245
706.698034
703.410999
700.637262
698.299656
696.331661
695.192360
697.153913
699.483972
702.248908
705.525737
709.403195
713.982577
719.378084
725.716288
733.134125
741.774527
751.778441
763.271439
776.342667
790.668172
805.369969
820.245099
835.034746
849.422065
863.033637
875.444221
886.181380
894.720742
900.453025
902.591120
900.453025
894.720742
886.181380
875.444221
863.033637
849.422065
835.034746
820.245099
805.369969
790.668172
776.342667
763.271439
751.778441
741.774527
733.134125
725.716288
719.378084
713.982577
709.403195
705.525737
702.248908
699.483972
697.153913
695.192360
694.066924
696.022118
698.344728
701.100974
704.367720
708.233559
712.799672
718.180206
724.501781
731.901559
740.522974
750.507898
761.983446
775.041172
789.360688
804.067371
818.960699
833.783990
848.221709
861.900177
874.391356
885.216408
893.840015
899.637133
901.801302
899.637133
893.840015
885.216408
874.391356
861.900177
848.221709
833.783990
818.960699
804.067371
789.360688
775.041172
761.983446
750.507898
740.522974
731.901559
724.501781
718.180206
712.799672
708.233559
704.367720
701.100974
698.344728
696.022118
694.066924
692.954955
694.903873
697.219129
699.966792
703.223574
707.077925
711.630910
716.996612
723.301691
730.683518
739.286003
749.251901
760.709813
773.753612
788.066384
802.776820
817.686778
832.541673
847.027276
860.769699
873.338244
884.247906
892.952777
898.812522
901.001894
898.812522
892.952777
884.247906
873.338244
860.769699
847.027276
832.541673
817.686778
802.776820
788.066384
773.753612
760.709813
749.251901
739.286003
730.683518
723.301691
716.996612
711.630910
707.077925
703.223574
699.966792
697.219129
694.903873
692.954955
691.856073
693.798796
696.106788
698.845973
702.092908
705.935899
710.475890
715.826898
722.115613
729.479595
738.063208
748.010049
759.450147
772.479615
786.784918
801.498019
816.423097
831.307626
845.838678
859.642206
872.284978
883.276053
892.059278
897.979492
900.193218
897.979492
892.059278
883.276053
872.284978
859.642206
845.838678
831.307626
816.423097
801.498019
786.784918
772.479615
759.450147
748.010049
738.063208
729.479595
722.115613
715.826898
710.475890
705.935899
702.092908
698.845973
696.106788
693.798796
691.856073
690.769910
692.706515
695.007335
697.738142
700.975343
704.807098
709.334227
714.670675
720.943153
728.289397
736.854195
746.781954
758.204071
771.218821
785.515962
800.230679
815.169422
830.081684
844.655829
858.517698
871.231650
882.301025
891.159766
897.138339
899.375585
897.138339
891.159766
882.301025
871.231650
858.517698
844.655829
830.081684
815.169422
800.230679
785.515962
771.218821
758.204071
746.781954
736.854195
728.289397
720.943153
714.670675
709.334227
704.807098
700.975343
697.738142
695.007335
692.706515
690.769910
689.696112
691.626675
693.920408
696.642936
699.870514
703.691153
708.205549
713.527570
719.783936
727.112545
735.658587
745.567241
756.971219
769.970882
784.259194
798.974520
813.925526
828.863682
843.478642
857.396173
870.178343
881.322989
890.254478
896.289350
898.549303
896.289350
890.254478
881.322989
870.178343
857.396173
843.478642
828.863682
813.925526
798.974520
784.259194
769.970882
756.971219
745.567241
735.658587
727.112545
719.783936
713.527570
708.205549
703.691153
699.870514
696.642936
693.920408
691.626675
689.696112
688.634336
690.558932
692.845663
695.560007
698.778068
702.587709
707.089497
712.397219
718.637595
725.948673
734.476019
744.365548
755.751238
768.735462
783.014305
797.729271
812.691186
827.653462
842.307029
856.277627
869.125138
880.342108
889.343647
895.432806
897.714671
895.432806
889.343647
880.342108
869.125138
856.277627
842.307029
827.653462
812.691186
797.729271
783.014305
768.735462
755.751238
744.365548
734.476019
725.948673
718.637595
712.397219
707.089497
702.587709
698.778068
695.560007
692.845663
690.558932
688.634336
687.584254
689.502953
691.782763
694.489017
697.697665
701.496422
705.985726
711.279273
717.503780
724.797426
733.306135
743.176525
754.543787
767.512234
781.780995
796.494666
811.466185
826.450866
841.140906
855.162052
868.072112
879.358539
888.427498
894.568982
896.871983
894.568982
888.427498
879.358539
868.072112
855.162052
841.140906
826.450866
811.466185
796.494666
781.780995
767.512234
754.543787
743.176525
733.306135
724.797426
717.503780
711.279273
705.985726
701.496422
697.697665
694.489017
691.782763
689.502953
687.584254
686.545545
688.458417
690.731387
693.429641
696.628978
700.416962
704.893900
710.173395
716.382151
723.658464
732.148596
741.999833
753.348535
766.300883
780.558971
795.270449
810.250312
825.255740
839.980187
854.049440
867.019337
878.372431
887.506250
893.698145
896.021523
893.698145
887.506250
878.372431
867.019337
854.049440
839.980187
825.255740
810.250312
795.270449
780.558971
766.300883
753.348535
741.999833
732.148596
723.658464
716.382151
710.173395
704.893900
700.416962
696.628978
693.429641
690.731387
688.458417
686.545545
685.517902
687.425014
689.691221
692.381564
695.571688
699.349009
703.813696
709.079259
715.272378
722.531457
731.003071
740.835147
752.165163
765.101102
779.347952
794.056370
809.043362
824.067935
838.824788
852.939782
865.966882
877.383932
886.580115
892.820555
895.163571
892.820555
886.580115
877.383932
865.966882
852.939782
838.824788
824.067935
809.043362
794.056370
779.347952
765.101102
752.165163
740.835147
731.003071
722.531457
715.272378
709.079259
703.813696
699.349009
695.571688
692.381564
689.691221
687.425014
685.517902
684.501027
686.402446
688.661965
691.344482
694.525490
698.292252
702.744803
707.996550
714.174145
721.416084
729.869241
739.682148
750.993359
763.912596
778.147662
792.852186
807.845133
822.887302
837.674625
851.833065
864.914813
876.393180
885.649301
891.936467
894.298399
891.936467
885.649301
876.393180
864.914813
851.833065
837.674625
822.887302
807.845133
792.852186
778.147662
763.912596
750.993359
739.682148
729.869241
721.416084
714.174145
707.996550
702.744803
698.292252
694.525490
691.344482
688.661965
686.402446
684.501027
683.494633
685.390421
687.643327
690.318101
693.490086
697.246393
701.686917
706.924963
713.087144
720.312039
728.746797
738.540531
749.832826
762.735078
776.957837
791.657661
806.655431
821.713698
836.529615
850.729278
863.863190
875.400313
884.714008
891.046127
893.426272
891.046127
884.714008
875.400313
863.863190
850.729278
836.529615
821.713698
806.655431
791.657661
776.957837
762.735078
749.832826
738.540531
728.746797
720.312039
713.087144
706.924963
701.686917
697.246393
693.490086
690.318101
687.643327
685.390421
683.494633
682.498441
684.388662
686.635025
689.302137
692.465190
696.211142
700.639748
705.864203
712.011078
719.219022
727.635441
737.410000
748.683273
761.568269
775.778217
790.472567
805.474065
820.546982
835.389678
849.628407
862.812075
874.405461
883.774430
890.149777
892.547450
890.149777
883.774430
874.405461
862.812075
849.628407
835.389678
820.546982
805.474065
790.472567
775.778217
761.568269
748.683273
737.410000
727.635441
719.219022
712.011078
705.864203
700.639748
696.211142
692.465190
689.302137
686.635025
684.388662
682.498441
681.512182
683.396896
685.636785
688.296316
691.450525
695.186221
699.603013
704.813986
710.945660
718.136744
726.534883
736.290268
747.544418
760.411901
774.608553
789.296680
804.300850
819.387017
834.254732
848.530438
861.761522
873.408752
882.830757
889.247650
891.662184
889.247650
882.830757
873.408752
861.761522
848.530438
834.254732
819.387017
804.300850
789.296680
774.608553
760.411901
747.544418
736.290268
726.534883
718.136744
710.945660
704.813986
699.603013
695.186221
691.450525
688.296316
685.636785
683.396896
681.512182
680.535596
682.414861
684.648345
687.300370
690.445823
694.171357
698.576438
703.774036
709.890612
717.064925
725.444845
735.181056
746.415990
759.265711
773.448602
788.129785
803.135606
818.233668
833.124701
847.435356
860.711587
872.410307
881.883172
888.339976
890.770720
888.339976
881.883172
872.410307
860.711587
847.435356
833.124701
818.233668
803.135606
788.129785
773.448602
759.265711
746.415990
735.181056
725.444845
717.064925
709.890612
703.774036
698.576438
694.171357
690.445823
687.300370
684.648345
682.414861
680.535596
679.568430
681.442304
683.669449
686.314044
689.450824
693.166289
697.559760
702.744085
708.845665
716.003296
724.365054
734.082097
745.297725
758.129447
772.298128
786.971672
801.978158
817.086803
831.999505
846.343145
859.662320
871.410244
880.931854
887.426976
889.873298
887.426976
880.931854
871.410244
859.662320
846.343145
831.999505
817.086803
801.978158
786.971672
772.298128
758.129447
745.297725
734.082097
724.365054
716.003296
708.845665
702.744085
697.559760
693.166289
689.450824
686.314044
683.669449
681.442304
679.568430
678.610441
680.478980
682.699850
685.337087
688.465277
692.170764
696.552721
701.723876
707.810559
714.951595
723.295250
732.993129
744.189367
757.002862
771.156902
785.822135
800.828334
815.946295
830.879070
845.253789
858.613770
870.408679
879.976976
886.508867
888.970150
886.508867
879.976976
870.408679
858.613770
845.253789
830.879070
815.946295
800.828334
785.822135
771.156902
757.002862
744.189367
732.993129
723.295250
714.951595
707.810559
701.723876
696.552721
692.170764
688.465277
685.337087
682.699850
680.478980
678.610441
677.661392
679.524651
681.739307
684.369258
687.488938
691.184535
695.555075
700.713158
706.785040
713.909566
722.235177
731.913899
743.090668
755.885720
770.024702
784.680978
799.685969
814.812020
829.763320
844.167272
857.565985
869.405722
879.018706
885.585859
888.061503
885.585859
879.018706
869.405722
857.565985
844.167272
829.763320
814.812020
799.685969
784.680978
770.024702
755.885720
743.090668
731.913899
722.235177
713.909566
706.785040
700.713158
695.555075
691.184535
687.488938
684.369258
681.739307
679.524651
677.661392
676.721054
678.579086
680.787590
683.410325
686.521572
690.207366
694.566581
699.711688
705.768866
712.876966
721.184589
730.844164
742.001389
754.777788
768.901314
783.548007
798.550900
813.683854
828.652182
843.083577
856.519009
868.401480
878.057207
884.658156
887.147578
884.658156
878.057207
868.401480
856.519009
843.083577
828.652182
813.683854
798.550900
783.548007
768.901314
754.777788
742.001389
730.844164
721.184589
712.876966
705.768866
699.711688
694.566581
690.207366
686.521572
683.410325
680.787590
678.579086
676.721054
675.789207
677.642062
679.844474
682.460060
685.562951
689.239025
693.587006
698.719233
704.761798
711.853554
720.143248
729.783686
740.921296
753.678843
767.786528
782.423036
797.422970
812.561679
827.545584
842.002687
855.472884
867.396056
877.092637
883.725957
886.228590
883.725957
877.092637
867.396056
855.472884
842.002687
827.545584
812.561679
797.422970
782.423036
767.786528
753.678843
740.921296
729.783686
720.143248
711.853554
704.761798
698.719233
693.587006
689.239025
685.562951
682.460060
679.844474
677.642062
675.789207
674.865634
676.713364
678.909741
681.518243
684.612853
688.279290
692.616125
697.735564
703.763609
710.839102
719.110924
728.732236
739.850164
752.588668
766.680141
781.305881
796.302027
811.445379
826.443457
840.924585
854.427652
866.389550
876.125149
882.789455
885.304747
882.789455
876.125149
866.389550
854.427652
840.924585
826.443457
811.445379
796.302027
781.305881
766.680141
752.588668
739.850164
728.732236
719.110924
710.839102
703.763609
697.735564
692.616125
688.279290
684.612853
681.518243
678.909741
676.713364
674.865634
673.950128
675.792781
677.983180
680.584664
683.671063
687.327944
691.653720
696.760461
702.774074
709.833384
718.087390
727.689589
738.787774
751.507051
765.581955
780.196367
795.187921
810.334842
825.345731
839.849253
853.383353
865.382059
875.154893
881.848838
884.376252
881.848838
875.154893
865.382059
853.383353
839.849253
825.345731
810.334842
795.187921
780.196367
765.581955
751.507051
738.787774
727.689589
718.087390
709.833384
702.774074
696.760461
691.653720
687.327944
683.671063
680.584664
677.983180
675.792781
673.950128
673.042487
674.880112
677.064587
679.659115
682.737375
686.384777
690.699579
695.793711
701.792979
708.836185
717.072432
726.655531
737.733913
750.433788
764.491781
779.094322
794.080508
809.229956
824.252339
838.776674
852.340023
864.373677
874.182014
880.904288
883.443303
880.904288
874.182014
864.373677
852.340023
838.776674
824.252339
809.229956
794.080508
779.094322
764.491781
750.433788
737.733913
726.655531
717.072432
708.836185
701.792979
695.793711
690.699579
686.384777
682.737375
679.659115
677.064587
674.880112
673.042487
672.142516
673.975158
676.153764
678.741397
681.811587
685.449586
689.753496
694.835106
700.820116
707.847294
716.065837
725.629852
736.688376
749.368681
763.409431
777.999579
792.979646
808.130615
823.163215
837.706830
851.297698
863.364494
873.206651
879.955983
882.506092
879.955983
873.206651
863.364494
851.297698
837.706830
823.163215
808.130615
792.979646
777.999579
763.409431
749.368681
736.688376
725.629852
716.065837
707.847294
700.820116
694.835106
689.753496
685.449586
681.811587
678.741397
676.153764
673.975158
672.142516
671.250025
673.077730
675.250519
677.831316
680.893503
684.522174
688.815274
693.884446
699.855280
706.866507
715.067401
724.612349
735.650963
748.311537
762.334727
776.911977
791.885199
807.036715
822.078294
836.639705
850.256414
862.354598
872.228941
879.004095
881.564805
879.004095
872.228941
862.354598
850.256414
836.639705
822.078294
807.036715
791.885199
776.911977
762.334727
748.311537
735.650963
724.612349
715.067401
706.866507
699.855280
693.884446
688.815274
684.522174
680.893503
677.831316
675.250519
673.077730
671.250025
670.364830
672.187643
674.354665
676.928685
679.982935
683.602350
687.884718
692.941535
698.898277
705.893626
714.076927
723.602823
734.621480
747.262169
761.267492
775.831356
790.797033
805.948152
820.997514
835.575281
849.216203
861.344073
871.249015
878.048792
880.619624
878.048792
871.249015
861.344073
849.216203
835.575281
820.997514
805.948152
790.797033
775.831356
761.267492
747.262169
734.621480
723.602823
714.076927
705.893626
698.898277
692.941535
687.884718
683.602350
679.982935
676.928685
674.354665
672.187643
670.364830
669.486753
671.304716
673.466022
676.033321
679.079698
682.689929
686.961643
692.006185
697.948915
704.928460
713.094222
722.601086
733.599739
746.220396
760.207557
774.757566
789.715018
804.864829
819.920813
834.513540
848.177097
860.333001
870.267003
877.090235
879.670725
877.090235
870.267003
860.333001
848.177097
834.513540
819.920813
804.864829
789.715018
774.757566
760.207557
746.220396
733.599739
722.601086
713.094222
704.928460
697.948915
692.006185
686.961643
682.689929
679.079698
676.033321
673.466022
671.304716
669.486753
668.615620
670.428776
672.584414
675.145048
678.183615
681.784731
686.045865
691.078212
697.007010
703.970823
712.119100
721.606949
732.585558
745.186041
759.154757
773.690456
788.639029
803.786649
818.848131
833.454465
847.139126
859.321463
869.283028
876.128584
878.718278
876.128584
869.283028
859.321463
847.139126
833.454465
818.848131
803.786649
788.639029
773.690456
759.154757
745.186041
732.585558
721.606949
712.119100
703.970823
697.007010
691.078212
686.045865
681.784731
678.183615
675.145048
672.584414
670.428776
668.615620
667.751265
669.559654
671.709671
674.263695
677.294512
680.886582
685.137210
690.157440
696.072382
703.020534
711.151380
720.620235
731.578759
744.158934
758.108931
772.629882
787.568943
802.713516
817.779409
832.398040
846.102320
858.309534
868.297211
875.163990
877.762451
875.163990
868.297211
858.309534
846.102320
832.398040
817.779409
802.713516
787.568943
772.629882
758.108931
744.158934
731.578759
720.620235
711.151380
703.020534
696.072382
690.157440
685.137210
680.886582
677.294512
674.263695
671.709671
669.559654
667.751265
666.893523
668.697187
670.841630
673.389095
676.412222
679.995312
684.235507
689.243695
695.144858
702.077418
710.190886
719.640767
730.579171
743.138909
757.069924
771.575705
786.504640
801.645341
816.714591
831.344247
845.066706
857.297289
867.309668
874.196603
876.803404
874.196603
867.309668
857.297289
845.066706
831.344247
816.714591
801.645341
786.504640
771.575705
757.069924
743.138909
730.579171
719.640767
710.190886
702.077418
695.144858
689.243695
684.235507
679.995312
676.412222
673.389095
670.841630
668.697187
666.893523
666.042238
667.841215
669.980129
672.521088
675.536583
679.110757
683.340589
688.336810
694.224268
701.141306
709.237449
718.668377
729.586626
742.125804
756.037585
770.527787
785.446005
800.582033
815.653619
830.293070
844.032313
856.284800
866.320514
873.226568
875.841295
873.226568
866.320514
856.284800
844.032313
830.293070
815.653619
800.582033
785.446005
770.527787
756.037585
742.125804
729.586626
718.668377
709.237449
701.141306
694.224268
688.336810
683.340589
679.110757
675.536583
672.521088
669.980129
667.841215
666.042238
665.197256
666.991584
669.125013
671.659516
674.667437
678.232759
682.452297
687.436623
693.310450
700.212033
708.290903
717.702900
728.600962
741.119463
755.011766
769.485997
784.392925
799.523506
814.596439
829.244493
842.999164
855.272137
865.329858
872.254024
874.876276
872.254024
865.329858
855.272137
842.999164
829.244493
814.596439
799.523506
784.392925
769.485997
755.011766
741.119463
728.600962
717.702900
708.290903
700.212033
693.310450
687.436623
682.452297
678.232759
674.667437
671.659516
669.125013
666.991584
665.197256
664.358428
666.148145
668.276131
670.804228
673.804630
677.361162
681.570473
686.542976
692.403243
699.289438
707.351087
716.744176
727.622024
740.119734
753.992326
768.450204
783.345291
798.469675
813.542999
828.198497
841.967286
854.259367
864.337806
871.279108
873.908494
871.279108
864.337806
854.259367
841.967286
828.198497
813.542999
798.469675
783.345291
768.450204
753.992326
740.119734
727.622024
716.744176
707.351087
699.289438
692.403243
686.542976
681.570473
677.361162
673.804630
670.804228
668.276131
666.148145
664.358428
663.525610
665.310752
667.433339
669.955077
672.948014
676.495816
680.694967
685.655717
691.502495
698.373366
706.417846
715.792050
726.649657
739.126470
752.979125
767.420285
782.302995
797.420458
812.493245
827.155069
840.936702
853.246555
863.344463
870.301952
872.938094
870.301952
863.344463
853.246555
840.936702
827.155069
812.493245
797.420458
782.302995
767.420285
752.979125
739.126470
726.649657
715.792050
706.417846
698.373366
691.502495
685.655717
680.694967
676.495816
672.948014
669.955077
667.433339
665.310752
663.525610
662.698661
664.479265
666.596492
669.111919
672.097445
675.636576
679.825632
684.774697
690.608055
697.463668
705.491028
714.846371
725.683713
738.139528
751.972029
766.396118
781.265935
796.375774
811.447128
826.114191
839.907435
852.233764
862.349928
869.322685
871.965214
869.322685
862.349928
852.233764
839.907435
826.114191
811.447128
796.375774
781.265935
766.396118
751.972029
738.139528
725.683713
714.846371
705.491028
697.463668
690.608055
684.774697
679.825632
675.636576
672.097445
669.111919
666.596492
664.479265
662.698661
