-0.232521
-0.226854
-0.220335
-0.212905
-0.204527
-0.195185
-0.184884
-0.173636
-0.161433
-0.148225
-0.133881
-0.118189
-0.100864
-0.081847
-0.061714
-0.040968
-0.019753
0.001651
0.022828
0.043212
0.062054
0.078376
0.090919
0.098073
0.098073
0.090919
0.078376
0.062054
0.043212
0.022828
0.001651
-0.019751
-0.040954
-0.061660
-0.081685
-0.100484
-0.117464
-0.132692
-0.146502
-0.159179
-0.170922
-0.181841
-0.191966
-0.201283
-0.209765
-0.217392
-0.224169
-0.230121
-0.232521
-0.429360
-0.418462
-0.405736
-0.390996
-0.374101
-0.354978
-0.333649
-0.310243
-0.284984
-0.258128
-0.229872
-0.200227
-0.168946
-0.135934
-0.101947
-0.067484
-0.032495
0.002714
0.037526
0.071030
0.101999
0.128828
0.149446
0.161204
0.161204
0.149446
0.128828
0.101999
0.071029
0.037523
0.002713
-0.032473
-0.067372
-0.101570
-0.134939
-0.166888
-0.196751
-0.224798
-0.251541
-0.277204
-0.301735
-0.324905
-0.346429
-0.366069
-0.383682
-0.399237
-0.412795
-0.424489
-0.429360
-0.616439
-0.600727
-0.582250
-0.560678
-0.535732
-0.507228
-0.475136
-0.439632
-0.401114
-0.360166
-0.317422
-0.273359
-0.228077
-0.181719
-0.135294
-0.089157
-0.042826
0.003573
0.049375
0.093444
0.134178
0.169469
0.196590
0.212058
0.212058
0.196590
0.169468
0.134176
0.093437
0.049364
0.003570
-0.042748
-0.088791
-0.134190
-0.179078
-0.223099
-0.265614
-0.306904
-0.347345
-0.386782
-0.424692
-0.460408
-0.493336
-0.523075
-0.549452
-0.572495
-0.592381
-0.609378
-0.616439
-0.798947
-0.778774
-0.754944
-0.726978
-0.694447
-0.657033
-0.614616
-0.567358
-0.515769
-0.460697
-0.403199
-0.344276
-0.284536
-0.224586
-0.165889
-0.108712
-0.052040
0.004333
0.059836
0.113201
0.162530
0.205271
0.238121
0.256855
0.256855
0.238120
0.205269
0.162522
0.113181
0.059801
0.004327
-0.051849
-0.107895
-0.163621
-0.219573
-0.275728
-0.331365
-0.386524
-0.441208
-0.494743
-0.546086
-0.594169
-0.638158
-0.677561
-0.712232
-0.742300
-0.768080
-0.789990
-0.798947
-0.978866
-0.954537
-0.925701
-0.891728
-0.852032
-0.806144
-0.753826
-0.695187
-0.630792
-0.561693
-0.489324
-0.415210
-0.340542
-0.266548
-0.195338
-0.127226
-0.060647
0.005037
0.069464
0.131341
0.188532
0.238095
0.276193
0.297922
0.297922
0.276192
0.238089
0.188511
0.131288
0.069383
0.005023
-0.060272
-0.125739
-0.191487
-0.258553
-0.327245
-0.396589
-0.466163
-0.535452
-0.603203
-0.667870
-0.728040
-0.782701
-0.831331
-0.873853
-0.910522
-0.941807
-0.968284
-0.978866
-1.157106
-1.128887
-1.095348
-1.055707
-1.009216
-0.955245
-0.893414
-0.823744
-0.746809
-0.663814
-0.576520
-0.486960
-0.396943
-0.308425
-0.224333
-0.145176
-0.068871
0.005702
0.078496
0.148287
0.212781
0.268685
0.311667
0.336185
0.336184
0.311664
0.268669
0.212731
0.148174
0.078336
0.005676
-0.068230
-0.142791
-0.218503
-0.296931
-0.378657
-0.462273
-0.546718
-0.630868
-0.712870
-0.790706
-0.862672
-0.927635
-0.985090
-1.035063
-1.077958
-1.114406
-1.145145
-1.157106
-1.334125
-1.302249
-1.264273
-1.219266
-1.166310
-1.104605
-1.033612
-0.953235
-0.864018
-0.767269
-0.665035
-0.559829
-0.454095
-0.350595
-0.253217
-0.162811
-0.076835
0.006338
0.087050
0.164248
0.235556
0.297382
0.344933
0.372062
0.372061
0.344924
0.297346
0.235451
0.164033
0.086768
0.006294
-0.075838
-0.159301
-0.245045
-0.335163
-0.430430
-0.528831
-0.628529
-0.727727
-0.823970
-0.914804
-0.998282
-1.073203
-1.139117
-1.196180
-1.244963
-1.286271
-1.321003
-1.334125
-1.510161
-1.474835
-1.432661
-1.382555
-1.323431
-1.254310
-1.174477
-1.083697
-0.982446
-0.872095
-0.754934
-0.633927
-0.512161
-0.393259
-0.282193
-0.180287
-0.084615
0.006951
0.095205
0.179352
0.257020
0.324379
0.376208
0.405786
0.405783
0.376188
0.324306
0.256826
0.178980
0.094746
0.006884
-0.083170
-0.175432
-0.271349
-0.373516
-0.482810
-0.596453
-0.711719
-0.826101
-0.936544
-1.040194
-1.134910
-1.219464
-1.293499
-1.357325
-1.411694
-1.457588
-1.496075
-1.510161
-1.685339
-1.646749
-1.600589
-1.545628
-1.480607
-1.404361
-1.315989
-1.215092
-1.102051
-0.978258
-0.846207
-0.709284
-0.571217
-0.436536
-0.311394
-0.197716
-0.092271
0.007546
0.103019
0.193698
0.277298
0.349816
0.405645
0.437517
0.437509
0.405605
0.349681
0.276965
0.193101
0.102325
0.007449
-0.090285
-0.191306
-0.297581
-0.412166
-0.535942
-0.665228
-0.796324
-0.925977
-1.050552
-1.166829
-1.272514
-1.366396
-1.448238
-1.518527
-1.578204
-1.628439
-1.670464
-1.685339
-1.859723
-1.818036
-1.768086
-1.708490
-1.637820
-1.554718
-1.458087
-1.347348
-1.222756
-1.085690
-0.938807
-0.785889
-0.631296
-0.480499
-0.340913
-0.215183
-0.099852
0.008126
0.110548
0.207375
0.296497
0.373811
0.433368
0.467385
0.467371
0.433294
0.373580
0.295964
0.206471
0.109550
0.007993
-0.097231
-0.207023
-0.323871
-0.451239
-0.589915
-0.735195
-0.882330
-1.027307
-1.165923
-1.294629
-1.411020
-1.513937
-1.603292
-1.679765
-1.744499
-1.798850
-1.844217
-1.859723
-2.033342
-1.988710
-1.935146
-1.871120
-1.795029
-1.705322
-1.600697
-1.480378
-1.344471
-1.194309
-1.032674
-0.863713
-0.692407
-0.525191
-0.370821
-0.232756
-0.107397
0.008696
0.117840
0.220463
0.314718
0.396475
0.459494
0.495508
0.495481
0.459366
0.396101
0.313907
0.219159
0.116464
0.008521
-0.104053
-0.222666
-0.350320
-0.490824
-0.644784
-0.806364
-0.969704
-1.130023
-1.282569
-1.423499
-1.550337
-1.662010
-1.758602
-1.841000
-1.910556
-1.968817
-2.017350
-2.033342
-2.206207
-2.158770
-2.101755
-2.033484
-1.952184
-1.856108
-1.743739
-1.614093
-1.467103
-1.304028
-1.127739
-0.942713
-0.754541
-0.570640
-0.401166
-0.250489
-0.114941
0.009259
0.124939
0.233042
0.332058
0.417911
0.484129
0.521994
0.521948
0.483920
0.417337
0.330879
0.231234
0.123109
0.009034
-0.110788
-0.238306
-0.377009
-0.530990
-0.700582
-0.878724
-1.058399
-1.234049
-1.400396
-1.553339
-1.690370
-1.810531
-1.914098
-2.002180
-2.076342
-2.138324
-2.189859
-2.206207
-2.378317
-2.328203
-2.267885
-2.195544
-2.109232
-2.007006
-1.887131
-1.748402
-1.590560
-1.414759
-1.223928
-1.022842
-0.817681
-0.616858
-0.431985
-0.268423
-0.122511
0.009818
0.131886
0.245184
0.348610
0.438221
0.507377
0.546946
0.546870
0.507052
0.437378
0.346960
0.242760
0.129523
0.009536
-0.117471
-0.254002
-0.404001
-0.571782
-0.757325
-0.952256
-1.148361
-1.339306
-1.519311
-1.684053
-1.831026
-1.959415
-2.069711
-2.163251
-2.241817
-2.307346
-2.361732
-2.378317
-2.549668
-2.496993
-2.433512
-2.357259
-2.266121
-2.157952
-2.030796
-1.883218
-1.714751
-1.526417
-1.321170
-1.104048
-0.881804
-0.663850
-0.463303
-0.286592
-0.130132
0.010374
0.138719
0.256958
0.364463
0.457504
0.529338
0.570463
0.570345
0.528854
0.456309
0.362227
0.253800
0.135743
0.010030
-0.124130
-0.269803
-0.431348
-0.613236
-0.815018
-1.026932
-1.239532
-1.445714
-1.639221
-1.815544
-1.972214
-2.108584
-2.225373
-2.324157
-2.406941
-2.475854
-2.532953
-2.549668
-2.720249
-2.665123
-2.598606
-2.518592
-2.422799
-2.308882
-2.174661
-2.018461
-1.839591
-1.638919
-1.419391
-1.186279
-0.946880
-0.711613
-0.495138
-0.305023
-0.137824
0.010931
0.145471
0.268429
0.379703
0.475855
0.550108
0.592638
0.592461
0.549412
0.474214
0.376756
0.264413
0.141803
0.010518
-0.130792
-0.285749
-0.459088
-0.655374
-0.873657
-1.102718
-1.331854
-1.553195
-1.760036
-1.947722
-2.113847
-2.257959
-2.381019
-2.484848
-2.571675
-2.643821
-2.703504
-2.720249
-2.890052
-2.832576
-2.763142
-2.679507
-2.579220
-2.459739
-2.318657
-2.154052
-1.964998
-1.752185
-1.518522
-1.269480
-1.012878
-0.760138
-0.527501
-0.323735
-0.145601
0.011490
0.152171
0.279656
0.394413
0.493366
0.569782
0.613564
0.613308
0.568811
0.491174
0.390621
0.274656
0.147734
0.011003
-0.137479
-0.301875
-0.487252
-0.698209
-0.933232
-1.179578
-1.425265
-1.661671
-1.881673
-2.080500
-2.255846
-2.407471
-2.536590
-2.645275
-2.735980
-2.811219
-2.873369
-2.890052
-3.059068
-2.999335
-2.927094
-2.839968
-2.735339
-2.610470
-2.462721
-2.289921
-2.090896
-1.866140
-1.618495
-1.353599
-1.079765
-0.809412
-0.560396
-0.342744
-0.153479
0.012052
0.158848
0.290694
0.408667
0.510126
0.588449
0.633327
0.632968
0.587133
0.507266
0.403890
0.284583
0.153565
0.011486
-0.144209
-0.318207
-0.515861
-0.741750
-0.993727
-1.257473
-1.519707
-1.771068
-2.004049
-2.213799
-2.398136
-2.557052
-2.692029
-2.805393
-2.899824
-2.978025
-3.042529
-3.059068
-3.227288
-3.165386
-3.090442
-2.999946
-2.891119
-2.761024
-2.606794
-2.426001
-2.217215
-1.980713
-1.719245
-1.438583
-1.147505
-0.859422
-0.593826
-0.362060
-0.161467
0.012620
0.165524
0.301593
0.422540
0.526219
0.606198
0.652013
0.651523
0.604456
0.522566
0.416632
0.294243
0.159323
0.011968
-0.150999
-0.334769
-0.544934
-0.785998
-1.055124
-1.336362
-1.615120
-1.881316
-2.127089
-2.347543
-2.540647
-2.706644
-2.847287
-2.965162
-3.063174
-3.144215
-3.210971
-3.227288
-3.394706
-3.330715
-3.253165
-3.159415
-3.046522
-2.911357
-2.750823
-2.562233
-2.343888
-2.095837
-1.820709
-1.524380
-1.216064
-0.910148
-0.627788
-0.381691
-0.169574
0.013194
0.172219
0.312398
0.436098
0.541726
0.623113
0.669704
0.669052
0.620856
0.537147
0.428909
0.303684
0.165030
0.012453
-0.157862
-0.351577
-0.574480
-0.830951
-1.117402
-1.416204
-1.711446
-1.992345
-2.250720
-2.481661
-2.683316
-2.856190
-3.002318
-3.124545
-3.226003
-3.309769
-3.378681
-3.394706
-3.561314
-3.495311
-3.415246
-3.318348
-3.201517
-3.061430
-2.894760
-2.698559
-2.470854
-2.211448
-1.922828
-1.610941
-1.285405
-0.961573
-0.662278
-0.401643
-0.177807
0.013774
0.178953
0.323149
0.449403
0.556723
0.639274
0.686479
0.685630
0.636407
0.551078
0.440783
0.312949
0.170710
0.012939
-0.164809
-0.368645
-0.604509
-0.876603
-1.180537
-1.496958
-1.808629
-2.104090
-2.374875
-2.616090
-2.826085
-3.005640
-3.157079
-3.283510
-3.388286
-3.474670
-3.545647
-3.561314
-3.727108
-3.659165
-3.576669
-3.476725
-3.356076
-3.211206
-3.038560
-2.834928
-2.598056
-2.327487
-2.025545
-1.698217
-1.355494
-1.013677
-0.697291
-0.421918
-0.186170
0.014363
0.185740
0.333884
0.462512
0.571282
0.654760
0.702414
0.701331
0.651181
0.564428
0.452310
0.322078
0.176381
0.013430
-0.171850
-0.385986
-0.635025
-0.922947
-1.244505
-1.578583
-1.906615
-2.216490
-2.499490
-2.750769
-2.968898
-3.154949
-3.311534
-3.442027
-3.550001
-3.638902
-3.711861
-3.727108
-3.892085
-3.822268
-3.737422
-3.634527
-3.510172
-3.360652
-3.182184
-2.971293
-2.725441
-2.443898
-2.128806
-1.786160
-1.426296
-1.066438
-0.732819
-0.442517
-0.194669
0.014960
0.192594
0.344636
0.475480
0.585471
0.669644
0.717585
0.716226
0.665245
0.577259
0.463545
0.331109
0.182061
0.013926
-0.178993
-0.403607
-0.666029
-0.969972
-1.309281
-1.661037
-2.005350
-2.329485
-2.624504
-2.885642
-3.111708
-3.304074
-3.465650
-3.600069
-3.711129
-3.802452
-3.877313
-3.892085
-4.056243
-3.984615
-3.897494
-3.791738
-3.663784
-3.509740
-3.325595
-3.107612
-2.852960
-2.560631
-2.232560
-1.874727
-1.497775
-1.119836
-0.768853
-0.463441
-0.203306
0.015566
0.199528
0.355432
0.488353
0.599354
0.683999
0.732063
0.730384
0.678667
0.589634
0.474536
0.340073
0.187764
0.014427
-0.186244
-0.421514
-0.697522
-1.017667
-1.374838
-1.744280
-2.104785
-2.443020
-2.749864
-3.020656
-3.254468
-3.452978
-3.619395
-3.757615
-3.871653
-3.965309
-4.041998
-4.056243
-4.219581
-4.146200
-4.056875
-3.948343
-3.816891
-3.658442
-3.468761
-3.243844
-2.980569
-2.677636
-2.336758
-1.963872
-1.569897
-1.173848
-0.805383
-0.484688
-0.212084
0.016181
0.206550
0.366299
0.501177
0.612991
0.697892
0.745917
0.743873
0.691510
0.601610
0.485333
0.349003
0.193505
0.014935
-0.193609
-0.439712
-0.729501
-1.066018
-1.441149
-1.828272
-2.204869
-2.557041
-2.875515
-3.155766
-3.397138
-3.601628
-3.772744
-3.914644
-4.031559
-4.127463
-4.205910
-4.219581
-4.382097
-4.307021
-4.215559
-4.104331
-3.969477
-3.806737
-3.611652
-3.379954
-3.108226
-2.794868
-2.441355
-2.053554
-1.642630
-1.228453
-0.842398
-0.506256
-0.221003
0.016807
0.213670
0.377260
0.513990
0.626435
0.711387
0.759213
0.756758
0.703837
0.613243
0.495977
0.357926
0.199295
0.015450
-0.201092
-0.458204
-0.761962
-1.115013
-1.508189
-1.912975
-2.305557
-2.671498
-3.001411
-3.290927
-3.539681
-3.749992
-3.925671
-4.071138
-4.190835
-4.288908
-4.369047
-4.382097
-4.543794
-4.467074
-4.373539
-4.259691
-4.121526
-3.954603
-3.754241
-3.515909
-3.235892
-2.912285
-2.546308
-2.143733
-1.715940
-1.283629
-0.879889
-0.528142
-0.230065
0.017442
0.220895
0.388335
0.526829
0.639739
0.724546
0.772017
0.769100
0.715706
0.624586
0.506511
0.366867
0.205146
0.015972
-0.208697
-0.476992
-0.794902
-1.164636
-1.575929
-1.998351
-2.406803
-2.786345
-3.127505
-3.426098
-3.682061
-3.898042
-4.078157
-4.227081
-4.349470
-4.449637
-4.531405
-4.543794
-4.704673
-4.626360
-4.530811
-4.414416
-4.273026
-4.102022
-3.896504
-3.651680
-3.363533
-3.029847
-2.651575
-2.234371
-1.789796
-1.339354
-0.917842
-0.550341
-0.239270
0.018088
0.228231
0.399541
0.539727
0.652949
0.737424
0.784388
0.780962
0.727175
0.635688
0.516970
0.375848
0.211066
0.016503
-0.216425
-0.496077
-0.828314
-1.214872
-1.644344
-2.084363
-2.508563
-2.901535
-3.253755
-3.561241
-3.824248
-4.045755
-4.230182
-4.382460
-4.507455
-4.609645
-4.692985
-4.704673
-4.864737
-4.784877
-4.687371
-4.568497
-4.423964
-4.248978
-4.038421
-3.787239
-3.491116
-3.147518
-2.757118
-2.325431
-1.864168
-1.395608
-0.956247
-0.572851
-0.248617
0.018745
0.235683
0.410894
0.552714
0.666110
0.750078
0.796387
0.792401
0.738299
0.646596
0.527390
0.384892
0.217063
0.017041
-0.224280
-0.515457
-0.862193
-1.265705
-1.713407
-2.170974
-2.610797
-3.017028
-3.380122
-3.696324
-3.966213
-4.193108
-4.381729
-4.537264
-4.664783
-4.768930
-4.853785
-4.864737
-5.023988
-4.942627
-4.843218
-4.721929
-4.574332
-4.395456
-4.179971
-3.922562
-3.618612
-3.265264
-2.862901
-2.416877
-1.939025
-1.452367
-0.995091
-0.595665
-0.258107
0.019412
0.243256
0.422407
0.565815
0.679262
0.762558
0.808069
0.803473
0.749129
0.657354
0.537803
0.394015
0.223145
0.017589
-0.232263
-0.535133
-0.896531
-1.317120
-1.783092
-2.258152
-2.713466
-3.132783
-3.506569
-3.831313
-4.107931
-4.340080
-4.532784
-4.691483
-4.821450
-4.927488
-5.013807
-5.023988
-5.182430
-5.099611
-4.998350
-4.874709
-4.724121
-4.541446
-4.321138
-4.057626
-3.745991
-3.383053
-2.968890
-2.508677
-2.014339
-1.509612
-1.034363
-0.618780
-0.267739
0.020090
0.250953
0.434092
0.579054
0.692441
0.774911
0.819489
0.814234
0.759716
0.668003
0.548238
0.403234
0.229318
0.018146
-0.240375
-0.555103
-0.931321
-1.369100
-1.853372
-2.345860
-2.816531
-3.248764
-3.633063
-3.966180
-4.249378
-4.486654
-4.683335
-4.845108
-4.977449
-5.085319
-5.173051
-5.182430
-5.340068
-5.255830
-5.152767
-5.026832
-4.873324
-4.686934
-4.461906
-4.192412
-3.873231
-3.500855
-3.075053
-2.600798
-2.090081
-1.567322
-1.074049
-0.642190
-0.277512
0.020778
0.258778
0.445960
0.592452
0.705682
0.787183
0.830697
0.824734
0.770107
0.678582
0.558721
0.412564
0.235587
0.018711
-0.248616
-0.575364
-0.966555
-1.421630
-1.924223
-2.434068
-2.919957
-3.364934
-3.759571
-4.100899
-4.390533
-4.632815
-4.833369
-4.998133
-5.132778
-5.242423
-5.331520
-5.340068
-5.496907
-5.411288
-5.306469
-5.178296
-5.021937
-4.831914
-4.602262
-4.326900
-4.000307
-3.618643
-3.181359
-2.693210
-2.166225
-1.625476
-1.114139
-0.665889
-0.287424
0.021478
0.266732
0.458019
0.606030
0.719016
0.799416
0.841743
0.835024
0.780347
0.689127
0.569278
0.422019
0.241958
0.019286
-0.256987
-0.595915
-1.002225
-1.474693
-1.995620
-2.522744
-3.023709
-3.481261
-3.886063
-4.235444
-4.531377
-4.778547
-4.982878
-5.150551
-5.287435
-5.398799
-5.489217
-5.496907
-5.652950
-5.565988
-5.459457
-5.329100
-5.169954
-4.976375
-4.742194
-4.461074
-4.127198
-3.736392
-3.287780
-2.785885
-2.242744
-1.684055
-1.154618
-0.689873
-0.297474
0.022189
0.274818
0.470276
0.619802
0.732471
0.811648
0.852672
0.845150
0.790478
0.699672
0.579931
0.431610
0.248433
0.019871
-0.265488
-0.616753
-1.038322
-1.528273
-2.067538
-2.611857
-3.127756
-3.597714
-4.012514
-4.369794
-4.671892
-4.923838
-5.131853
-5.302359
-5.441417
-5.554449
-5.646145
-5.652950
-5.808205
-5.719934
-5.611733
-5.479243
-5.317371
-5.120312
-4.881690
-4.594920
-4.253885
-3.854078
-3.394289
-2.878793
-2.319614
-1.743039
-1.195477
-0.714135
-0.307662
0.022910
0.283038
0.482740
0.633786
0.746073
0.823917
0.863528
0.855159
0.800542
0.710248
0.590700
0.441348
0.255017
0.020465
-0.274120
-0.637873
-1.074839
-1.582353
-2.139953
-2.701377
-3.232066
-3.714264
-4.138897
-4.503928
-4.812062
-5.068677
-5.280286
-5.453552
-5.594725
-5.709375
-5.802308
-5.808205
-5.962676
-5.873130
-5.763299
-5.628725
-5.464187
-5.263718
-5.020741
-4.728423
-4.380350
-3.971679
-3.500861
-2.971910
-2.396809
-1.802409
-1.236701
-0.738669
-0.317984
0.023642
0.291391
0.495414
0.647994
0.759845
0.836256
0.874352
0.865092
0.810577
0.720885
0.601604
0.451241
0.261712
0.021070
-0.282881
-0.659274
-1.111765
-1.636919
-2.212843
-2.791278
-3.336610
-3.830883
-4.265189
-4.637826
-4.951875
-5.213055
-5.428173
-5.604128
-5.747357
-5.863578
-5.957710
-5.962676
-6.116369
-6.025581
-5.914158
-5.777547
-5.610399
-5.406589
-5.159340
-4.861572
-4.506577
-4.089175
-3.607474
-3.065211
-2.474308
-1.862146
-1.278280
-0.763469
-0.328439
0.024385
0.299881
0.508305
0.662438
0.773810
0.848697
0.885183
0.874990
0.820618
0.731609
0.612661
0.461300
0.268522
0.021683
-0.291771
-0.680952
-1.149092
-1.691953
-2.286183
-2.881531
-3.441360
-3.947545
-4.391368
-4.771473
-5.091316
-5.356963
-5.575508
-5.754084
-5.899316
-6.017063
-6.112356
-6.116369
-6.269292
-6.177290
-6.064314
-5.925710
-5.756006
-5.548920
-5.297479
-4.994356
-4.632551
-4.206547
-3.714104
-3.158672
-2.552087
-1.922233
-1.320200
-0.788531
-0.339027
0.025139
0.308506
0.521416
0.677129
0.787988
0.861270
0.896058
0.884892
0.830700
0.742447
0.623886
0.471530
0.275448
0.022307
-0.300790
-0.702903
-1.186811
-1.747440
-2.359952
-2.972111
-3.546290
-4.064227
-4.517414
-4.904851
-5.230375
-5.500393
-5.722286
-5.903421
-6.050601
-6.169831
-6.266250
-6.269292
-6.421449
-6.328264
-6.213769
-6.073215
-5.901008
-5.690710
-5.435151
-5.126765
-4.758258
-4.323777
-3.820731
-3.252270
-2.630125
-1.982651
-1.362452
-0.813846
-0.349744
0.025903
0.317268
0.534751
0.692077
0.802395
0.874001
0.907011
0.894834
0.840854
0.753422
0.635293
0.481940
0.282493
0.022941
-0.309936
-0.725122
-1.224914
-1.803365
-2.434129
-3.062993
-3.651375
-4.180906
-4.643308
-5.037948
-5.369041
-5.643338
-5.868505
-6.052136
-6.201215
-6.321886
-6.419398
-6.421449
-6.572848
-6.478507
-6.362527
-6.220065
-6.045405
-5.831954
-5.572352
-5.258791
-4.883686
-4.440851
-3.927336
-3.345985
-2.708401
-2.043384
-1.405022
-0.839411
-0.360589
0.026678
0.326167
0.548313
0.707290
0.817050
0.886916
0.918074
0.904850
0.851111
0.764555
0.646896
0.492534
0.289657
0.023584
-0.319209
-0.747607
-1.263391
-1.859711
-2.508692
-3.154152
-3.756590
-4.297560
-4.769033
-5.170749
-5.507306
-5.785794
-6.014163
-6.200231
-6.351160
-6.473233
-6.571804
-6.572848
-6.723494
-6.628025
-6.510593
-6.366262
-6.189196
-5.972652
-5.709076
-5.390425
-5.008825
-4.557752
-4.033900
-3.439796
-2.786896
-2.104415
-1.447900
-0.865218
-0.371559
0.027464
0.335203
0.562104
0.722776
0.831966
0.900038
0.929278
0.914973
0.861497
0.775867
0.658706
0.503318
0.296943
0.024237
-0.328608
-0.770353
-1.302232
-1.916465
-2.583620
-3.245566
-3.861913
-4.414171
-4.894573
-5.303242
-5.645161
-5.927756
-6.159256
-6.347705
-6.500438
-6.623875
-6.723476
-6.723494
-6.873396
-6.776823
-6.657971
-6.511809
-6.332383
-6.112801
-5.845320
-5.521661
-5.133662
-4.674467
-4.140408
-3.533685
-2.865591
-2.165728
-1.491074
-0.891261
-0.382654
0.028260
0.344375
0.576128
0.738542
0.847158
0.913389
0.940652
0.925233
0.872041
0.787377
0.670734
0.514297
0.304351
0.024901
-0.338132
-0.793355
-1.341430
-1.973611
-2.658894
-3.337212
-3.967324
-4.530719
-5.019914
-5.435418
-5.782599
-6.069219
-6.303784
-6.494559
-6.649053
-6.773817
-6.874417
-6.873396
-7.022559
-6.924908
-6.804665
-6.656708
-6.474968
-6.252402
-5.981082
-5.652493
-5.258190
-4.790984
-4.246842
-3.627633
-2.944467
-2.227306
-1.534533
-0.917535
-0.393871
0.029066
0.353685
0.590385
0.754594
0.862638
0.926990
0.952220
0.935658
0.882766
0.799100
0.682990
0.525474
0.311883
0.025574
-0.347780
-0.816610
-1.380975
-2.031134
-2.734495
-3.429070
-4.072801
-4.647187
-5.145041
-5.567266
-5.919613
-6.210180
-6.447747
-6.640796
-6.797006
-6.923064
-7.024635
-7.022559
-7.170991
-7.072285
-6.950681
-6.800964
-6.616952
-6.391454
-6.116357
-5.782915
-5.382401
-4.907290
-4.353189
-3.721624
-3.023507
-2.289136
-1.578267
-0.944034
-0.405207
0.029883
0.363130
0.604877
0.770937
0.878417
0.940858
0.964008
0.946275
0.893694
0.811055
0.695483
0.536855
0.319538
0.026257
-0.357550
-0.840114
-1.420858
-2.089021
-2.810404
-3.521118
-4.178325
-4.763559
-5.269943
-5.698777
-6.056199
-6.350637
-6.591144
-6.786416
-6.944303
-7.071620
-7.174134
-7.170991
-7.318697
-7.218960
-7.096022
-6.944580
-6.758337
-6.529958
-6.251144
-5.912923
-5.506285
-5.023376
-4.459434
-3.815641
-3.102694
-2.351201
-1.622264
-0.970751
-0.416661
0.030710
0.372711
0.619605
0.787576
0.894506
0.955010
0.976040
0.957109
0.904848
0.823255
0.708221
0.548442
0.327319
0.026949
-0.367441
-0.863862
-1.461070
-2.147256
-2.886603
-3.613338
-4.283879
-4.879819
-5.394607
-5.829944
-6.192351
-6.490587
-6.733974
-6.931422
-7.090946
-7.219490
-7.322922
-7.318697
-7.465686
-7.364940
-7.240694
-7.087560
-6.899125
-6.667913
-6.385443
-6.042513
-5.629837
-5.139230
-4.565565
-3.909669
-3.182013
-2.413488
-1.666514
-0.997681
-0.428231
0.031546
0.382427
0.634570
0.804515
0.910914
0.969463
0.988336
0.968182
0.916247
0.835714
0.721213
0.560238
0.335225
0.027652
-0.377453
-0.887850
-1.501602
-2.205827
-2.963073
-3.705712
-4.389446
-4.995955
-5.519023
-5.960758
-6.328065
-6.630030
-6.876240
-7.075816
-7.236939
-7.366679
-7.471003
-7.465686
-7.611964
-7.510229
-7.384702
-7.229907
-7.039320
-6.805321
-6.519250
-6.171682
-5.753051
-5.254845
-4.671569
-4.003693
-3.261448
-2.475983
-1.711008
-1.024818
-0.439915
0.032393
0.392278
0.649774
0.821759
0.927650
0.984232
1.000916
0.979517
0.927910
0.848445
0.734464
0.572246
0.343256
0.028364
-0.387583
-0.912074
-1.542446
-2.264719
-3.039799
-3.798220
-4.495009
-5.111952
-5.643182
-6.091215
-6.463337
-6.768963
-7.017940
-7.219601
-7.382286
-7.513193
-7.618385
-7.611964
-7.757538
-7.654835
-7.528052
-7.371626
-7.178923
-6.942182
-6.652567
-6.300426
-5.875921
-5.370211
-4.777436
-4.097701
-3.340985
-2.538673
-1.755734
-1.052157
-0.451710
0.033249
0.402264
0.665215
0.839310
0.944723
0.999329
1.013799
0.991133
0.939853
0.861460
0.747981
0.584468
0.351414
0.029086
-0.397831
-0.936529
-1.583594
-2.323920
-3.116764
-3.890847
-4.600553
-5.227799
-5.767073
-6.221307
-6.598166
-6.907386
-7.159078
-7.362779
-7.526992
-7.659037
-7.765073
-7.757538
-7.902414
-7.798763
-7.670748
-7.512721
-7.317938
-7.078500
-6.785392
-6.428743
-5.998442
-5.485321
-4.883154
-4.191680
-3.420610
-2.601544
-1.800684
-1.079691
-0.463615
0.034116
0.412383
0.680896
0.857173
0.962139
1.014768
1.027002
1.003050
0.952093
0.874769
0.761769
0.596907
0.359697
0.029818
-0.408195
-0.961211
-1.625035
-2.383416
-3.193952
-3.983576
-4.706064
-5.343483
-5.890690
-6.351029
-6.732547
-7.045298
-7.299654
-7.505354
-7.671060
-7.804216
-7.911074
-7.902414
-8.046600
-7.942020
-7.812797
-7.653196
-7.456368
-7.214274
-6.917726
-6.556631
-6.120609
-5.600169
-4.988715
-4.285617
-3.500309
-2.664585
-1.845847
-1.107416
-0.475627
0.034991
0.422634
0.696815
0.875348
0.979904
1.030560
1.040542
1.015285
0.964645
0.888382
0.775835
0.609564
0.368107
0.030559
-0.418674
-0.986116
-1.666763
-2.443195
-3.271348
-4.076392
-4.811529
-5.458995
-6.014025
-6.480378
-6.866479
-7.182701
-7.439671
-7.647329
-7.814496
-7.948736
-8.056395
-8.046600
-8.190102
-8.084612
-7.954202
-7.793055
-7.594216
-7.349507
-7.049568
-6.684089
-6.242420
-5.714746
-5.094109
-4.379500
-3.580070
-2.727782
-1.891215
-1.135325
-0.487745
0.035877
0.433018
0.712974
0.893839
0.998026
1.046715
1.054432
1.027854
0.977522
0.902308
0.790183
0.622440
0.376643
0.031310
-0.429267
-1.011240
-1.708769
-2.503244
-3.348936
-4.169280
-4.916934
-5.574324
-6.137070
-6.609348
-6.999960
-7.319594
-7.579129
-7.788708
-7.957304
-8.092602
-8.201040
-8.190102
-8.332927
-8.226545
-8.094970
-7.932304
-7.731485
-7.484202
-7.180920
-6.811115
-6.363870
-5.829049
-5.199327
-4.473321
-3.659881
-2.791125
-1.936777
-1.163413
-0.499966
0.036771
0.443532
0.729371
0.912649
1.016510
1.063245
1.068686
1.040773
0.990737
0.916557
0.804818
0.635539
0.385305
0.032070
-0.439971
-1.036577
-1.751043
-2.563552
-3.426704
-4.262227
-5.022267
-5.689461
-6.259820
-6.737937
-7.132989
-7.455977
-7.718032
-7.929493
-8.099487
-8.235819
-8.345017
-8.332927
-8.475083
-8.367825
-8.235106
-8.070947
-7.868180
-7.618360
-7.311783
-6.937709
-6.484956
-5.943072
-5.304363
-4.567067
-3.739730
-2.854603
-1.982526
-1.191674
-0.512288
0.037675
0.454177
0.746008
0.931778
1.035361
1.080157
1.083319
1.054055
1.004302
0.931136
0.819743
0.648860
0.394094
0.032840
-0.450786
-1.062125
-1.793580
-2.624106
-3.504636
-4.355217
-5.127517
-5.804398
-6.382269
-6.866141
-7.265565
-7.591852
-7.856382
-8.069689
-8.241052
-8.378394
-8.488331
-8.475083
-8.616574
-8.508458
-8.374616
-8.208989
-8.004304
-7.751985
-7.442157
-7.063870
-6.605677
-6.056809
-5.409208
-4.660730
-3.819606
-2.918204
-2.028453
-1.220104
-0.524709
0.038588
0.464952
0.762883
0.951229
1.054584
1.097461
1.098340
1.067712
1.018228
0.946053
0.834963
0.662405
0.403009
0.033619
-0.461711
-1.087878
-1.836369
-2.684895
-3.582719
-4.448240
-5.232674
-5.919127
-6.504411
-6.993957
-7.397688
-7.727220
-7.994181
-8.209299
-8.382003
-8.520331
-8.630989
-8.616574
-8.757409
-8.648450
-8.513505
-8.346433
-8.139860
-7.885078
-7.572044
-7.189597
-6.726029
-6.170256
-5.513856
-4.754301
-3.899500
-2.981918
-2.074548
-1.248697
-0.537228
0.039510
0.475855
0.779997
0.971003
1.074183
1.115164
1.113762
1.081759
1.032525
0.961314
0.850480
0.676175
0.412049
0.034408
-0.472743
-1.113832
-1.879404
-2.745908
-3.660942
-4.541283
-5.337728
-6.033639
-6.626243
-7.121384
-7.529356
-7.862082
-8.131433
-8.348327
-8.522344
-8.661636
-8.772997
-8.757409
-8.897594
-8.787807
-8.651778
-8.483285
-8.274853
-8.017642
-7.701445
-7.314890
-6.846012
-6.283410
-5.618300
-4.847771
-3.979401
-3.045735
-2.120805
-1.277448
-0.549842
0.040441
0.486886
0.797349
0.991102
1.094163
1.133274
1.129595
1.096204
1.047203
0.976925
0.866299
0.690171
0.421216
0.035205
-0.483882
-1.139984
-1.922677
-2.807134
-3.739291
-4.634334
-5.442668
-6.147930
-6.747758
-7.248419
-7.660571
-7.996440
-8.268139
-8.486777
-8.662081
-8.802315
-8.914362
-8.897594
-9.037135
-8.926536
-8.789441
-8.619550
-8.409287
-8.149681
-7.830362
-7.439751
-6.965623
-6.396266
-5.722536
-4.941133
-4.059299
-3.109646
-2.167214
-1.306351
-0.562548
0.041381
0.498044
0.814938
1.011526
1.114526
1.151797
1.145847
1.111060
1.062270
0.992893
0.882422
0.704394
0.430508
0.036012
-0.495126
-1.166329
-1.966180
-2.868562
-3.817755
-4.727382
-5.547487
-6.261992
-6.868955
-7.375061
-7.791332
-8.130295
-8.404303
-8.624653
-8.801218
-8.942374
-9.055089
-9.037135
-9.176039
-9.064643
-8.926499
-8.755232
-8.543164
-8.281198
-7.958797
-7.564178
-7.084861
-6.508823
-5.826557
-5.034378
-4.139186
-3.173640
-2.213768
-1.335403
-0.575346
0.042330
0.509327
0.832765
1.032277
1.135277
1.170740
1.162529
1.126335
1.077735
1.009223
0.898851
0.718844
0.439925
0.036828
-0.506474
-1.192863
-2.009905
-2.930182
-3.896323
-4.820417
-5.652175
-6.375819
-6.989830
-7.501307
-7.921639
-8.263650
-8.539928
-8.761959
-8.939759
-9.081817
-9.195184
-9.176039
-9.314311
-9.202132
-9.062958
-8.890336
-8.676490
-8.412194
-8.086752
-7.688173
-7.203725
-6.621076
-5.930359
-5.127501
-4.219053
-3.237711
-2.260460
-1.364597
-0.588233
0.043286
0.520736
0.850828
1.053356
1.156418
1.190109
1.179647
1.142038
1.093605
1.025920
0.915590
0.733523
0.449467
0.037653
-0.517924
-1.219582
-2.053845
-2.991983
-3.974982
-4.913428
-5.756726
-6.489406
-7.110378
-7.627158
-8.051494
-8.396506
-8.675018
-8.898699
-9.077711
-9.220650
-9.334654
-9.314311
-9.451960
-9.339011
-9.198823
-9.024867
-8.809268
-8.542674
-8.214228
-7.811737
-7.322214
-6.733023
-6.033937
-5.220495
-4.298892
-3.301847
-2.307281
-1.393930
-0.601207
0.044252
0.532269
0.869127
1.074763
1.177954
1.209910
1.197210
1.158178
1.109887
1.042988
0.932640
0.748430
0.459134
0.038487
-0.529475
-1.246481
-2.097993
-3.053957
-4.053724
-5.006408
-5.861131
-6.602749
-7.230599
-7.752613
-8.180897
-8.528865
-8.809574
-9.034878
-9.215077
-9.358879
-9.473504
-9.451960
-9.588990
-9.475285
-9.334100
-9.158830
-8.941502
-8.672641
-8.341228
-7.934870
-7.440329
-6.844662
-6.137288
-5.313352
-4.378696
-3.366042
-2.354226
-1.423396
-0.614267
0.045226
0.543924
0.887661
1.096499
1.199885
1.230146
1.215225
1.174763
1.126587
1.060433
0.950004
0.763566
0.468925
0.039329
-0.541125
-1.273557
-2.142342
-3.116094
-4.132537
-5.099345
-5.965384
-6.715842
-7.350488
-7.877670
-8.309849
-8.660730
-8.943602
-9.170499
-9.351863
-9.496510
-9.611740
-9.588990
-9.725408
-9.610960
-9.468793
-9.292228
-9.073197
-8.802098
-8.467755
-8.057574
-7.558068
-6.955992
-6.240406
-5.406069
-4.458456
-3.430288
-2.401286
-1.452990
-0.627410
0.046207
0.555702
0.906430
1.118565
1.222215
1.250824
1.233698
1.191799
1.143713
1.078258
0.967684
0.778932
0.478840
0.040181
-0.552873
-1.300806
-2.186884
-3.178383
-4.211413
-5.192232
-6.069478
-6.828681
-7.470045
-8.002330
-8.438351
-8.792103
-9.077103
-9.305566
-9.488073
-9.633546
-9.749369
-9.725408
-9.861220
-9.746041
-9.602908
-9.425068
-9.204356
-8.931048
-8.593810
-8.179849
-7.675432
-7.067010
-6.343289
-5.498639
-4.538166
-3.494577
-2.448455
-1.482709
-0.640634
0.047197
0.567600
0.925432
1.140960
1.244947
1.271947
1.252635
1.209294
1.161269
1.096466
0.985682
0.794527
0.488878
0.041041
-0.564718
-1.328224
-2.231614
-3.240817
-4.290340
-5.285062
-6.173408
-6.941263
-7.589267
-8.126592
-8.566405
-8.922986
-9.210082
-9.440084
-9.623713
-9.769995
-9.886395
-9.861220
-9.996432
-9.880534
-9.736451
-9.557354
-9.334983
-9.059494
-8.719396
-8.301698
-7.792420
-7.177714
-6.445934
-5.591056
-4.617820
-3.558901
-2.495727
-1.512547
-0.653937
0.048195
0.579619
0.944668
1.163686
1.268081
1.293519
1.272043
1.227252
1.179261
1.115063
1.003998
0.810353
0.499040
0.041910
-0.576658
-1.355806
-2.276523
-3.303387
-4.369312
-5.377825
-6.277167
-7.053583
-7.708153
-8.250457
-8.694012
-9.053382
-9.342541
-9.574057
-9.758787
-9.905861
-10.022826
-9.996432
-10.131050
-10.014446
-9.869426
-9.689090
-9.465083
-9.187440
-8.844515
-8.423121
-7.909033
-7.288105
-6.548337
-5.683318
-4.697411
-3.623253
-2.543094
-1.542500
-0.667319
0.049201
0.591756
0.964136
1.186743
1.291621
1.315545
1.291925
1.245681
1.197693
1.134050
1.022636
0.826409
0.509324
0.042788
-0.588692
-1.383549
-2.321606
-3.366084
-4.448319
-5.470515
-6.380750
-7.165640
-7.826701
-8.373925
-8.821173
-9.183294
-9.474485
-9.707489
-9.893299
-10.041150
-10.158665
-10.131050
-10.265080
-10.147781
-10.001838
-9.820281
-9.594660
-9.314890
-8.969171
-8.544120
-8.025271
-7.398180
-6.650496
-5.775419
-4.776933
-3.687628
-2.590552
-1.572565
-0.680775
0.050215
0.604012
0.983835
1.210130
1.315567
1.338027
1.312288
1.264586
1.216571
1.153431
1.041595
0.842695
0.519731
0.043674
-0.600817
-1.411449
-2.366855
-3.428899
-4.527352
-5.563125
-6.484153
-7.277429
-7.944911
-8.496995
-8.947891
-9.312724
-9.605917
-9.840385
-10.027255
-10.175866
-10.293920
-10.265080
-10.398528
-10.280545
-10.133694
-9.950932
-9.723718
-9.441846
-9.093364
-8.664697
-8.141135
-7.507938
-6.752408
-5.867354
-4.856381
-3.752017
-2.638093
-1.602736
-0.694306
0.051236
0.616384
1.003765
1.233848
1.339922
1.360970
1.333136
1.283970
1.235898
1.173208
1.060878
0.859211
0.530259
0.044569
-0.613034
-1.439502
-2.412265
-3.491826
-4.606404
-5.655648
-6.587370
-7.388949
-8.062781
-8.619669
-9.074166
-9.441675
-9.736839
-9.972748
-10.160660
-10.310016
-10.428596
-10.398528
-10.531400
-10.412743
-10.264997
-10.081047
-9.852261
-9.568313
-9.217100
-8.784854
-8.256625
-7.617380
-6.854072
-5.959121
-4.935749
-3.816416
-2.685713
-1.633009
-0.707909
0.052264
0.628873
1.023924
1.257897
1.364688
1.384376
1.354473
1.303840
1.255678
1.193385
1.080486
0.875958
0.540909
0.045472
-0.625341
-1.467705
-2.457830
-3.554856
-4.685467
-5.748078
-6.690398
-7.500196
-8.180310
-8.741948
-9.200000
-9.570150
-9.867257
-10.104582
-10.293517
-10.443604
-10.562698
-10.531400
-10.663701
-10.544381
-10.395753
-10.210631
-9.980292
-9.694293
-9.340379
-8.904591
-8.371742
-7.726504
-6.955485
-6.050715
-5.015032
-3.880818
-2.733404
-1.663381
-0.721582
0.053300
0.641476
1.044312
1.282277
1.389864
1.408248
1.376302
1.324199
1.275916
1.213964
1.100420
0.892936
0.551679
0.046383
-0.637735
-1.496053
-2.503542
-3.617981
-4.764535
-5.840409
-6.793233
-7.611169
-8.297499
-8.863831
-9.325397
-9.698151
-9.997173
-10.235893
-10.425832
-10.576635
-10.696232
-10.663701
-10.795437
-10.675464
-10.525966
-10.339689
-10.107816
-9.819790
-9.463205
-9.023912
-8.486486
-7.835310
-7.056645
-6.142134
-5.094225
-3.945217
-2.781163
-1.693847
-0.735323
0.054343
0.654192
1.064928
1.306988
1.415453
1.432589
1.398629
1.345052
1.296614
1.234946
1.120680
0.910143
0.562570
0.047303
-0.650216
-1.524543
-2.549397
-3.681195
-4.843599
-5.932636
-6.895870
-7.721866
-8.414346
-8.985321
-9.450356
-9.825682
-10.126591
-10.366683
-10.557610
-10.709114
-10.829203
-10.795437
-10.926613
-10.805998
-10.655643
-10.468224
-10.234838
-9.944807
-9.585580
-9.142818
-8.600860
-7.943799
-7.157551
-6.233373
-5.173324
-4.009609
-2.828982
-1.724404
-0.749131
0.055393
0.667021
1.085770
1.332029
1.441456
1.457401
1.421456
1.366401
1.317776
1.256335
1.141267
0.927581
0.573580
0.048230
-0.662782
-1.553171
-2.595387
-3.744490
-4.922653
-6.024754
-6.998306
-7.832284
-8.530851
-9.106417
-9.574882
-9.952745
-10.255515
-10.496957
-10.688855
-10.841047
-10.961617
-10.926613
-11.057236
-10.935987
-10.784787
-10.596242
-10.361360
-10.069349
-9.707508
-9.261312
-8.714863
-8.051969
-7.258201
-6.324431
-5.252324
-4.073987
-2.876859
-1.755047
-0.763004
0.056451
0.679962
1.106837
1.357400
1.467874
1.482687
1.444786
1.388252
1.339405
1.278133
1.162184
0.945249
0.584709
0.049166
-0.675432
-1.581933
-2.641509
-3.807860
-5.001691
-6.116756
-7.100538
-7.942423
-8.647015
-9.227121
-9.698974
-10.079343
-10.383947
-10.626720
-10.819571
-10.972438
-11.093478
-11.057236
-11.187310
-11.065438
-10.913404
-10.723748
-10.487387
-10.193417
-9.828990
-9.379394
-8.828497
-8.159820
-7.358595
-6.415305
-5.331222
-4.138347
-2.924786
-1.785774
-0.776940
0.057515
0.693013
1.128129
1.383102
1.494708
1.508448
1.468623
1.410606
1.361503
1.300340
1.183429
0.963147
0.595957
0.050110
-0.688164
-1.610827
-2.687755
-3.871298
-5.080706
-6.208639
-7.202563
-8.052280
-8.762837
-9.347435
-9.822637
-10.205478
-10.511892
-10.755975
-10.949764
-11.103293
-11.224793
-11.187310
-11.316841
-11.194354
-11.041498
-10.850744
-10.612924
-10.317017
-9.950031
-9.497067
-8.941764
-8.267354
-7.458731
-6.505991
-5.410014
-4.202684
-2.972760
-1.816579
-0.790937
0.058586
0.706174
1.149644
1.409133
1.521958
1.534687
1.492969
1.433467
1.384073
1.322959
1.205004
0.981274
0.607323
0.051061
-0.700977
-1.639848
-2.734120
-3.934797
-5.159694
-6.300399
-7.304378
-8.161855
-8.878318
-9.467359
-9.945871
-10.331155
-10.639353
-10.884726
-11.079437
-11.233615
-11.355565
-11.316841
-11.445834
-11.322741
-11.169073
-10.977236
-10.737973
-10.440151
-10.070632
-9.614334
-9.054663
-8.374570
-7.558607
-6.596488
-5.488696
-4.266993
-3.020776
-1.847461
-0.804994
0.059663
0.719442
1.171382
1.435493
1.549624
1.561406
1.517828
1.456838
1.407118
1.345991
1.226909
0.999630
0.618806
0.052021
-0.713870
-1.668992
-2.780599
-3.998351
-5.238647
-6.392029
-7.405981
-8.271147
-8.993457
-9.586895
-10.068680
-10.456376
-10.766334
-11.012978
-11.208595
-11.363411
-11.485801
-11.445834
-11.574294
-11.450604
-11.296136
-11.103229
-10.862539
-10.562822
-10.190796
-9.731196
-9.167197
-8.481468
-7.658224
-6.686794
-5.567264
-4.331270
-3.068829
-1.878414
-0.819110
0.060747
0.732818
1.193340
1.462182
1.577709
1.588605
1.543200
1.480721
1.430640
1.369438
1.249145
1.018215
0.630406
0.052988
-0.726841
-1.698257
-2.827187
-4.061955
-5.317560
-6.483528
-7.507368
-8.380155
-9.108255
-9.706044
-10.191064
-10.581143
-10.892838
-11.140734
-11.337243
-11.492684
-11.615506
-11.574294
-11.702227
-11.577948
-11.422690
-11.228725
-10.986625
-10.685034
-10.310527
-9.847656
-9.279368
-8.588050
-7.757581
-6.776906
-5.645715
-4.395510
-3.116914
-1.909436
-0.833281
0.061838
0.746299
1.215518
1.489199
1.606212
1.616288
1.569089
1.505119
1.454641
1.393301
1.271712
1.037029
0.642122
0.053963
-0.739888
-1.727639
-2.873878
-4.125602
-5.396430
-6.574891
-7.608539
-8.488878
-9.222713
-9.824807
-10.313027
-10.705460
-11.018869
-11.267999
-11.465384
-11.621440
-11.744683
-11.702227
-11.829637
-11.704777
-11.548739
-11.353730
-11.110236
-10.806791
-10.429827
-9.963715
-9.391175
-8.694314
-7.856676
-6.866824
-5.724046
-4.459711
-3.165029
-1.940524
-0.847507
0.062935
0.759885
1.237914
1.516543
1.635133
1.644454
1.595497
1.530034
1.479123
1.417582
1.294610
1.056071
0.653954
0.054945
-0.753011
-1.757134
-2.920668
-4.189287
-5.475249
-6.666114
-7.709490
-8.597314
-9.336830
-9.943187
-10.434571
-10.829330
-11.144430
-11.394776
-11.593024
-11.749683
-11.873340
-11.829637
-11.956531
-11.831097
-11.674289
-11.478249
-11.233376
-10.928096
-10.548699
-10.079376
-9.502622
-8.800263
-7.955510
-6.956544
-5.802255
-4.523867
-3.213167
-1.971674
-0.861787
0.064037
0.773575
1.260528
1.544215
1.664474
1.673106
1.622426
1.555468
1.504087
1.442281
1.317841
1.075340
0.665900
0.055935
-0.766208
-1.786740
-2.967551
-4.253004
-5.554014
-6.757195
-7.810221
-8.705465
-9.450609
-10.061184
-10.555699
-10.952755
-11.269524
-11.521069
-11.720167
-11.877417
-12.001479
-11.956531
-12.082911
-11.956913
-11.799344
-11.602284
-11.356048
-11.048952
-10.667146
-10.194642
-9.613708
-8.905896
-8.054081
-7.046066
-5.880338
-4.587975
-3.261327
-2.002882
-0.876118
0.065147
0.787367
1.283357
1.572212
1.694233
1.702244
1.649877
1.581424
1.529536
1.467399
1.341402
1.094837
0.677960
0.056932
-0.779477
-1.816452
-3.014523
-4.316749
-5.632720
-6.848129
-7.910728
-8.813329
-9.564048
-10.178801
-10.676411
-11.075739
-11.394156
-11.646882
-11.846816
-12.004648
-12.129106
-12.082911
-12.208784
-12.082228
-11.923908
-11.725840
-11.478255
-11.169362
-10.785170
-10.309514
-9.724437
-9.011214
-8.152391
-7.135388
-5.958294
-4.652031
-3.309503
-2.034146
-0.890499
0.066261
0.801260
1.306401
1.600535
1.724412
1.731870
1.677853
1.607903
1.555471
1.492938
1.365296
1.114560
0.690133
0.057937
-0.792817
-1.846268
-3.061578
-4.380515
-5.711363
-6.938914
-8.011012
-8.920906
-9.677149
-10.296038
-10.796712
-11.198284
-11.518328
-11.772219
-11.972976
-12.131380
-12.256226
-12.208784
-12.334155
-12.207048
-12.047986
-11.848921
-11.600002
-11.289330
-10.902775
-10.423995
-9.834809
-9.116218
-8.250438
-7.224509
-6.036118
-4.716033
-3.357691
-2.065463
-0.904928
0.067382
0.815252
1.329658
1.629182
1.755010
1.761985
1.706354
1.634906
1.581894
1.518898
1.389522
1.134509
0.702419
0.058948
-0.806227
-1.876184
-3.108713
-4.444298
-5.789939
-7.029547
-8.111069
-9.028196
-9.789914
-10.412898
-10.916603
-11.320393
-11.642044
-11.897085
-12.098651
-12.257617
-12.382843
-12.334155
-12.459028
-12.331377
-12.171582
-11.971532
-11.721293
-11.408859
-11.019963
-10.538086
-9.944827
-9.220910
-8.348223
-7.313428
-6.113810
-4.779976
-3.405889
-2.096830
-0.919404
0.068509
0.829344
1.353127
1.658152
1.786027
1.792589
1.735382
1.662436
1.608805
1.545280
1.414080
1.154683
0.714817
0.059967
-0.819706
-1.906197
-3.155923
-4.508094
-5.868443
-7.120026
-8.210900
-9.135199
-9.902342
-10.529382
-11.036086
-11.442070
-11.765308
-12.021482
-12.223846
-12.383363
-12.508963
-12.459028
-12.583407
-12.455219
-12.294700
-12.093675
-11.842131
-11.527953
-11.136738
-10.651791
-10.054490
-9.325289
-8.445745
-7.402143
-6.191367
-4.843858
-3.454093
-2.128243
-0.933925
0.069641
0.843533
1.376805
1.687445
1.817463
1.823683
1.764939
1.690494
1.636206
1.572084
1.438969
1.175082
0.727325
0.060993
-0.833251
-1.936304
-3.203203
-4.571897
-5.946872
-7.210348
-8.310502
-9.241914
-10.014434
-10.645492
-11.155164
-11.563318
-11.888122
-12.145414
-12.348564
-12.508624
-12.634589
-12.583407
-12.707298
-12.578580
-12.417345
-12.215356
-11.962519
-11.646614
-11.253101
-10.765111
-10.163803
-9.429356
-8.543004
-7.490654
-6.268787
-4.907676
-3.502299
-2.159700
-0.948490
0.070778
0.857818
1.400693
1.717060
1.849318
1.855267
1.795026
1.719081
1.664097
1.599311
1.464190
1.195704
0.739944
0.062026
-0.846862
-1.966501
-3.250549
-4.635704
-6.025222
-7.300510
-8.409875
-9.348342
-10.126192
-10.761229
-11.273839
-11.684138
-12.010491
-12.268885
-12.472810
-12.633402
-12.759726
-12.707298
-12.830705
-12.701464
-12.539521
-12.336578
-12.082461
-11.764846
-11.369056
-10.878049
-10.272765
-9.533113
-8.640001
-7.578960
-6.346069
-4.971427
-3.550504
-2.191199
-0.963098
0.071921
0.872198
1.424787
1.746995
1.881592
1.887343
1.825643
1.748198
1.692481
1.626962
1.489743
1.216550
0.752673
0.063066
-0.860537
-1.996787
-3.297956
-4.699509
-6.103490
-7.390510
-8.509017
-9.454483
-10.237617
-10.876596
-11.392114
-11.804535
-12.132417
-12.391900
-12.596587
-12.757703
-12.884379
-12.830705
-12.953633
-12.823874
-12.661231
-12.457345
-12.201962
-11.882652
-11.484605
-10.990607
-10.381379
-9.636560
-8.736736
-7.667060
-6.423209
-5.035108
-3.598706
-2.222735
-0.977746
0.073069
0.886672
1.449087
1.777249
1.914283
1.919911
1.856791
1.777847
1.721358
1.655036
1.515626
1.237618
0.765510
0.064113
-0.874274
-2.027157
-3.345422
-4.763309
-6.181672
-7.480346
-8.607929
-9.560336
-10.348710
-10.991594
-11.509991
-11.924510
-12.253904
-12.514461
-12.719899
-12.881531
-13.008552
-12.953633
-13.076086
-12.945815
-12.782480
-12.577661
-12.321023
-12.000035
-11.599752
-11.102787
-10.489646
-9.739700
-8.833208
-7.754954
-6.500208
-5.098717
-3.646900
-2.254307
-0.992434
0.074223
0.901239
1.473592
1.807821
1.947393
1.952971
1.888473
1.808028
1.750729
1.683535
1.541841
1.258907
0.778455
0.065166
-0.888074
-2.057609
-3.392941
-4.827100
-6.259766
-7.570017
-8.706608
-9.665903
-10.459471
-11.106225
-11.627473
-12.044067
-12.374954
-12.636571
-12.842751
-13.004890
-13.132250
-13.076086
-13.198068
-13.067292
-12.903272
-12.697530
-12.439650
-12.116999
-11.714499
-11.214592
-10.597568
-9.842531
-8.929419
-7.842640
-6.577062
-5.162251
-3.695084
-2.285913
-1.007159
0.075381
0.915896
1.498298
1.838710
1.980920
1.986523
1.920687
1.838743
1.780594
1.712458
1.568386
1.280418
0.791506
0.066226
-0.901933
-2.088140
-3.440510
-4.890878
-6.337767
-7.659520
-8.805054
-9.771184
-10.569902
-11.220491
-11.744561
-12.163209
-12.495572
-12.758236
-12.965145
-13.127784
-13.255476
-13.198068
-13.319584
-13.188308
-13.023611
-12.816954
-12.557845
-12.233546
-11.828848
-11.326024
-10.705147
-9.945056
-9.025368
-7.930118
-6.653771
-5.225707
-3.743256
-2.317548
-1.021921
0.076544
0.930644
1.523205
1.869915
2.014864
2.020567
1.953436
1.869992
1.810953
1.741806
1.595260
1.302147
0.804664
0.067292
-0.915851
-2.118746
-3.488125
-4.954638
-6.415674
-7.748854
-8.903267
-9.876178
-10.680003
-11.334393
-11.861259
-12.281939
-12.615761
-12.879458
-13.087087
-13.250217
-13.378235
-13.319584
-13.440639
-13.308868
-13.143502
-12.935939
-12.675611
-12.349680
-11.942803
-11.437084
-10.812384
-10.047276
-9.121056
-8.017388
-6.730333
-5.289085
-3.791412
-2.349212
-1.036719
0.077712
0.945480
1.548311
1.901433
2.049223
2.055104
1.986719
1.901776
1.841809
1.771578
1.622464
1.324096
0.817927
0.068365
-0.929826
-2.149426
-3.535782
-5.018378
-6.493483
-7.838016
-9.001247
-9.980886
-10.789778
-11.447934
-11.977568
-12.400258
-12.735523
-13.000241
-13.208580
-13.372193
-13.500531
-13.440639
-13.561235
-13.428976
-13.262946
-13.054488
-12.792953
-12.465403
-12.056366
-11.547776
-10.919281
-10.149192
-9.216484
-8.104449
-6.806747
-5.352380
-3.839549
-2.380902
-1.051550
0.078885
0.960403
1.573614
1.933265
2.083998
2.090133
2.020537
1.934096
1.873160
1.801774
1.649997
1.346262
0.831294
0.069444
-0.943857
-2.180175
-3.583478
-5.082094
-6.571192
-7.927007
-9.098992
-10.085310
-10.899225
-11.561115
-12.093490
-12.518171
-12.854862
-13.120587
-13.329627
-13.493716
-13.622369
-13.561235
-13.681379
-13.548636
-13.381950
-13.172604
-12.909873
-12.580720
-12.169539
-11.658101
-11.025841
-10.250805
-9.311651
-8.191301
-6.883011
-5.415592
-3.887666
-2.412615
-1.066414
0.080062
0.975412
1.599113
1.965407
2.119187
2.125654
2.054890
1.966951
1.905007
1.832395
1.677858
1.368645
0.844764
0.070529
-0.957943
-2.210993
-3.631208
-5.145782
-6.648798
-8.015823
-9.196502
-10.189448
-11.008347
-11.673938
-12.209029
-12.635680
-12.973781
-13.240502
-13.450232
-13.614791
-13.743752
-13.681379
-13.801073
-13.667852
-13.500516
-13.290290
-13.026375
-12.695631
-12.282327
-11.768062
-11.132064
-10.352116
-9.406559
-8.277944
-6.959125
-5.478718
-3.935760
-2.444349
-1.081309
0.081244
0.990506
1.624806
1.997859
2.154790
2.161667
2.089778
2.000343
1.937351
1.863439
1.706046
1.391244
0.858337
0.071621
-0.972082
-2.241874
-3.678971
-5.209440
-6.726299
-8.104464
-9.293777
-10.293302
-11.117145
-11.786405
-12.324187
-12.752787
-13.092283
-13.359988
-13.570399
-13.735420
-13.864684
-13.801073
-13.920322
-13.786627
-13.618648
-13.407552
-13.142463
-12.810142
-12.394730
-11.877661
-11.237953
-10.453126
-9.501207
-8.364377
-7.035088
-5.541757
-3.983827
-2.476101
-1.096234
0.082430
1.005683
1.650690
2.030619
2.190805
2.198172
2.125202
2.034272
1.970191
1.894908
1.734561
1.414056
0.872011
0.072718
-0.986273
-2.272818
-3.726761
-5.273063
-6.803693
-8.192928
-9.390817
-10.396873
-11.225620
-11.898518
-12.438965
-12.869496
-13.210372
-13.479048
-13.690132
-13.855607
-13.985171
-13.920322
-14.039130
-13.904967
-13.736350
-13.524391
-13.258138
-12.924255
-12.506752
-11.986901
-11.343508
-10.553837
-9.595596
-8.450601
-7.110898
-5.604707
-4.031867
-2.507870
-1.111187
0.083620
1.020942
1.676764
2.063685
2.227232
2.235168
2.161162
2.068737
2.003528
1.926800
1.763402
1.437083
0.885785
0.073821
-1.000515
-2.303821
-3.774577
-5.336650
-6.880977
-8.281215
-9.487622
-10.500160
-11.333774
-12.010278
-12.553367
-12.985808
-13.328049
-13.597686
-13.809434
-13.975357
-14.105214
-14.039130
-14.157501
-14.022873
-13.853626
-13.640812
-13.373405
-13.037972
-12.618395
-12.095783
-11.448733
-10.654250
-9.689728
-8.536615
-7.186554
-5.667565
-4.079877
-2.539654
-1.126168
0.084815
1.036282
1.703026
2.097056
2.264068
2.272655
2.197658
2.103740
2.037362
1.959115
1.792567
1.460321
0.899658
0.074931
-1.014806
-2.334881
-3.822414
-5.400196
-6.958149
-8.369323
-9.584191
-10.603166
-11.441607
-12.121688
-12.667394
-13.101728
-13.445319
-13.715905
-13.928309
-14.094674
-14.224819
-14.157501
-14.275438
-14.140352
-13.970479
-13.756818
-13.488267
-13.151296
-12.729662
-12.204309
-11.553628
-10.754365
-9.783602
-8.622418
-7.262056
-5.730331
-4.127854
-2.571450
-1.141175
0.086013
1.051701
1.729474
2.130729
2.301314
2.310632
2.234689
2.139280
2.071692
1.991853
1.822056
1.483770
0.913630
0.076046
-1.029145
-2.365994
-3.870270
-5.463699
-7.035207
-8.457252
-9.680524
-10.705889
-11.549121
-12.232748
-12.781049
-13.217257
-13.562184
-13.833709
-14.046759
-14.213560
-14.343989
-14.275438
-14.392947
-14.257405
-14.086913
-13.872412
-13.602727
-13.264231
-12.840555
-12.312482
-11.658196
-10.854185
-9.877219
-8.708012
-7.337403
-5.793002
-4.175797
-2.603256
-1.156207
0.087216
1.067198
1.756107
2.164704
2.338968
2.349099
2.272255
2.175357
2.106519
2.025013
1.851868
1.507429
0.927699
0.077166
-1.043530
-2.397160
-3.918141
-5.527157
-7.112150
-8.544999
-9.776621
-10.808331
-11.656318
-12.343463
-12.894334
-13.332398
-13.678648
-13.951101
-14.164790
-14.332020
-14.462728
-14.392947
-14.510030
-14.374037
-14.202932
-13.987598
-13.716789
-13.376780
-12.951078
-12.420304
-11.762437
-10.953710
-9.970579
-8.793396
-7.412594
-5.855578
-4.223703
-2.635071
-1.171262
0.088422
1.082771
1.782921
2.198977
2.377027
2.388054
2.310357
2.211972
2.141841
2.058594
1.882002
1.531295
0.941864
0.078292
-1.057962
-2.428374
-3.966025
-5.590567
-7.188975
-8.632565
-9.872483
-10.910493
-11.763198
-12.453832
-13.007252
-13.447154
-13.794713
-14.068083
-14.282403
-14.450057
-14.581040
-14.510030
-14.626691
-14.490252
-14.318538
-14.102378
-13.830454
-13.488944
-13.061232
-12.527777
-11.866355
-11.052942
-10.063685
-8.878569
-7.487629
-5.918057
-4.271571
-2.666892
-1.186340
0.089632
1.098420
1.809915
2.233547
2.415492
2.427498
2.348994
2.249123
2.177660
2.092595
1.912456
1.555369
0.956125
0.079424
-1.072437
-2.459635
-4.013919
-5.653926
-7.265681
-8.719949
-9.968109
-11.012375
-11.869763
-12.563857
-13.119804
-13.561528
-13.910382
-14.184659
-14.399603
-14.567675
-14.698928
-14.626691
-14.742934
-14.606053
-14.433736
-14.216758
-13.943727
-13.600728
-13.171020
-12.634904
-11.969950
-11.151882
-10.156535
-8.963533
-7.562506
-5.980437
-4.319399
-2.698717
-1.201440
0.090845
1.114142
1.837088
2.268412
2.454360
2.467428
2.388164
2.286811
2.213973
2.127017
1.943230
1.579648
0.970479
0.080561
-1.086955
-2.490941
-4.061819
-5.717231
-7.342267
-8.807150
-10.063499
-11.113978
-11.976014
-12.673542
-13.231993
-13.675521
-14.025658
-14.300833
-14.516393
-14.684877
-14.816397
-14.742934
-14.858764
-14.721443
-14.548528
-14.330738
-14.056610
-13.712133
-13.280445
-12.741685
-12.073224
-11.250531
-10.249132
-9.048287
-7.637225
-6.042718
-4.367184
-2.730546
-1.216559
0.092062
1.129937
1.864436
2.303570
2.493630
2.507844
2.427869
2.325035
2.250782
2.161857
1.974322
1.604131
0.984926
0.081703
-1.101515
-2.522288
-4.109724
-5.780481
-7.418729
-8.894166
-10.158653
-11.215304
-12.081953
-12.782887
-13.343821
-13.789137
-14.140544
-14.416607
-14.632776
-14.801667
-14.933449
-14.858764
-14.974182
-14.836427
-14.662919
-14.444324
-14.169106
-13.823163
-13.389508
-12.848125
-12.176180
-11.348890
-10.341475
-9.132831
-7.711786
-6.104897
-4.414926
-2.762375
-1.231698
0.093282
1.145803
1.891958
2.339019
2.533300
2.548746
2.468106
2.363795
2.288084
2.197116
2.005730
1.628816
0.999465
0.082850
-1.116115
-2.553675
-4.157630
-5.843673
-7.495068
-8.980999
-10.253573
-11.316352
-12.187582
-12.891894
-13.455290
-13.902378
-14.255043
-14.531984
-14.748755
-14.918048
-15.050089
-14.974182
-15.089194
-14.951008
-14.776911
-14.557517
-14.281219
-13.933820
-13.498213
-12.954224
-12.278818
-11.446961
-10.433565
-9.217166
-7.786189
-6.166975
-4.462622
-2.794203
-1.246854
0.094506
1.161738
1.919651
2.374756
2.573368
2.590131
2.508876
2.403090
2.325880
2.232791
2.037454
1.653702
1.014095
0.084002
-1.130754
-2.585099
-4.205535
-5.906804
-7.571281
-9.067646
-10.348256
-11.417123
-12.292900
-13.000565
-13.566403
-14.015247
-14.369157
-14.646968
-14.864334
-15.034024
-15.166320
-15.089194
-15.203803
-15.065189
-14.890509
-14.670322
-14.392951
-14.044107
-13.606562
-13.059984
-12.381141
-11.544745
-10.525403
-9.301291
-7.860431
-6.228949
-4.510271
-2.826030
-1.262028
0.095732
1.177742
1.947514
2.410779
2.613832
2.631998
2.550178
2.442919
2.364169
2.268883
2.069491
1.678787
1.028814
0.085159
-1.145431
-2.616558
-4.253436
-5.969873
-7.647367
-9.154108
-10.442705
-11.517619
-12.397910
-13.108902
-13.677162
-14.127746
-14.482890
-14.761562
-14.979516
-15.149598
-15.282145
-15.203803
-15.318011
-15.178973
-15.003714
-14.782740
-14.504305
-14.154027
-13.714557
-13.165409
-12.483149
-11.642243
-10.616991
-9.385207
-7.934515
-6.290818
-4.557872
-2.857852
-1.277217
0.096962
1.193813
1.975544
2.447086
2.654691
2.674347
2.592010
2.483283
2.402950
2.305389
2.101841
1.704070
1.043622
0.086321
-1.160145
-2.648050
-4.301331
-6.032878
-7.723326
-9.240383
-10.536919
-11.617841
-12.502614
-13.216907
-13.787568
-14.239878
-14.596244
-14.875768
-15.094305
-15.264773
-15.397568
-15.318011
-15.431824
-15.292365
-15.116531
-14.894777
-14.615284
-14.263582
-13.822201
-13.270499
-12.584846
-11.739457
-10.708328
-9.468914
-8.008437
-6.352583
-4.605422
-2.889668
-1.292421
0.098195
1.209949
2.003739
2.483674
2.695943
2.717175
2.634371
2.524180
2.442222
2.342308
2.134502
1.729549
1.058516
0.087488
-1.174894
-2.679572
-4.349217
-6.095816
-7.799155
-9.326473
-10.630899
-11.717788
-12.607012
-13.324581
-13.897625
-14.351644
-14.709222
-14.989590
-15.208702
-15.379553
-15.512592
-15.431824
-15.545243
-15.405367
-15.228963
-15.006433
-14.725892
-14.372775
-13.929496
-13.375257
-12.686232
-11.836387
-10.799415
-9.552413
-8.082200
-6.414241
-4.652920
-2.921477
-1.307639
0.099430
1.226149
2.032097
2.520542
2.737584
2.760481
2.677262
2.565608
2.481984
2.379640
2.167472
1.755223
1.073497
0.088659
-1.189678
-2.711124
-4.397093
-6.158686
-7.874853
-9.412375
-10.724644
-11.817462
-12.711105
-13.431927
-14.007333
-14.463049
-14.821826
-15.103029
-15.322712
-15.493941
-15.627222
-15.545243
-15.658273
-15.517982
-15.341013
-15.117713
-14.836130
-14.481609
-14.036444
-13.479686
-12.787309
-11.933036
-10.890254
-9.635703
-8.155802
-6.475792
-4.700366
-2.953277
-1.322869
0.100669
1.242412
2.060614
2.557686
2.779614
2.804263
2.720679
2.607569
2.522235
2.417382
2.200749
1.781088
1.088562
0.089835
-1.204494
-2.742701
-4.444955
-6.221486
-7.950420
-9.498090
-10.818155
-11.916864
-12.814896
-13.538945
-14.116697
-14.574093
-14.934060
-15.216091
-15.436337
-15.607940
-15.741459
-15.658273
-15.770917
-15.630215
-15.452683
-15.228619
-14.946001
-14.590085
-14.143047
-13.583786
-12.888080
-12.029404
-10.980845
-9.718785
-8.229242
-6.537234
-4.747757
-2.985067
-1.338112
0.101910
1.258736
2.089290
2.595103
2.822030
2.848521
2.764623
2.650059
2.562973
2.455533
2.234331
1.807145
1.103710
0.091016
-1.219342
-2.774303
-4.492802
-6.284213
-8.025854
-9.583618
-10.911432
-12.015995
-12.918386
-13.645639
-14.225716
-14.684781
-15.045926
-15.328776
-15.549581
-15.721554
-15.855308
-15.770917
-15.883179
-15.742067
-15.563977
-15.339155
-15.055509
-14.698208
-14.249309
-13.687560
-12.988544
-12.125492
-11.071189
-9.801659
-8.302522
-6.598568
-4.795092
-3.016846
-1.353365
0.103153
1.275120
2.118122
2.632792
2.864830
2.893251
2.809092
2.693078
2.604198
2.494093
2.268218
1.833390
1.118941
0.092200
-1.234221
-2.805927
-4.540632
-6.346867
-8.101155
-9.668958
-11.004477
-12.114855
-13.021575
-13.752009
-14.334394
-14.795112
-15.157426
-15.441089
-15.662446
-15.834785
-15.968771
-15.883179
-15.995060
-15.853543
-15.674899
-15.449323
-15.164656
-14.805978
-14.355231
-13.791010
-13.088705
-12.221302
-11.161286
-9.884326
-8.375640
-6.659792
-4.842370
-3.048611
-1.368628
0.104399
1.291562
2.147107
2.670750
2.908010
2.938452
2.854083
2.736626
2.645908
2.533058
2.302406
1.859823
1.134253
0.093389
-1.249130
-2.837572
-4.588441
-6.409445
-8.176320
-9.754109
-11.097288
-12.213446
-13.124466
-13.858057
-14.442733
-14.905092
-15.268564
-15.553031
-15.774936
-15.947636
-16.081852
-15.995060
-16.106566
-15.964646
-15.785451
-15.559126
-15.273445
-14.913400
-14.460816
-13.894138
-13.188564
-12.316835
-11.251138
-9.966786
-8.448596
-6.720906
-4.889590
-3.080362
-1.383900
0.105648
1.308062
2.176242
2.708974
2.951570
2.984123
2.899597
2.780699
2.688102
2.572427
2.336894
1.886440
1.149644
0.094582
-1.264067
-2.869235
-4.636229
-6.471946
-8.251350
-9.839073
-11.189867
-12.311769
-13.227059
-13.963786
-14.550735
-15.014721
-15.379341
-15.664606
-15.887053
-16.060112
-16.194555
-16.106566
-16.217698
-16.075378
-15.895636
-15.668567
-15.381879
-15.020474
-14.566065
-13.996946
-13.288122
-12.412093
-11.340746
-10.049039
-8.521390
-6.781908
-4.936750
-3.112097
-1.399180
0.106898
1.324617
2.205526
2.747460
2.995505
3.030260
2.945631
2.825298
2.730778
2.612199
2.371680
1.913241
1.165114
0.095779
-1.279031
-2.900915
-4.683994
-6.534369
-8.326244
-9.923847
-11.282214
-12.409823
-13.329356
-14.069196
-14.658401
-15.124001
-15.489761
-15.775817
-15.998801
-16.172214
-16.306882
-16.217698
-16.328461
-16.185742
-16.005457
-15.777649
-15.489960
-15.127205
-14.670981
-14.099436
-13.387382
-12.507076
-11.430110
-10.131086
-8.594022
-6.842799
-4.983851
-3.143815
-1.414467
0.108151
1.341227
2.234957
2.786207
3.039814
3.076862
2.992183
2.870420
2.773935
2.652372
2.406761
1.940223
1.180662
0.096980
-1.294021
-2.932610
-4.731732
-6.596711
-8.401000
-10.008433
-11.374329
-12.507611
-13.431359
-14.174290
-14.765734
-15.232936
-15.599826
-15.886666
-16.110182
-16.283946
-16.418836
-16.328461
-16.438857
-16.295743
-16.114918
-15.886375
-15.597690
-15.233593
-14.775567
-14.201609
-13.486344
-12.601786
-11.519231
-10.212926
-8.666492
-6.903577
-5.030889
-3.175515
-1.429760
0.109406
1.357889
2.264530
2.825211
3.084494
3.123927
3.039252
2.916065
2.817571
2.692944
2.442136
1.967385
1.196285
0.098185
-1.309037
-2.964317
-4.779444
-6.658972
-8.475618
-10.092831
-11.466212
-12.605133
-13.533068
-14.279069
-14.872736
-15.341528
-15.709539
-15.997156
-16.221199
-16.395311
-16.530420
-16.438857
-16.548889
-16.405382
-16.224020
-15.994747
-15.705073
-15.339642
-14.879824
-14.303469
-13.585010
-12.696225
-11.608109
-10.294561
-8.738800
-6.964242
-5.077865
-3.207195
-1.445059
0.110663
1.374603
2.294245
2.864470
3.129542
3.171452
3.086836
2.962230
2.861684
2.733912
2.477803
1.994723
1.211982
0.099394
-1.324076
-2.996036
-4.827126
-6.721150
-8.550098
-10.177039
-11.557865
-12.702391
-13.634485
-14.383535
-14.979409
-15.449779
-15.818901
-16.107289
-16.331855
-16.506312
-16.641638
-16.548889
-16.658561
-16.514663
-16.332767
-16.102768
-15.812112
-15.445355
-14.983755
-14.405016
-13.683383
-12.790392
-11.696747
-10.375991
-8.810946
-7.024794
-5.124777
-3.238855
-1.460362
0.111922
1.391368
2.324099
2.903980
3.174955
3.219434
3.134932
3.008913
2.906272
2.775275
2.513759
2.022237
1.227753
0.100606
-1.339138
-3.027764
-4.874776
-6.783244
-8.624437
-10.261059
-11.649288
-12.799384
-13.735612
-14.487690
-15.085755
-15.557690
-15.927916
-16.217068
-16.442153
-16.616951
-16.752493
-16.658561
-16.767875
-16.623589
-16.441162
-16.210441
-15.918808
-15.550732
-15.087361
-14.506253
-13.781463
-12.884291
-11.785144
-10.457217
-8.882929
-7.085231
-5.171624
-3.270493
-1.475669
0.113183
1.408181
2.354089
2.943738
3.220731
3.267872
3.183539
3.056113
2.951334
2.817030
2.550001
2.049923
1.243596
0.101822
-1.354222
-3.059500
-4.922394
-6.845251
-8.698637
-10.344889
-11.740481
-12.896114
-13.836449
-14.591535
-15.191776
-15.665265
-16.036586
-16.326497
-16.552096
-16.727232
-16.862987
-16.767875
-16.876834
-16.732162
-16.549208
-16.317769
-16.025164
-15.655778
-15.190646
-14.607181
-13.879252
-12.977921
-11.873302
-10.538237
-8.954750
-7.145553
-5.218406
-3.302108
-1.490979
0.114445
1.425041
2.384212
2.983742
3.266865
3.316763
3.232655
3.103828
2.996867
2.859176
2.586528
2.077780
1.259509
0.103041
-1.369327
-3.091241
-4.969978
-6.907173
-8.772695
-10.428530
-11.831444
-12.992582
-13.936999
-14.695072
-15.297474
-15.772506
-16.144914
-16.435577
-16.661686
-16.837157
-16.973124
-16.876834
-16.985442
-16.840385
-16.656907
-16.424754
-16.131183
-15.760493
-15.293610
-14.707802
-13.976752
-13.071284
-11.961221
-10.619054
-9.026409
-7.205760
-5.265121
-3.333699
-1.506291
0.115709
1.441948
2.414467
3.023988
3.313356
3.366104
3.282277
3.152055
3.042870
2.901710
2.623337
2.105807
1.275492
0.104263
-1.384452
-3.122988
-5.017525
-6.969006
-8.846613
-10.511982
-11.922179
-13.088790
-14.037262
-14.798303
-15.402850
-15.879415
-16.252901
-16.544311
-16.770926
-16.946730
-17.082906
-16.985442
-17.093702
-16.948262
-16.764261
-16.531400
-16.236867
-15.864881
-15.396257
-14.808119
-14.073964
-13.164382
-12.048902
-10.699668
-9.097905
-7.265851
-5.311769
-3.365265
-1.521604
0.116975
1.458900
2.444850
3.064474
3.360199
3.415891
3.332403
3.200794
3.089339
2.944629
2.660425
2.133999
1.291542
0.105489
-1.399595
-3.154736
-5.065035
-7.030749
-8.920388
-10.595245
-12.012685
-13.184736
-14.137239
-14.901229
-15.507908
-15.985993
-16.360550
-16.652701
-16.879819
-17.055953
-17.192337
-17.093702
-17.201615
-17.055796
-16.871275
-16.637707
-16.342218
-15.968944
-15.498588
-14.908133
-14.170890
-13.257215
-12.136347
-10.780079
-9.169238
-7.325827
-5.358348
-3.396805
-1.536918
0.118242
1.475895
2.475360
3.105195
3.407393
3.466123
3.383030
3.250040
3.136274
2.987930
2.697790
2.162356
1.307659
0.106718
-1.414756
-3.186486
-5.112505
-7.092403
-8.994020
-10.678319
-12.102963
-13.280424
-14.236933
-15.003852
-15.612648
-16.092244
-16.467864
-16.760751
-16.988367
-17.164829
-17.301419
-17.201615
-17.309186
-17.162988
-16.977951
-16.743680
-16.447240
-16.072684
-15.600606
-15.007845
-14.267531
-13.349785
-12.223555
-10.860287
-9.240410
-7.385685
-5.404859
-3.428317
-1.552231
0.119511
1.492932
2.505993
3.146148
3.454932
3.516797
3.434156
3.299793
3.183671
3.031613
2.735429
2.190875
1.323842
0.107950
-1.429934
-3.218236
-5.159935
-7.153965
-9.067509
-10.761204
-12.193014
-13.375854
-14.336344
-15.106174
-15.717073
-16.198169
-16.574845
-16.868463
-17.096574
-17.273360
-17.410155
-17.309186
-17.416416
-17.269842
-17.084290
-16.849321
-16.551935
-16.176103
-15.702312
-15.107259
-14.363889
-13.442093
-12.310528
-10.940293
-9.311419
-7.445427
-5.451299
-3.459802
-1.567544
0.120780
1.510010
2.536746
3.187331
3.502815
3.567909
3.485778
3.350049
3.231528
3.075673
2.773340
2.219553
1.340088
0.109185
-1.445127
-3.249984
-5.207322
-7.215434
-9.140855
-10.843900
-12.282838
-13.471026
-14.435474
-15.208197
-15.821184
-16.303771
-16.681496
-16.975839
-17.204441
-17.381550
-17.518547
-17.416416
-17.523310
-17.376360
-17.190297
-16.954632
-16.656305
-16.279204
-15.803708
-15.206374
-14.459966
-13.534140
-12.397267
-11.020097
-9.382266
-7.505051
-5.497669
-3.491258
-1.582855
0.122051
1.527127
2.567619
3.228740
3.551037
3.619455
3.537894
3.400806
3.279842
3.120108
2.811520
2.248389
1.356397
0.110423
-1.460335
-3.281729
-5.254666
-7.276811
-9.214057
-10.926407
-12.372436
-13.565942
-14.534324
-15.309921
-15.924984
-16.409051
-16.787817
-17.082881
-17.311971
-17.489401
-17.626600
-17.523310
-17.629869
-17.482545
-17.295973
-17.059615
-16.760352
-16.381988
-15.904797
-15.305195
-14.555763
-13.625928
-12.483773
-11.099701
-9.452950
-7.564558
-5.543968
-3.522684
-1.598164
0.123324
1.544282
2.598607
3.270371
3.599595
3.671434
3.590500
3.452062
3.328611
3.164916
2.849965
2.277380
1.372767
0.111663
-1.475557
-3.313468
-5.301965
-7.338092
-9.287114
-11.008725
-12.461808
-13.660602
-14.632895
-15.411349
-16.028474
-16.514012
-16.893813
-17.189593
-17.419167
-17.596916
-17.734314
-17.629869
-17.736096
-17.588401
-17.401321
-17.164274
-16.864078
-16.484458
-16.005580
-15.403721
-14.651282
-13.717458
-12.570046
-11.179104
-9.523473
-7.623947
-5.590194
-3.554079
-1.613470
0.124597
1.561474
2.629708
3.312222
3.648486
3.723841
3.643594
3.503814
3.377832
3.210093
2.888674
2.306523
1.389197
0.112906
-1.490792
-3.345202
-5.349218
-7.399278
-9.360026
-11.090854
-12.550955
-13.755008
-14.731188
-15.512482
-16.131656
-16.618656
-16.999485
-17.295976
-17.526032
-17.704097
-17.841694
-17.736096
-17.841994
-17.693929
-17.506343
-17.268611
-16.967487
-16.586617
-16.106060
-15.501955
-14.746523
-13.808730
-12.656087
-11.258306
-9.593834
-7.683217
-5.636348
-3.585442
-1.628772
0.125871
1.578702
2.660920
3.354289
3.697705
3.776673
3.697172
3.556059
3.427503
3.255636
2.927644
2.335817
1.405686
0.114152
-1.506039
-3.376928
-5.396422
-7.460368
-9.432793
-11.172795
-12.639877
-13.849160
-14.829206
-15.613321
-16.234533
-16.722985
-17.104836
-17.402034
-17.632568
-17.810947
-17.948742
-17.841994
-17.947566
-17.799131
-17.611043
-17.372628
-17.070580
-16.688466
-16.206239
-15.599899
-14.841489
-13.899747
-12.741898
-11.337310
-9.664032
-7.742369
-5.682429
-3.616773
-1.644070
0.127147
1.595964
2.692241
3.396568
3.747250
3.829927
3.751232
3.608794
3.477620
3.301543
2.966870
2.365259
1.422231
0.115400
-1.521297
-3.408645
-5.443578
-7.521361
-9.505414
-11.254547
-12.728575
-13.943060
-14.926949
-15.713870
-16.337105
-16.827000
-17.209867
-17.507767
-17.738777
-17.917469
-18.055459
-17.947566
-18.052814
-17.904012
-17.715423
-17.476327
-17.173360
-16.790008
-16.306118
-15.697554
-14.936181
-13.990509
-12.827478
-11.416114
-9.734069
-7.801401
-5.728435
-3.648071
-1.659363
0.128423
1.613259
2.723667
3.439055
3.797115
3.883599
3.805771
3.662016
3.528180
3.347810
3.006351
2.394846
1.438833
0.116651
-1.536565
-3.440352
-5.490684
-7.582256
-9.577890
-11.336111
-12.817050
-14.036708
-15.024418
-15.814128
-16.439376
-16.930705
-17.314581
-17.613179
-17.844662
-18.023664
-18.161850
-18.052814
-18.157741
-18.008573
-17.819485
-17.579712
-17.275830
-16.891244
-16.405700
-15.794923
-15.030601
-14.081018
-12.912830
-11.494720
-9.803945
-7.860315
-5.774367
-3.679335
-1.674650
0.129699
1.630586
2.755195
3.481749
3.847298
3.937686
3.860784
3.715722
3.579181
3.394435
3.046084
2.424576
1.455488
0.117903
-1.551842
-3.472048
-5.537739
-7.643052
-9.650219
-11.417486
-12.905302
-14.130105
-15.121615
-15.914098
-16.541345
-17.034101
-17.418980
-17.718273
-17.950226
-18.129537
-18.267917
-18.157741
-18.262349
-18.112817
-17.923231
-17.682784
-17.377990
-16.992177
-16.504986
-15.892006
-15.124750
-14.171274
-12.997953
-11.573127
-9.873659
-7.919109
-5.820223
-3.710563
-1.689932
0.130977
1.647943
2.786825
3.524643
3.897795
3.992183
3.916269
3.769910
3.630619
3.441413
3.086064
2.454446
1.472197
0.119159
-1.567128
-3.503730
-5.584741
-7.703749
-9.722402
-11.498674
-12.993331
-14.223253
-15.218542
-16.013780
-16.643017
-17.137190
-17.523066
-17.823050
-18.055470
-18.235089
-18.373662
-18.262349
-18.366642
-18.216746
-18.026665
-17.785546
-17.479844
-17.092809
-16.603978
-15.988807
-15.218629
-14.261279
-13.082849
-11.651338
-9.943212
-7.977784
-5.866004
-3.741757
-1.705206
0.132255
1.665330
2.818552
3.567737
3.948601
4.047086
3.972222
3.824575
3.682490
3.488743
3.126290
2.484455
1.488958
0.120416
-1.582421
-3.535399
-5.631690
-7.764345
-9.794437
-11.579673
-13.081139
-14.316152
-15.315198
-16.113178
-16.744391
-17.239974
-17.626842
-17.927512
-18.160398
-18.340322
-18.479088
-18.366642
-18.470621
-18.320363
-18.129788
-17.888000
-17.581394
-17.193141
-16.702678
-16.085325
-15.312241
-14.351034
-13.167519
-11.729351
-10.012603
-8.036339
-5.911709
-3.772913
-1.720473
0.133534
1.682745
2.850374
3.611024
3.999713
4.102393
4.028639
3.879714
3.734793
3.536419
3.166757
2.514599
1.505769
0.121675
-1.597721
-3.567053
-5.678584
-7.824841
-9.866326
-11.660486
-13.168726
-14.408803
-15.411586
-16.212292
-16.845471
-17.342455
-17.730310
-18.031662
-18.265011
-18.445240
-18.584197
-18.470621
-18.574290
-18.423670
-18.232604
-17.990148
-17.682641
-17.293177
-16.801089
-16.181563
-15.405585
-14.440541
-13.251963
-11.807168
-10.081834
-8.094774
-5.957337
-3.804033
-1.735733
0.134813
1.700186
2.882290
3.654503
4.051127
4.158098
4.085517
3.935324
3.787522
3.584439
3.207464
2.544876
1.522629
0.122936
-1.613027
-3.598690
-5.725422
-7.885235
-9.938067
-11.741110
-13.256092
-14.501208
-15.507708
-16.311123
-16.946257
-17.444636
-17.833471
-18.135503
-18.369312
-18.549844
-18.688992
-18.574290
-18.677650
-18.526669
-18.335113
-18.091993
-17.783589
-17.392918
-16.899212
-16.277524
-15.498665
-14.529800
-13.336182
-11.884788
-10.150903
-8.153088
-6.002887
-3.835116
-1.750984
0.136093
1.717653
2.914295
3.698169
4.102837
4.214199
4.142852
3.991402
3.840675
3.632800
3.248405
2.575284
1.539536
0.124199
-1.628338
-3.630310
-5.772204
-7.945526
-10.009661
-11.821547
-13.343238
-14.593366
-15.603563
-16.409674
-17.046752
-17.546517
-17.936328
-18.239036
-18.473304
-18.654137
-18.793475
-18.677650
-18.780704
-18.629364
-18.437319
-18.193537
-17.884239
-17.492366
-16.997049
-16.373207
-15.591481
-14.618812
-13.420177
-11.962214
-10.219812
-8.211283
-6.048360
-3.866160
-1.766226
0.137373
1.735145
2.946389
3.742019
4.154841
4.270689
4.200640
4.047943
3.894248
3.681497
3.289579
2.605820
1.556490
0.125464
-1.643653
-3.661911
-5.818928
-8.005714
-10.081107
-11.901798
-13.430165
-14.685280
-15.699154
-16.507946
-17.146958
-17.648101
-18.038883
-18.342264
-18.576988
-18.758122
-18.897649
-18.780704
-18.883455
-18.731757
-18.539225
-18.294782
-17.984594
-17.591524
-17.094602
-16.468616
-15.684035
-14.707580
-13.503950
-12.039445
-10.288561
-8.269356
-6.093754
-3.897164
-1.781458
0.138653
1.752660
2.978567
3.786050
4.207134
4.327567
4.258878
4.104944
3.948238
3.730527
3.330982
2.636481
1.573489
0.126730
-1.658972
-3.693493
-5.865593
-8.065799
-10.152405
-11.981861
-13.516873
-14.776949
-15.794481
-16.605940
-17.246875
-17.749391
-18.141139
-18.445189
-18.680367
-18.861800
-19.001516
-18.883455
-18.985904
-18.833849
-18.640831
-18.395731
-18.084655
-17.690392
-17.191872
-16.563752
-15.776328
-14.796103
-13.587500
-12.116481
-10.357150
-8.327309
-6.139070
-3.928130
-1.796681
0.139934
1.770197
3.010828
3.830256
4.259711
4.384826
4.317560
4.162402
4.002640
3.779887
3.372610
2.667265
1.590532
0.127998
-1.674294
-3.725054
-5.912199
-8.125780
-10.223554
-12.061738
-13.603363
-14.868376
-15.889547
-16.703658
-17.346507
-17.850387
-18.243096
-18.547813
-18.783443
-18.965174
-19.105078
-18.985904
-19.088055
-18.935644
-18.742141
-18.496385
-18.184425
-17.788974
-17.288862
-16.658615
-15.868362
-14.884384
-13.670829
-12.193324
-10.425578
-8.385142
-6.184306
-3.959055
-1.811893
0.141215
1.787755
3.043170
3.874635
4.312569
4.442463
4.376683
4.220312
4.057451
3.829572
3.414460
2.698169
1.607617
0.129268
-1.689618
-3.756593
-5.958744
-8.185655
-10.294556
-12.141428
-13.689636
-14.959560
-15.984351
-16.801102
-17.445853
-17.951092
-18.344758
-18.650138
-18.886219
-19.068247
-19.208339
-19.088055
-19.189910
-19.037143
-18.843158
-18.596748
-18.283906
-17.887271
-17.385573
-16.753209
-15.960138
-14.972423
-13.753938
-12.269973
-10.493847
-8.442853
-6.229463
-3.989939
-1.827094
0.142495
1.805333
3.075589
3.919184
4.365703
4.500473
4.436243
4.278669
4.112666
3.879580
3.456529
2.729191
1.624743
0.130539
-1.704943
-3.788109
-6.005228
-8.245426
-10.365409
-12.220933
-13.775691
-15.050504
-16.078896
-16.898272
-17.544918
-18.051507
-18.446126
-18.752167
-18.988697
-19.171021
-19.311300
-19.189910
-19.291471
-19.138349
-18.943882
-18.696820
-18.383100
-17.985285
-17.482007
-16.847535
-16.051657
-15.060221
-13.836827
-12.346430
-10.561956
-8.500443
-6.274540
-4.020782
-1.842284
0.143776
1.822930
3.108083
3.963898
4.419109
4.558852
4.496235
4.337471
4.168282
3.929904
3.498812
2.760329
1.641908
0.131812
-1.720268
-3.819602
-6.051650
-8.305090
-10.436114
-12.300252
-13.861531
-15.141207
-16.173183
-16.995171
-17.643701
-18.151636
-18.547202
-18.853901
-19.090878
-19.273498
-19.413964
-19.291471
-19.392740
-19.239265
-19.044316
-18.796605
-18.482009
-18.083018
-17.578167
-16.941594
-16.142921
-15.147780
-13.919498
-12.422695
-10.629906
-8.557913
-6.319537
-4.051583
-1.857461
0.145057
1.840544
3.140650
4.008773
4.472782
4.617596
4.556655
4.396713
4.224296
3.980543
3.541307
2.791579
1.659113
0.133085
-1.735594
-3.851069
-6.098008
-8.364649
-10.506670
-12.379385
-13.947154
-15.231671
-16.267213
-17.091799
-17.742205
-18.251478
-18.647988
-18.955343
-19.192766
-19.375680
-19.516332
-19.392740
-19.493720
-19.339891
-19.144464
-18.896103
-18.580635
-18.180472
-17.674053
-17.035388
-16.233932
-15.235101
-14.001951
-12.498768
-10.697697
-8.615261
-6.364453
-4.082342
-1.872627
0.146338
1.858175
3.173287
4.053807
4.526717
4.676698
4.617499
4.456391
4.280701
4.031492
3.584011
2.822938
1.676354
0.134360
-1.750918
-3.882512
-6.144303
-8.424100
-10.577077
-12.458333
-14.032563
-15.321896
-16.360987
-17.188160
-17.840431
-18.351037
-18.748487
-19.056495
-19.294362
-19.477570
-19.618408
-19.493720
-19.594413
-19.440232
-19.244325
-18.995319
-18.678979
-18.277649
-17.769667
-17.128918
-16.324690
-15.322185
-14.084187
-12.574651
-10.765329
-8.672488
-6.409287
-4.113058
-1.887779
0.147619
1.875822
3.205993
4.098995
4.580911
4.736155
4.678761
4.516500
4.337495
4.082746
3.626919
2.854406
1.693631
0.135636
-1.766242
-3.913927
-6.190533
-8.483445
-10.647335
-12.537095
-14.117757
-15.411885
-16.454506
-17.284253
-17.938382
-18.450314
-18.848700
-19.157358
-19.395668
-19.579169
-19.720193
-19.594413
-19.694821
-19.540288
-19.343904
-19.094253
-18.777045
-18.374550
-17.865012
-17.222187
-16.415197
-15.409033
-14.166207
-12.650343
-10.832802
-8.729593
-6.454041
-4.143730
-1.902919
0.148899
1.893483
3.238763
4.144333
4.635359
4.795963
4.740438
4.577036
4.394673
4.134303
3.670027
2.885978
1.710943
0.136913
-1.781563
-3.945316
-6.236697
-8.542681
-10.717444
-12.615674
-14.202738
-15.501637
-16.547772
-17.380080
-18.036058
-18.549311
-18.948630
-19.257936
-19.496687
-19.680481
-19.821690
-19.694821
-19.794946
-19.640062
-19.443202
-19.192907
-18.874834
-18.471179
-17.960089
-17.315195
-16.505455
-15.495646
-14.248012
-12.725845
-10.900117
-8.786578
-6.498713
-4.174358
-1.918044
0.150180
1.911158
3.271597
4.189818
4.690055
4.856115
4.802524
4.637994
4.452231
4.186156
3.713333
2.917652
1.728288
0.138191
-1.796881
-3.976676
-6.282796
-8.601809
-10.787405
-12.694067
-14.287505
-15.591153
-16.640786
-17.475643
-18.133461
-18.648030
-19.048277
-19.358229
-19.597421
-19.781506
-19.922901
-19.794946
-19.894791
-19.739556
-19.542221
-19.291285
-18.972349
-18.567536
-18.054900
-17.407945
-16.595465
-15.582025
-14.329602
-12.801158
-10.967274
-8.843440
-6.543302
-4.204942
-1.933156
0.151460
1.928845
3.304492
4.235447
4.744997
4.916608
4.865014
4.699370
4.510163
4.238303
3.756832
2.949427
1.745666
0.139470
-1.812196
-4.008006
-6.328827
-8.660829
-10.857216
-12.772277
-14.372060
-15.680435
-16.733549
-17.570944
-18.230594
-18.746472
-19.147645
-19.458241
-19.697872
-19.882248
-20.023828
-19.894791
-19.994358
-19.838773
-19.640964
-19.389387
-19.069590
-18.663624
-18.149446
-17.500437
-16.685228
-15.668172
-14.410979
-12.876282
-11.034273
-8.900182
-6.587810
-4.235481
-1.948253
0.152739
1.946543
3.337445
4.281215
4.800178
4.977436
4.927905
4.761159
4.568467
4.290739
3.800522
2.981298
1.763074
0.140750
-1.827506
-4.039307
-6.374792
-8.719740
-10.926878
-12.850303
-14.456404
-15.769484
-16.826062
-17.665983
-18.327458
-18.844640
-19.246734
-19.557972
-19.798042
-19.982709
-20.124474
-19.994358
-20.093648
-19.937714
-19.739431
-19.487215
-19.166560
-18.759444
-18.243730
-17.592674
-16.774745
-15.754088
-14.492144
-12.951218
-11.101115
-8.956802
-6.632235
-4.265975
-1.963335
0.154018
1.964252
3.370454
4.327119
4.855594
5.038594
4.991190
4.823357
4.627136
4.343460
3.844398
3.013264
1.780512
0.142030
-1.842812
-4.070577
-6.420687
-8.778541
-10.996391
-12.928145
-14.540536
-15.858300
-16.918327
-17.760762
-18.424053
-18.942535
-19.345548
-19.657426
-19.897932
-20.082890
-20.224840
-20.093648
-20.192665
-20.036382
-19.837626
-19.584773
-19.263261
-18.854998
-18.337753
-17.684657
-16.864019
-15.839773
-14.573097
-13.025967
-11.167799
-9.013300
-6.676576
-4.296423
-1.978402
0.155297
1.981971
3.403517
4.373155
4.911241
5.100077
5.054865
4.885958
4.686167
4.396461
3.888456
3.045322
1.797978
0.143311
-1.858113
-4.101816
-6.466514
-8.837233
-11.065755
-13.005805
-14.624457
-15.946884
-17.010344
-17.855283
-18.520383
-19.040159
-19.444088
-19.756603
-19.997546
-20.182793
-20.324929
-20.192665
-20.291410
-20.134778
-19.935551
-19.682061
-19.359695
-18.950288
-18.431516
-17.776388
-16.953050
-15.925229
-14.653839
-13.100529
-11.234326
-9.069677
-6.720835
-4.326825
-1.993454
0.156576
1.999698
3.436632
4.419319
4.967115
5.161881
5.118925
4.948957
4.745554
4.449738
3.932694
3.077469
1.815471
0.144593
-1.873408
-4.133022
-6.512272
-8.895815
-11.134970
-13.083281
-14.708169
-16.035238
-17.102116
-17.949547
-18.616449
-19.137514
-19.542355
-19.855507
-20.096885
-20.282422
-20.424742
-20.291410
-20.389885
-20.232905
-20.033207
-19.779083
-19.455864
-19.045316
-18.525022
-17.867868
-17.041839
-16.010458
-14.734372
-13.174904
-11.300697
-9.125933
-6.765011
-4.357180
-2.008489
0.157853
2.017432
3.469795
4.465609
5.023209
5.223999
5.183364
5.012350
4.805293
4.503286
3.977106
3.109704
1.832991
0.145876
-1.888697
-4.164195
-6.557959
-8.954286
-11.204035
-13.160575
-14.791672
-16.123362
-17.193643
-18.043556
-18.712251
-19.234601
-19.640352
-19.954139
-20.195951
-20.381777
-20.524282
-20.389885
-20.488093
-20.330765
-20.130597
-19.875838
-19.551769
-19.140083
-18.618271
-17.959098
-17.130389
-16.095459
-14.814695
-13.249094
-11.366911
-9.182067
-6.809102
-4.387488
-2.023508
0.159131
2.035173
3.503006
4.512019
5.079520
5.286427
5.248178
5.076132
4.865379
4.557101
4.021690
3.142023
1.850535
0.147158
-1.903978
-4.195334
-6.603576
-9.012646
-11.272952
-13.237687
-14.874966
-16.211257
-17.284926
-18.137310
-18.807793
-19.331423
-19.738080
-20.052500
-20.294746
-20.480861
-20.623552
-20.488093
-20.586035
-20.428360
-20.227722
-19.972331
-19.647413
-19.234592
-18.711267
-18.050080
-17.218700
-16.180235
-14.894810
-13.323099
-11.432970
-9.238079
-6.853110
-4.417749
-2.038511
0.160407
2.052920
3.536262
4.558548
5.136043
5.349160
5.313360
5.140296
4.925807
4.611179
4.066442
3.174424
1.868103
0.148442
-1.919252
-4.226439
-6.649122
-9.070896
-11.341719
-13.314617
-14.958052
-16.298924
-17.375966
-18.230812
-18.903075
-19.427980
-19.835542
-20.150593
-20.393272
-20.579676
-20.722552
-20.586035
-20.683713
-20.525692
-20.324584
-20.068562
-19.742797
-19.328844
-18.804010
-18.140816
-17.306773
-16.264786
-14.974718
-13.396919
-11.498872
-9.293970
-6.897034
-4.447963
-2.053496
0.161683
2.070672
3.569560
4.605190
5.192774
5.412191
5.378907
5.204840
4.986573
4.665515
4.111358
3.206904
1.885693
0.149725
-1.934518
-4.257508
-6.694596
-9.129034
-11.410337
-13.391366
-15.040931
-16.386365
-17.466766
-18.324063
-18.998099
-19.524276
-19.932738
-20.248420
-20.491532
-20.678224
-20.821285
-20.683713
-20.781130
-20.622762
-20.421186
-20.164534
-19.837923
-19.422841
-18.896502
-18.231307
-17.394611
-16.349113
-15.054419
-13.470555
-11.564619
-9.349740
-6.940873
-4.478128
-2.068465
0.162958
2.088427
3.602899
4.651943
5.249707
5.475517
5.444811
5.269756
5.047670
4.720105
4.156435
3.239461
1.903305
0.151009
-1.949775
-4.288542
-6.739997
-9.187061
-11.478807
-13.467934
-15.123603
-16.473580
-17.557325
-18.417063
-19.092866
-19.620310
-20.029672
-20.345983
-20.589526
-20.776507
-20.919753
-20.781130
-20.878288
-20.719573
-20.517530
-20.260248
-19.932794
-19.516585
-18.988744
-18.321555
-17.482214
-16.433219
-15.133915
-13.544008
-11.630211
-9.405388
-6.984628
-4.508245
-2.083415
0.164233
2.106186
3.636276
4.698803
5.306837
5.539132
5.511068
5.335039
5.109094
4.774943
4.201668
3.272092
1.920937
0.152293
-1.965024
-4.319540
-6.785326
-9.244975
-11.547127
-13.544321
-15.206070
-16.560569
-17.647646
-18.509816
-19.187379
-19.716086
-20.126345
-20.443283
-20.687257
-20.874527
-21.017959
-20.878288
-20.975187
-20.816127
-20.613616
-20.355706
-20.027410
-19.610077
-19.080739
-18.411561
-17.569584
-16.517103
-15.213206
-13.617278
-11.695648
-9.460915
-7.028298
-4.538313
-2.098348
0.165506
2.123947
3.669689
4.745766
5.364161
5.603029
5.577673
5.400685
5.170841
4.830025
4.247054
3.304796
1.938589
0.153578
-1.980262
-4.350500
-6.830581
-9.302778
-11.615298
-13.620527
-15.288331
-16.647335
-17.737729
-18.602321
-19.281639
-19.811605
-20.222758
-20.540323
-20.784727
-20.972285
-21.115903
-20.975187
-21.071832
-20.912425
-20.709448
-20.450911
-20.121774
-19.703319
-19.172488
-18.501327
-17.656721
-16.600766
-15.292293
-13.690365
-11.760931
-9.516321
-7.071884
-4.568332
-2.113263
0.166779
2.141710
3.703136
4.792829
5.421673
5.667205
5.644619
5.466688
5.232904
4.885347
4.292589
3.337569
1.956258
0.154862
-1.995491
-4.381422
-6.875762
-9.360468
-11.683320
-13.696554
-15.370388
-16.733877
-17.827576
-18.694581
-19.375646
-19.906868
-20.318913
-20.637104
-20.881938
-21.069785
-21.213588
-21.071832
-21.168222
-21.008471
-20.805027
-20.545863
-20.215888
-19.796313
-19.263993
-18.590854
-17.743628
-16.684211
-15.371177
-13.763272
-11.826059
-9.571605
-7.115384
-4.598301
-2.128159
0.168051
2.159473
3.736616
4.839988
5.479369
5.731653
5.711901
5.533043
5.295279
4.940903
4.338269
3.370409
1.973944
0.156146
-2.010709
-4.412306
-6.920869
-9.418046
-11.751194
-13.772401
-15.452241
-16.820198
-17.917187
-18.786596
-19.469404
-20.001878
-20.414813
-20.733628
-20.978892
-21.167027
-21.311017
-21.168222
-21.264361
-21.104264
-20.900355
-20.640565
-20.309753
-19.889061
-19.355254
-18.680143
-17.830306
-16.767438
-15.449859
-13.835997
-11.891033
-9.626768
-7.158799
-4.628221
-2.143036
0.169322
2.177236
3.770126
4.887240
5.537244
5.796368
5.779514
5.599743
5.357960
4.996690
4.384091
3.403314
1.991646
0.157431
-2.025916
-4.443151
-6.965901
-9.475511
-11.818919
-13.848069
-15.533890
-16.906297
-18.006564
-18.878369
-19.562913
-20.096635
-20.510458
-20.829896
-21.075590
-21.264013
-21.408190
-21.264361
-21.360250
-21.199808
-20.995434
-20.735019
-20.403370
-19.981564
-19.446275
-18.769197
-17.916756
-16.850448
-15.528340
-13.908542
-11.955854
-9.681811
-7.202129
-4.658091
-2.157895
0.170592
2.194997
3.803664
4.934582
5.595293
5.861344
5.847451
5.666783
5.420942
5.052702
4.430051
3.436281
2.009364
0.158715
-2.041111
-4.473957
-7.010858
-9.532863
-11.886495
-13.923559
-15.615338
-16.992177
-18.095709
-18.969900
-19.656175
-20.191142
-20.605851
-20.925912
-21.172035
-21.360746
-21.505110
-21.360250
-21.455891
-21.295104
-21.090265
-20.829227
-20.496743
-20.073824
-19.537055
-18.858016
-18.002978
-16.933242
-15.606621
-13.980907
-12.020522
-9.736732
-7.245373
-4.687911
-2.172734
0.171861
2.212758
3.837228
4.982010
5.653512
5.926577
5.915707
5.734158
5.484220
5.108935
4.476146
3.469309
2.027094
0.159999
-2.056294
-4.504723
-7.055740
-9.590102
-11.953922
-13.998870
-15.696583
-17.077836
-18.184622
-19.061191
-19.749191
-20.285400
-20.700993
-21.021676
-21.268228
-21.457228
-21.601778
-21.455891
-21.551285
-21.390155
-21.184851
-20.923189
-20.589872
-20.165842
-19.627598
-18.946602
-18.088976
-17.015822
-15.684702
-14.053093
-12.085037
-9.791532
-7.288532
-4.717680
-2.187553
0.173129
2.230515
3.870816
5.029520
5.711895
5.992060
5.984277
5.801862
5.547788
5.165384
4.522371
3.502393
2.044838
0.161283
-2.071466
-4.535448
-7.100545
-9.647228
-12.021202
-14.074003
-15.777628
-17.163278
-18.273304
-19.152243
-19.841964
-20.379411
-20.795887
-21.117190
-21.364171
-21.553459
-21.698197
-21.551285
-21.646436
-21.484961
-21.279193
-21.016909
-20.682759
-20.257621
-19.717904
-19.034956
-18.174749
-17.098188
-15.762584
-14.125101
-12.149400
-9.846212
-7.331605
-4.747398
-2.202353
0.174396
2.248270
3.904427
5.077110
5.770440
6.057788
6.053154
5.869889
5.611641
5.222044
4.568723
3.535533
2.062594
0.162567
-2.086624
-4.566132
-7.145274
-9.704240
-12.088332
-14.148958
-15.858472
-17.248502
-18.361757
-19.243057
-19.934493
-20.473176
-20.890533
-21.212456
-21.459866
-21.649443
-21.794369
-21.646436
-21.741344
-21.579525
-21.373294
-21.110387
-20.775407
-20.349161
-19.807975
-19.123081
-18.260299
-17.180342
-15.840269
-14.196931
-12.213610
-9.900771
-7.374592
-4.777066
-2.217132
0.175662
2.266020
3.938058
5.124776
5.829139
6.123756
6.122333
5.938233
5.675774
5.278911
4.615198
3.568727
2.080360
0.163851
-2.101769
-4.596774
-7.189926
-9.761138
-12.155315
-14.223736
-15.939116
-17.333510
-18.449982
-19.333636
-20.026782
-20.566697
-20.984934
-21.307476
-21.555314
-21.745181
-21.890295
-21.741344
-21.836011
-21.673848
-21.467154
-21.203626
-20.867816
-20.440465
-19.897813
-19.210976
-18.345627
-17.262284
-15.917757
-14.268583
-12.277669
-9.955209
-7.417493
-4.806682
-2.231891
0.176926
2.283766
3.971707
5.172515
5.887990
6.189958
6.191807
6.006890
5.740181
5.335980
4.661793
3.601970
2.098136
0.165134
-2.116901
-4.627374
-7.234501
-9.817922
-12.222150
-14.298338
-16.019562
-17.418303
-18.537980
-19.423980
-20.118832
-20.659976
-21.079090
-21.402251
-21.650518
-21.840674
-21.985976
-21.836011
-21.930439
-21.767933
-21.560775
-21.296627
-20.959988
-20.531535
-19.987419
-19.298645
-18.430735
-17.344016
-15.995049
-14.340059
-12.341576
-10.009527
-7.460307
-4.836246
-2.246630
0.178190
2.301506
4.005374
5.220323
5.946988
6.256389
6.261572
6.075852
5.804857
5.393246
4.708504
3.635263
2.115921
0.166417
-2.132018
-4.657932
-7.278998
-9.874593
-12.288836
-14.372763
-16.099809
-17.502881
-18.625752
-19.514091
-20.210643
-20.753014
-21.173005
-21.496784
-21.745479
-21.935925
-22.081416
-21.930439
-22.024631
-21.861780
-21.654160
-21.389392
-21.051925
-20.622371
-20.076794
-19.386087
-18.515625
-17.425539
-16.072145
-14.411359
-12.405332
-10.063724
-7.503036
-4.865759
-2.261348
0.179452
2.319240
4.039055
5.268198
6.006127
6.323043
6.331620
6.145114
5.869796
5.450704
4.755328
3.668601
2.133714
0.167699
-2.147121
-4.688447
-7.323418
-9.931149
-12.355375
-14.447012
-16.179859
-17.587245
-18.713299
-19.603970
-20.302218
-20.845813
-21.266679
-21.591076
-21.840199
-22.030934
-22.176615
-22.024631
-22.118587
-21.955393
-21.747311
-21.481922
-21.143629
-20.712975
-20.165941
-19.473305
-18.600296
-17.506854
-16.149048
-14.482484
-12.468938
-10.117801
-7.545678
-4.895220
-2.276045
0.180713
2.336968
4.072750
5.316136
6.065404
6.389915
6.401947
6.214671
5.934993
5.508350
4.802260
3.701984
2.151514
0.168981
-2.162210
-4.718918
-7.367759
-9.987592
-12.421766
-14.521086
-16.259711
-17.671397
-18.800623
-19.693618
-20.393557
-20.938374
-21.360114
-21.685129
-21.934680
-22.125705
-22.271575
-22.118587
-22.212309
-22.048772
-21.840227
-21.574220
-21.235101
-20.803350
-20.254860
-19.560300
-18.684750
-17.587961
-16.225757
-14.553433
-12.532393
-10.171758
-7.588234
-4.924628
-2.290721
0.181973
2.354688
4.106456
5.364134
6.124814
6.456998
6.472545
6.284516
6.000442
5.566179
4.849297
3.735408
2.169320
0.170262
-2.177283
-4.749345
-7.412021
-10.043919
-12.488010
-14.594985
-16.339368
-17.755338
-18.887725
-19.783037
-20.484663
-21.030699
-21.453312
-21.778943
-22.028923
-22.220239
-22.366299
-22.212309
-22.305799
-22.141919
-21.932913
-21.666287
-21.326343
-20.893496
-20.343554
-19.647073
-18.768990
-17.668863
-16.302274
-14.624209
-12.595699
-10.225595
-7.630704
-4.953984
-2.305375
0.183232
2.372400
4.140172
5.412190
6.184352
6.524289
6.543410
6.354643
6.066138
5.624185
4.896437
3.768872
2.187131
0.171543
-2.192341
-4.779728
-7.456205
-10.100133
-12.554106
-14.668709
-16.418829
-17.839068
-18.974606
-19.872228
-20.575537
-21.122790
-21.546275
-21.872522
-22.122931
-22.314537
-22.460788
-22.305799
-22.399060
-22.234836
-22.025368
-21.758125
-21.417357
-20.983415
-20.432023
-19.733626
-18.853015
-17.749560
-16.378599
-14.694812
-12.658855
-10.279312
-7.673087
-4.983288
-2.320008
0.184489
2.390104
4.173896
5.460299
6.244014
6.591780
6.614535
6.425047
6.132076
5.682366
4.943674
3.802373
2.204946
0.172823
-2.207383
-4.810066
-7.500310
-10.156232
-12.620055
-14.742260
-16.498095
-17.922588
-19.061266
-19.961192
-20.666180
-21.214648
-21.639003
-21.965867
-22.216704
-22.408601
-22.555043
-22.399060
-22.492092
-22.327524
-22.117596
-21.849735
-21.508144
-21.073108
-20.520269
-19.819960
-18.936828
-17.830054
-16.454733
-14.765241
-12.721862
-10.332909
-7.715383
-5.012538
-2.334619
0.185745
2.407798
4.207626
5.508459
6.303796
6.659468
6.685915
6.495722
6.198249
5.740715
4.991006
3.835911
2.222765
0.174102
-2.222408
-4.840359
-7.544335
-10.212216
-12.685858
-14.815636
-16.577168
-18.005899
-19.147708
-20.049931
-20.756594
-21.306275
-21.731499
-22.058979
-22.310244
-22.502433
-22.649066
-22.492092
-22.584896
-22.419986
-22.209596
-21.941118
-21.598705
-21.162578
-20.608294
-19.906077
-19.020428
-17.910344
-16.530677
-14.835499
-12.784720
-10.386387
-7.757593
-5.041736
-2.349208
0.186999
2.425482
4.241361
5.556667
6.363693
6.727346
6.757543
6.566661
6.264652
5.799228
5.038430
3.869481
2.240586
0.175381
-2.237417
-4.870606
-7.588280
-10.268086
-12.751513
-14.888840
-16.656047
-18.089003
-19.233932
-20.138446
-20.846780
-21.397671
-21.823764
-22.151860
-22.403554
-22.596035
-22.742860
-22.584896
-22.677476
-22.512223
-22.301372
-22.032278
-21.689043
-21.251826
-20.696099
-19.991977
-19.103819
-17.990434
-16.606433
-14.905584
-12.847430
-10.439746
-7.799716
-5.070881
-2.363775
0.188252
2.443156
4.275100
5.604920
6.423702
6.795409
6.829414
6.637859
6.331281
5.857901
5.085941
3.903083
2.258409
0.176659
-2.252410
-4.900808
-7.632145
-10.323841
-12.817022
-14.961870
-16.734733
-18.171899
-19.319940
-20.226739
-20.936740
-21.488839
-21.915800
-22.244511
-22.496635
-22.689408
-22.836425
-22.677476
-22.769832
-22.604236
-22.392925
-22.123214
-21.779159
-21.340853
-20.783686
-20.077663
-19.187001
-18.070322
-16.682000
-14.975499
-12.909992
-10.492985
-7.841753
-5.099972
-2.378319
0.189504
2.460819
4.308840
5.653215
6.483816
6.863651
6.901521
6.709309
6.398129
5.916729
5.133536
3.936714
2.276233
0.177936
-2.267385
-4.930963
-7.675930
-10.379481
-12.882385
-15.034729
-16.813228
-18.254590
-19.405732
-20.314809
-21.026475
-21.579781
-22.007609
-22.336935
-22.589488
-22.782553
-22.929763
-22.769832
-22.861967
-22.696028
-22.484256
-22.213929
-21.869054
-21.429661
-20.871055
-20.163135
-19.269974
-18.150011
-16.757380
-15.045244
-12.972406
-10.546105
-7.883702
-5.129009
-2.392841
0.190754
2.478471
4.342581
5.701549
6.544033
6.932068
6.973859
6.781007
6.465190
5.975707
5.181213
3.970372
2.294058
0.179213
-2.282343
-4.961071
-7.719634
-10.435006
-12.947601
-15.107416
-16.891532
-18.337076
-19.491311
-20.402660
-21.115986
-21.670497
-22.099191
-22.429132
-22.682115
-22.875473
-23.022877
-22.861967
-22.953881
-22.787599
-22.575367
-22.304425
-21.958731
-21.518251
-20.958209
-20.248395
-19.352741
-18.229502
-16.832574
-15.114820
-13.034674
-10.599106
-7.925565
-5.157993
-2.407340
0.192003
2.496110
4.376320
5.749920
6.604349
7.000654
7.046421
6.852946
6.532460
6.034830
5.228967
4.004056
2.311881
0.180488
-2.297283
-4.991133
-7.763258
-10.490416
-13.012671
-15.179931
-16.969645
-18.419358
-19.576676
-20.490292
-21.205276
-21.760989
-22.190549
-22.521105
-22.774518
-22.968170
-23.115767
-22.953881
-23.045576
-22.878952
-22.666259
-22.394702
-22.048189
-21.606625
-21.045149
-20.333444
-19.435303
-18.308795
-16.907582
-15.184226
-13.096795
-10.651988
-7.967341
-5.186923
-2.421817
0.193250
2.513736
4.410057
5.798324
6.664758
7.069403
7.119203
6.925119
6.599933
6.094095
5.276796
4.037763
2.329703
0.181763
-2.312205
-5.021147
-7.806800
-10.545712
-13.077596
-15.252276
-17.047568
-18.501438
-19.661829
-20.577707
-21.294344
-21.851259
-22.281684
-22.612855
-22.866698
-23.060644
-23.208435
-23.045576
-23.137054
-22.970087
-22.756935
-22.484763
-22.137432
-21.694784
-21.131876
-20.418284
-19.517660
-18.387893
-16.982405
-15.253464
-13.158769
-10.704752
-8.009030
-5.215800
-2.436270
0.194495
2.531350
4.443789
5.846760
6.725257
7.138310
7.192197
6.997522
6.667603
6.153496
5.324696
4.071492
2.347523
0.183036
-2.327109
-5.051113
-7.850262
-10.600892
-13.142375
-15.324450
-17.125303
-18.583315
-19.746772
-20.664905
-21.383193
-21.941308
-22.372597
-22.704384
-22.958657
-23.152897
-23.300883
-23.137054
-23.228317
-23.061007
-22.847395
-22.574609
-22.226461
-21.782729
-21.218392
-20.502916
-19.599815
-18.466795
-17.057045
-15.322535
-13.220598
-10.757398
-8.050633
-5.244622
-2.450701
0.195740
2.548949
4.477515
5.895223
6.785842
7.207371
7.265399
7.070147
6.735465
6.213029
5.372664
4.105241
2.365340
0.184309
-2.341994
-5.081031
-7.893642
-10.655958
-13.207008
-15.396455
-17.202850
-18.664991
-19.831505
-20.751889
-21.471825
-22.031138
-22.463291
-22.795692
-23.050396
-23.244931
-23.393112
-23.228317
-23.319365
-23.151713
-22.937641
-22.664241
-22.315277
-21.870463
-21.304698
-20.587341
-19.681768
-18.545503
-17.131502
-15.391438
-13.282281
-10.809925
-8.092148
-5.273390
-2.465107
0.196982
2.566535
4.511235
5.943713
6.846509
7.276580
7.338801
7.142990
6.803514
6.272689
5.420697
4.139007
2.383153
0.185580
-2.356860
-5.110901
-7.936940
-10.710909
-13.271497
-15.468290
-17.280209
-18.746467
-19.916029
-20.838659
-21.560240
-22.120750
-22.553766
-22.886783
-23.141918
-23.336747
-23.485125
-23.319365
-23.410201
-23.242207
-23.027675
-22.753661
-22.403881
-21.957987
-21.390795
-20.671561
-19.763520
-18.624017
-17.205777
-15.460176
-13.343819
-10.862335
-8.133577
-5.302103
-2.479491
0.198223
2.584106
4.544946
5.992225
6.907253
7.345931
7.412399
7.216044
6.871744
6.332473
5.468791
4.172790
2.400961
0.186851
-2.371708
-5.140722
-7.980156
-10.765744
-13.335841
-15.539956
-17.357382
-18.827744
-20.000346
-20.925216
-21.648439
-22.210145
-22.644024
-22.977656
-23.233222
-23.428348
-23.576921
-23.410201
-23.500826
-23.332489
-23.117499
-22.842871
-22.492275
-22.045302
-21.476685
-20.755576
-19.845073
-18.702340
-17.279871
-15.528748
-13.405213
-10.914627
-8.174919
-5.330762
-2.493851
0.199462
2.601661
4.578648
6.040758
6.968071
7.415420
7.486187
7.289304
6.940149
6.392375
5.516944
4.206586
2.418765
0.188120
-2.386535
-5.170495
-8.023291
-10.820465
-13.400040
-15.611455
-17.434368
-18.908822
-20.084457
-21.011563
-21.736425
-22.299325
-22.734067
-23.068314
-23.324312
-23.519734
-23.668504
-23.500826
-23.591241
-23.422562
-23.207112
-22.931872
-22.580461
-22.132409
-21.562370
-20.839389
-19.926427
-18.780472
-17.353785
-15.597155
-13.466463
-10.966801
-8.216174
-5.359367
-2.508187
0.200700
2.619201
4.612339
6.089309
7.028960
7.485042
7.560158
7.362764
7.008725
6.452391
5.565151
4.240395
2.436563
0.189389
-2.401344
-5.200218
-8.066343
-10.875071
-13.464095
-15.682785
-17.511170
-18.989704
-20.168363
-21.097700
-21.824198
-22.388292
-22.823896
-23.158759
-23.415189
-23.610907
-23.759874
-23.591241
-23.681449
-23.512428
-23.296518
-23.020665
-22.668440
-22.219310
-21.647850
-20.923000
-20.007585
-18.858414
-17.427520
-15.665397
-13.527569
-11.018858
-8.257342
-5.387916
-2.522499
0.201936
2.636725
4.646017
6.137875
7.089914
7.554791
7.634308
7.436417
7.077466
6.512518
5.613412
4.274215
2.454354
0.190656
-2.416132
-5.229892
-8.109313
-10.929562
-13.528006
-15.753948
-17.587787
-19.070389
-20.252065
-21.183628
-21.911761
-22.477046
-22.913512
-23.248990
-23.505853
-23.701869
-23.851034
-23.681449
-23.771450
-23.602086
-23.385718
-23.109252
-22.756213
-22.306007
-21.733127
-21.006411
-20.088547
-18.936167
-17.501076
-15.733476
-13.588532
-11.070797
-8.298423
-5.416411
-2.536788
0.203170
2.654233
4.679682
6.186454
7.150930
7.624663
7.708630
7.510258
7.146368
6.572750
5.661721
4.308044
2.472138
0.191922
-2.430900
-5.259516
-8.152201
-10.983937
-13.591773
-15.824944
-17.664221
-19.150879
-20.335565
-21.269348
-21.999113
-22.565590
-23.002917
-23.339012
-23.596308
-23.792621
-23.941983
-23.771450
-23.861245
-23.691540
-23.474713
-23.197634
-22.843782
-22.392500
-21.818203
-21.089623
-20.169314
-19.013733
-17.574454
-15.801393
-13.649352
-11.122620
-8.339418
-5.444851
-2.551052
0.204403
2.671723
4.713332
6.235044
7.212005
7.694652
7.783119
7.584282
7.215423
6.633083
5.710077
4.341881
2.489915
0.193186
-2.445648
-5.289090
-8.195005
-11.038199
-13.655397
-15.895774
-17.740471
-19.231175
-20.418862
-21.354863
-22.086258
-22.653924
-23.092113
-23.428823
-23.686553
-23.883164
-24.032725
-23.861245
-23.950837
-23.780790
-23.563504
-23.285814
-22.931148
-22.478791
-21.903078
-21.172637
-20.249888
-19.091112
-17.647656
-15.869147
-13.710030
-11.174327
-8.380325
-5.473236
-2.565292
0.205634
2.689196
4.746966
6.283642
7.273135
7.764754
7.857769
7.658482
7.284628
6.693514
5.758477
4.375723
2.507683
0.194450
-2.460375
-5.318613
-8.237727
-11.092345
-13.718877
-15.966439
-17.816540
-19.311277
-20.501959
-21.440173
-22.173195
-22.742050
-23.181100
-23.518427
-23.776590
-23.973500
-24.123261
-23.950837
-24.040227
-23.869838
-23.652093
-23.373791
-23.018313
-22.564882
-21.987754
-21.255455
-20.330270
-19.168305
-17.720682
-15.936739
-13.770566
-11.225916
-8.421147
-5.501566
-2.579507
0.206863
2.706651
4.780583
6.332246
7.334316
7.834964
7.932574
7.732853
7.353977
6.754038
5.806916
4.409569
2.525441
0.195712
-2.475082
-5.348087
-8.280366
-11.146377
-13.782215
-16.036938
-17.892427
-19.391188
-20.584857
-21.525280
-22.259927
-22.829970
-23.269881
-23.607824
-23.866422
-24.063631
-24.213591
-24.040227
-24.129416
-23.958685
-23.740482
-23.461568
-23.105278
-22.650774
-22.072233
-21.338078
-20.410460
-19.245313
-17.793533
-16.004171
-13.830961
-11.277390
-8.461881
-5.529841
-2.593699
0.208090
2.724089
4.814182
6.380854
7.395545
7.905277
8.007530
7.807389
7.423466
6.814650
5.855394
4.443418
2.543191
0.196973
-2.489767
-5.377509
-8.322923
-11.200293
-13.845410
-16.107272
-17.968134
-19.470906
-20.667556
-21.610184
-22.346454
-22.917684
-23.358456
-23.697017
-23.956049
-24.153557
-24.303718
-24.129416
-24.218406
-24.047333
-23.828672
-23.549146
-23.192045
-22.736468
-22.156515
-21.420506
-20.490461
-19.322138
-17.866210
-16.071443
-13.891215
-11.328748
-8.502529
-5.558060
-2.607865
0.209316
2.741507
4.847762
6.429463
7.456817
7.975689
8.082630
7.882085
7.493088
6.875348
5.903906
4.477268
2.560930
0.198232
-2.504432
-5.406881
-8.365395
-11.254096
-13.908463
-16.177443
-18.043661
-19.550434
-20.750058
-21.694887
-22.432778
-23.005195
-23.446828
-23.786005
-24.045473
-24.243281
-24.393642
-24.218406
-24.307197
-24.135782
-23.916663
-23.636526
-23.278614
-22.821966
-22.240602
-21.502743
-20.570273
-19.398780
-17.938714
-16.138555
-13.951329
-11.379990
-8.543090
-5.586224
-2.622007
0.210540
2.758907
4.881321
6.478072
7.518131
8.046194
8.157869
7.956935
7.562839
6.936126
5.952451
4.511117
2.578658
0.199490
-2.519075
-5.436201
-8.407785
-11.307784
-13.971373
-16.247450
-18.119008
-19.629773
-20.832364
-21.779390
-22.518900
-23.092503
-23.534996
-23.874792
-24.134695
-24.332804
-24.483366
-24.307197
-24.395792
-24.224036
-24.004458
-23.723711
-23.364987
-22.907269
-22.324496
-21.584787
-20.649897
-19.475240
-18.011045
-16.205508
-14.011302
-11.431116
-8.583565
-5.614333
-2.636124
0.211762
2.776287
4.914858
6.526678
7.579481
8.116788
8.233241
8.031933
7.632714
6.996981
6.001025
4.544965
2.596375
0.200747
-2.533696
-5.465470
-8.450091
-11.361357
-14.034142
-16.317294
-18.194178
-19.708923
-20.914475
-21.863695
-22.604822
-23.179610
-23.622964
-23.963377
-24.223717
-24.422127
-24.572890
-24.395792
-24.484191
-24.312094
-24.092058
-23.810700
-23.451166
-22.992377
-22.408197
-21.666642
-20.729335
-19.551520
-18.083205
-16.272303
-14.071136
-11.482128
-8.623954
-5.642386
-2.650217
0.212982
2.793647
4.948373
6.575278
7.640865
8.187467
8.308743
8.107075
7.702708
7.057908
6.049625
4.578809
2.614080
0.202003
-2.548296
-5.494688
-8.492314
-11.414816
-14.096769
-16.386975
-18.269170
-19.787886
-20.996393
-21.947802
-22.690545
-23.266517
-23.710732
-24.051763
-24.312539
-24.511251
-24.662216
-24.484191
-24.572397
-24.399958
-24.179465
-23.897496
-23.537152
-23.077294
-22.491706
-21.748307
-20.808587
-19.627621
-18.155195
-16.338941
-14.130831
-11.533024
-8.664256
-5.670384
-2.664284
0.214201
2.810988
4.981865
6.623872
7.702280
8.258225
8.384367
8.182354
7.772816
7.118905
6.098250
4.612648
2.631773
0.203256
-2.562874
-5.523853
-8.534453
-11.468160
-14.159256
-16.456495
-18.343985
-19.866662
-21.078117
-22.031713
-22.776070
-23.353226
-23.798302
-24.139951
-24.401164
-24.600178
-24.751345
-24.572397
-24.660410
-24.487629
-24.266678
-23.984099
-23.622946
-23.162019
-22.575027
-21.829785
-20.887656
-19.703543
-18.227015
-16.405422
-14.190388
-11.583806
-8.704472
-5.698326
-2.678326
0.215417
2.828308
5.015331
6.672457
7.763722
8.329059
8.460108
8.257765
7.843034
7.179967
6.146896
4.646481
2.649452
0.204509
-2.577429
-5.552967
-8.576509
-11.521391
-14.221602
-16.525854
-18.418625
-19.945252
-21.159650
-22.115429
-22.861398
-23.439737
-23.885674
-24.227943
-24.489593
-24.688909
-24.840279
-24.660410
