-0.103266
-0.099682
-0.095714
-0.091367
-0.086660
-0.081626
-0.076309
-0.070756
-0.065003
-0.059056
-0.052875
-0.046366
-0.039387
-0.031870
-0.023995
-0.015918
-0.007673
0.000641
0.008867
0.016784
0.024102
0.030442
0.035314
0.038092
0.038092
0.035314
0.030442
0.024102
0.016784
0.008867
0.000641
-0.007672
-0.015909
-0.023959
-0.031760
-0.039128
-0.045869
-0.052056
-0.057860
-0.063420
-0.068823
-0.074100
-0.079232
-0.084176
-0.088879
-0.093292
-0.097380
-0.101118
-0.103266
-0.179949
-0.173105
-0.165348
-0.156651
-0.147029
-0.136546
-0.125332
-0.113585
-0.101554
-0.089505
-0.077655
-0.066098
-0.054748
-0.043473
-0.032344
-0.021323
-0.010249
0.000855
0.011824
0.022378
0.032135
0.040587
0.047082
0.050787
0.050787
0.047082
0.040587
0.032134
0.022378
0.011822
0.000855
-0.010234
-0.021248
-0.032093
-0.042810
-0.053372
-0.063758
-0.074209
-0.084975
-0.096119
-0.107524
-0.118953
-0.130133
-0.140812
-0.150794
-0.159953
-0.168225
-0.175597
-0.179949
-0.250873
-0.240904
-0.229517
-0.216640
-0.202259
-0.186445
-0.169382
-0.151384
-0.132899
-0.114468
-0.096637
-0.079822
-0.064170
-0.049635
-0.036214
-0.023591
-0.011266
0.000937
0.012941
0.024483
0.035153
0.044398
0.051503
0.055555
0.055555
0.051503
0.044397
0.035152
0.024479
0.012934
0.000936
-0.011216
-0.023357
-0.035507
-0.047934
-0.060937
-0.074731
-0.089617
-0.105747
-0.122928
-0.140711
-0.158538
-0.175870
-0.192270
-0.207439
-0.221206
-0.233510
-0.244374
-0.250873
-0.319787
-0.306833
-0.291979
-0.275105
-0.256167
-0.235229
-0.212507
-0.188410
-0.163554
-0.138727
-0.114795
-0.092517
-0.072345
-0.054422
-0.038773
-0.024838
-0.011740
0.000971
0.013378
0.025284
0.036290
0.045830
0.053163
0.057346
0.057346
0.053163
0.045829
0.036286
0.025271
0.013357
0.000967
-0.011624
-0.024341
-0.037384
-0.051321
-0.066815
-0.084251
-0.103870
-0.125616
-0.148979
-0.173167
-0.197314
-0.220647
-0.242578
-0.262728
-0.280903
-0.297059
-0.311252
-0.319787
-0.388235
-0.372412
-0.354222
-0.333503
-0.310174
-0.284286
-0.256077
-0.226030
-0.194904
-0.163713
-0.133617
-0.105719
-0.080795
-0.059235
-0.041170
-0.025861
-0.012059
0.000990
0.013573
0.025605
0.036726
0.046371
0.053788
0.058019
0.058019
0.053787
0.046367
0.036714
0.025575
0.013527
0.000981
-0.011843
-0.025002
-0.038924
-0.054494
-0.072724
-0.094093
-0.118692
-0.146213
-0.175812
-0.206361
-0.236711
-0.265885
-0.293168
-0.318118
-0.340532
-0.360386
-0.377775
-0.388235
-0.456959
-0.438354
-0.416932
-0.392482
-0.364888
-0.334181
-0.300613
-0.264728
-0.227408
-0.189868
-0.153547
-0.119882
-0.089985
-0.064528
-0.043805
-0.026953
-0.012371
0.001005
0.013697
0.025762
0.036907
0.046579
0.054023
0.058272
0.058271
0.054021
0.046570
0.036879
0.025701
0.013610
0.000990
-0.012023
-0.025648
-0.040566
-0.057981
-0.079221
-0.104795
-0.134593
-0.168022
-0.203899
-0.240775
-0.277238
-0.312128
-0.344621
-0.374233
-0.400754
-0.424186
-0.444667
-0.456959
-0.526342
-0.505025
-0.480448
-0.452355
-0.420589
-0.385160
-0.346326
-0.304678
-0.261208
-0.217313
-0.174695
-0.135115
-0.100033
-0.070427
-0.046803
-0.028215
-0.012731
0.001021
0.013815
0.025878
0.037003
0.046668
0.054115
0.058367
0.058366
0.054110
0.046649
0.036949
0.025768
0.013671
0.000999
-0.012221
-0.026395
-0.042466
-0.061949
-0.086464
-0.116496
-0.151696
-0.191163
-0.233373
-0.276562
-0.319077
-0.359592
-0.397194
-0.431360
-0.461889
-0.488808
-0.512298
-0.526342
-0.596593
-0.572618
-0.544947
-0.513277
-0.477410
-0.437330
-0.393294
-0.345933
-0.296333
-0.246060
-0.197062
-0.151421
-0.110947
-0.076952
-0.050194
-0.029680
-0.013160
0.001041
0.013958
0.026004
0.037084
0.046719
0.054154
0.058404
0.058402
0.054144
0.046683
0.036990
0.025824
0.013737
0.001009
-0.012462
-0.027286
-0.044671
-0.066438
-0.094475
-0.129206
-0.170002
-0.215638
-0.264244
-0.313752
-0.362281
-0.408358
-0.450993
-0.489636
-0.524095
-0.554429
-0.580864
-0.596593
-0.667827
-0.641237
-0.610521
-0.575324
-0.535409
-0.490729
-0.441536
-0.388492
-0.332767
-0.276080
-0.220615
-0.168767
-0.122702
-0.084090
-0.053976
-0.031353
-0.013665
0.001066
0.014136
0.026163
0.037180
0.046766
0.054178
0.058420
0.058416
0.054159
0.046703
0.037027
0.025891
0.013821
0.001022
-0.012754
-0.028332
-0.047189
-0.071444
-0.103239
-0.142897
-0.189477
-0.241412
-0.296482
-0.352327
-0.406851
-0.458449
-0.506061
-0.549121
-0.587450
-0.621144
-0.650472
-0.667827
-0.740106
-0.710936
-0.677211
-0.638529
-0.594606
-0.545365
-0.491045
-0.432333
-0.370475
-0.307332
-0.245312
-0.187114
-0.135268
-0.091820
-0.058137
-0.033230
-0.014246
0.001095
0.014355
0.026367
0.037306
0.046825
0.054201
0.058429
0.058423
0.054168
0.046723
0.037074
0.025979
0.013929
0.001038
-0.013101
-0.029536
-0.050014
-0.076952
-0.112728
-0.157531
-0.210076
-0.268437
-0.330044
-0.392251
-0.452764
-0.509854
-0.562404
-0.609835
-0.651987
-0.688994
-0.721174
-0.740106
-0.813457
-0.781736
-0.745035
-0.702900
-0.655001
-0.601225
-0.541798
-0.477425
-0.409418
-0.339772
-0.271107
-0.206424
-0.148614
-0.100119
-0.062665
-0.035306
-0.014902
0.001129
0.014619
0.026622
0.037470
0.046905
0.054231
0.058439
0.058427
0.054176
0.046749
0.037137
0.026093
0.014063
0.001057
-0.013504
-0.030896
-0.053139
-0.082945
-0.122917
-0.173073
-0.231755
-0.296664
-0.364881
-0.433484
-0.499987
-0.562551
-0.620009
-0.671775
-0.717714
-0.757998
-0.792994
-0.813457
-0.887891
-0.853643
-0.813991
-0.768428
-0.716578
-0.658289
-0.593769
-0.523734
-0.449557
-0.373356
-0.297960
-0.226658
-0.162712
-0.108969
-0.067548
-0.037575
-0.015631
0.001167
0.014928
0.026932
0.037679
0.047012
0.054273
0.058452
0.058433
0.054188
0.046785
0.037221
0.026239
0.014227
0.001079
-0.013962
-0.032408
-0.056554
-0.089408
-0.133783
-0.189491
-0.254473
-0.326048
-0.400948
-0.475982
-0.548484
-0.616513
-0.678856
-0.734930
-0.784624
-0.828154
-0.865937
-0.887891
-0.963405
-0.926651
-0.884068
-0.835100
-0.779318
-0.716532
-0.646925
-0.571223
-0.490851
-0.408046
-0.325831
-0.247786
-0.177535
-0.118354
-0.072777
-0.040033
-0.016432
0.001210
0.015283
0.027300
0.037938
0.047150
0.054330
0.058470
0.058440
0.054205
0.046834
0.037331
0.026419
0.014422
0.001105
-0.014475
-0.034068
-0.060253
-0.096329
-0.145305
-0.206754
-0.278193
-0.356546
-0.438200
-0.519704
-0.598218
-0.671705
-0.738918
-0.799277
-0.852701
-0.899451
-0.939996
-0.963405
-1.039988
-1.000745
-0.955251
-0.902895
-0.843198
-0.775925
-0.701236
-0.619858
-0.533265
-0.443802
-0.354685
-0.269775
-0.193063
-0.128258
-0.078343
-0.042674
-0.017303
0.001257
0.015684
0.027728
0.038250
0.047325
0.054406
0.058496
0.058452
0.054229
0.046900
0.037470
0.026636
0.014648
0.001134
-0.015042
-0.035875
-0.064229
-0.103697
-0.157465
-0.224837
-0.302880
-0.388120
-0.476599
-0.564610
-0.649151
-0.728096
-0.800167
-0.864792
-0.921924
-0.971872
-1.015157
-1.039988
-1.117624
-1.075908
-1.027519
-0.971790
-0.908190
-0.836440
-0.756670
-0.669605
-0.576762
-0.480590
-0.384490
-0.292599
-0.209274
-0.138670
-0.084240
-0.045497
-0.018244
0.001309
0.016130
0.028217
0.038618
0.047540
0.054504
0.058532
0.058469
0.054262
0.046985
0.037640
0.026892
0.014906
0.001166
-0.015662
-0.037825
-0.068477
-0.111502
-0.170247
-0.243717
-0.328505
-0.420735
-0.516106
-0.610664
-0.701249
-0.785653
-0.862573
-0.931449
-0.992272
-1.045397
-1.091403
-1.117624
-1.196296
-1.152120
-1.100849
-1.041761
-0.974269
-0.898049
-0.813196
-0.720432
-0.621310
-0.518379
-0.415216
-0.316233
-0.226151
-0.149578
-0.090462
-0.048498
-0.019252
0.001365
0.016621
0.028766
0.039044
0.047798
0.054628
0.058580
0.058493
0.054307
0.047091
0.037844
0.027189
0.015196
0.001202
-0.016334
-0.039916
-0.072993
-0.119736
-0.183639
-0.263371
-0.355039
-0.454357
-0.556687
-0.657831
-0.754478
-0.844344
-0.926106
-0.999221
-1.063717
-1.120003
-1.168712
-1.196296
-1.275981
-1.229359
-1.175218
-1.112782
-1.041409
-0.960722
-0.870784
-0.772308
-0.666879
-0.557138
-0.446836
-0.340653
-0.243676
-0.160971
-0.097003
-0.051674
-0.020328
0.001426
0.017157
0.029376
0.039529
0.048102
0.054780
0.058642
0.058526
0.054365
0.047223
0.038085
0.027527
0.015519
0.001241
-0.017058
-0.042147
-0.077775
-0.128394
-0.197626
-0.283780
-0.382457
-0.488958
-0.598310
-0.706078
-0.808805
-0.904138
-0.990738
-1.068080
-1.136235
-1.195667
-1.247063
-1.275981
-1.356659
-1.307601
-1.250603
-1.184829
-1.109581
-1.024431
-0.929406
-0.825204
-0.713438
-0.596839
-0.479325
-0.365840
-0.261833
-0.172839
-0.103859
-0.055025
-0.021471
0.001491
0.017738
0.030048
0.040075
0.048454
0.054963
0.058721
0.058570
0.054438
0.047380
0.038363
0.027907
0.015873
0.001283
-0.017834
-0.044517
-0.082818
-0.137469
-0.212197
-0.304926
-0.410734
-0.524510
-0.640946
-0.755374
-0.864200
-0.965006
-1.056438
-1.137998
-1.209800
-1.272363
-1.326432
-1.356659
-1.438307
-1.386824
-1.326978
-1.257875
-1.178760
-1.089151
-0.989034
-0.879092
-0.760962
-0.637457
-0.512659
-0.391773
-0.280608
-0.185175
-0.111025
-0.058549
-0.022681
0.001560
0.018363
0.030781
0.040682
0.048856
0.055180
0.058820
0.058627
0.054529
0.047567
0.038681
0.028329
0.016261
0.001328
-0.018661
-0.047025
-0.088122
-0.146955
-0.227342
-0.326791
-0.439850
-0.560987
-0.684566
-0.805691
-0.920635
-1.026918
-1.123180
-1.208949
-1.284387
-1.350067
-1.406795
-1.438307
-1.520902
-1.467003
-1.404319
-1.331898
-1.248921
-1.154855
-1.049642
-0.933946
-0.809424
-0.678968
-0.546817
-0.418434
-0.299989
-0.197969
-0.118499
-0.062245
-0.023957
0.001633
0.019032
0.031575
0.041350
0.049309
0.055432
0.058940
0.058700
0.054641
0.047785
0.039040
0.028795
0.016680
0.001376
-0.019539
-0.049670
-0.093684
-0.156847
-0.243050
-0.349361
-0.469782
-0.598365
-0.729144
-0.857002
-0.978081
-1.089847
-1.190937
-1.280907
-1.359969
-1.428754
-1.488130
-1.520902
-1.604422
-1.548117
-1.482604
-1.406871
-1.320039
-1.221518
-1.111204
-0.989740
-0.858800
-0.721348
-0.581778
-0.445806
-0.319961
-0.211214
-0.126276
-0.066111
-0.025299
0.001711
0.019745
0.032429
0.042081
0.049815
0.055723
0.059083
0.058790
0.054774
0.048035
0.039441
0.029304
0.017131
0.001428
-0.020467
-0.052452
-0.099503
-0.167141
-0.259311
-0.372620
-0.500513
-0.636622
-0.774656
-0.909280
-1.036513
-1.153768
-1.259682
-1.353846
-1.436522
-1.508401
-1.570412
-1.604422
-1.688845
-1.630143
-1.561809
-1.482772
-1.392091
-1.289116
-1.173697
-1.046452
-0.909067
-0.764576
-0.617523
-0.473873
-0.340513
-0.224902
-0.134352
-0.070146
-0.026707
0.001792
0.020502
0.033345
0.042874
0.050375
0.056053
0.059254
0.058900
0.054932
0.048320
0.039884
0.029856
0.017615
0.001482
-0.021447
-0.055371
-0.105576
-0.177831
-0.276116
-0.396555
-0.532025
-0.675736
-0.821079
-0.962502
-1.095905
-1.218654
-1.329392
-1.427743
-1.514023
-1.588984
-1.653619
-1.688845
-1.774149
-1.713057
-1.641912
-1.559577
-1.465052
-1.357625
-1.237097
-1.104058
-0.960203
-0.808632
-0.654034
-0.502620
-0.361634
-0.239027
-0.142725
-0.074350
-0.028181
0.001879
0.021303
0.034322
0.043730
0.050990
0.056424
0.059452
0.059033
0.055116
0.048640
0.040371
0.030452
0.018131
0.001540
-0.022478
-0.058427
-0.111903
-0.188914
-0.293456
-0.421152
-0.564300
-0.715689
-0.868390
-1.016644
-1.156233
-1.284483
-1.400042
-1.502573
-1.592447
-1.670481
-1.737727
-1.774149
-1.860312
-1.796840
-1.722890
-1.637265
-1.538900
-1.427023
-1.301382
-1.162537
-1.012188
-0.853496
-0.691294
-0.532033
-0.383313
-0.253580
-0.151391
-0.078721
-0.029720
0.001969
0.022148
0.035359
0.044649
0.051660
0.056839
0.059682
0.059190
0.055328
0.048997
0.040901
0.031092
0.018679
0.001601
-0.023559
-0.061619
-0.118482
-0.200384
-0.311324
-0.446399
-0.597322
-0.756461
-0.916570
-1.071684
-1.217475
-1.351230
-1.471608
-1.578312
-1.671773
-1.752867
-1.822716
-1.860312
-1.947313
-1.881468
-1.804721
-1.715814
-1.613615
-1.497289
-1.366531
-1.221867
-1.065001
-0.899151
-0.729286
-0.562098
-0.405539
-0.268557
-0.160347
-0.083258
-0.031325
0.002064
0.023038
0.036458
0.045631
0.052386
0.057297
0.059943
0.059374
0.055571
0.049392
0.041476
0.031776
0.019260
0.001666
-0.024692
-0.064947
-0.125311
-0.212238
-0.329711
-0.472283
-0.631076
-0.798035
-0.965599
-1.127601
-1.279609
-1.418874
-1.544069
-1.654940
-1.751977
-1.836123
-1.908563
-1.947313
-2.035132
-1.966922
-1.887386
-1.795202
-1.689174
-1.568400
-1.432523
-1.282030
-1.118623
-0.945578
-0.767995
-0.592802
-0.428304
-0.283950
-0.169589
-0.087961
-0.032996
0.002163
0.023972
0.037618
0.046676
0.053168
0.057801
0.060240
0.059587
0.055846
0.049827
0.042096
0.032504
0.019872
0.001733
-0.025877
-0.068411
-0.132389
-0.224471
-0.348609
-0.498795
-0.665548
-0.840393
-1.015456
-1.184376
-1.342615
-1.487394
-1.617402
-1.732434
-1.833039
-1.920226
-1.995248
-2.035132
-2.123749
-2.053181
-1.970864
-1.875411
-1.765557
-1.640339
-1.499338
-1.343005
-1.173037
-0.992760
-0.807406
-0.624133
-0.451598
-0.299753
-0.179115
-0.092828
-0.034733
0.002266
0.024950
0.038840
0.047785
0.054008
0.058352
0.060572
0.059830
0.056154
0.050302
0.042761
0.033276
0.020518
0.001804
-0.027113
-0.072012
-0.139715
-0.237080
-0.368011
-0.525922
-0.700724
-0.883519
-1.066126
-1.241988
-1.406471
-1.556768
-1.691588
-1.810774
-1.914937
-2.005156
-2.082749
-2.123749
-2.213144
-2.140225
-2.055134
-1.956418
-1.842746
-1.713084
-1.566957
-1.404774
-1.228225
-1.040683
-0.847505
-0.656080
-0.475411
-0.315961
-0.188922
-0.097859
-0.036536
0.002374
0.025974
0.040124
0.048958
0.054906
0.058951
0.060943
0.060107
0.056498
0.050818
0.043472
0.034093
0.021196
0.001878
-0.028400
-0.075749
-0.147287
-0.250061
-0.387910
-0.553655
-0.736591
-0.927398
-1.117590
-1.300420
-1.471159
-1.626978
-1.766606
-1.889939
-1.997652
-2.090893
-2.171047
-2.213144
-2.303297
-2.228037
-2.140179
-2.038207
-1.920720
-1.786618
-1.635362
-1.467320
-1.284171
-1.089330
-0.888279
-0.688631
-0.499736
-0.332569
-0.199007
-0.103053
-0.038404
0.002486
0.027043
0.041470
0.050195
0.055862
0.059599
0.061353
0.060418
0.056878
0.051377
0.044229
0.034954
0.021907
0.001955
-0.029740
-0.079622
-0.155104
-0.263409
-0.408299
-0.581983
-0.773137
-0.972015
-1.169833
-1.359654
-1.536661
-1.698003
-1.842438
-1.969911
-2.081165
-2.177417
-2.260123
-2.303297
-2.394192
-2.316596
-2.225979
-2.120758
-1.999462
-1.860922
-1.704536
-1.530625
-1.340857
-1.138688
-0.929714
-0.721775
-0.524565
-0.349570
-0.209367
-0.108408
-0.040337
0.002602
0.028158
0.042879
0.051497
0.056877
0.060297
0.061804
0.060765
0.057296
0.051978
0.045032
0.035861
0.022652
0.002036
-0.031131
-0.083631
-0.163164
-0.277122
-0.429172
-0.610898
-0.810348
-1.017357
-1.222837
-1.419673
-1.602958
-1.769826
-1.919063
-2.050669
-2.165456
-2.264710
-2.349958
-2.394192
-2.485809
-2.405886
-2.312517
-2.204053
-2.078954
-1.935978
-1.774461
-1.594674
-1.398270
-1.188740
-0.971798
-0.755502
-0.549888
-0.366960
-0.219999
-0.113925
-0.042337
0.002723
0.029318
0.044352
0.052865
0.057952
0.061045
0.062298
0.061151
0.057754
0.052623
0.045883
0.036814
0.023430
0.002120
-0.032575
-0.087776
-0.171467
-0.291195
-0.450521
-0.640389
-0.848213
-1.063408
-1.276589
-1.480460
-1.670034
-1.842430
-1.996465
-2.132197
-2.250506
-2.352754
-2.440533
-2.485809
-2.578131
-2.495887
-2.399774
-2.288075
-2.159178
-2.011771
-1.845120
-1.659450
-1.456393
-1.239475
-1.014520
-0.789801
-0.575699
-0.384732
-0.230901
-0.119601
-0.044401
0.002848
0.030525
0.045889
0.054299
0.059087
0.061846
0.062836
0.061576
0.058253
0.053313
0.046782
0.037812
0.024242
0.002207
-0.034072
-0.092057
-0.180010
-0.305625
-0.472341
-0.670448
-0.886722
-1.110157
-1.331073
-1.542000
-1.737871
-1.915796
-2.074625
-2.214476
-2.336299
-2.441529
-2.531831
-2.578131
-2.671141
-2.586584
-2.487734
-2.372807
-2.240118
-2.088282
-1.916499
-1.724939
-1.515213
-1.290879
-1.057867
-0.824665
-0.601991
-0.402884
-0.242070
-0.125436
-0.046531
0.002977
0.031778
0.047491
0.055800
0.060283
0.062699
0.063419
0.062043
0.058794
0.054049
0.047729
0.038857
0.025088
0.002298
-0.035622
-0.096473
-0.188793
-0.320408
-0.494626
-0.701067
-0.925864
-1.157590
-1.386275
-1.604277
-1.806454
-1.989908
-2.153527
-2.297489
-2.422817
-2.531020
-2.623834
-2.671141
-2.764822
-2.677960
-2.576381
-2.458233
-2.321758
-2.165497
-1.988580
-1.791124
-1.574716
-1.342938
-1.101828
-0.860082
-0.628756
-0.421409
-0.253503
-0.131429
-0.048727
0.003111
0.033079
0.049158
0.057368
0.061541
0.063606
0.064049
0.062552
0.059378
0.054831
0.048725
0.039949
0.025969
0.002392
-0.037224
-0.101024
-0.197813
-0.335541
-0.517370
-0.732237
-0.965627
-1.205696
-1.442182
-1.667277
-1.875768
-2.064751
-2.233154
-2.381219
-2.510043
-2.621209
-2.716526
-2.764822
-2.859159
-2.769999
-2.665698
-2.544336
-2.404081
-2.243400
-2.061350
-1.857993
-1.634888
-1.395642
-1.146393
-0.896044
-0.655987
-0.440303
-0.265199
-0.137579
-0.050987
0.003249
0.034427
0.050892
0.059005
0.062862
0.064568
0.064728
0.063106
0.060006
0.055660
0.049770
0.041089
0.026885
0.002489
-0.038880
-0.105711
-0.207069
-0.351021
-0.540567
-0.763950
-1.006003
-1.254462
-1.498781
-1.730986
-1.945796
-2.140308
-2.313490
-2.465651
-2.597961
-2.712080
-2.809890
-2.859159
-2.954135
-2.862684
-2.755669
-2.631101
-2.487073
-2.321975
-2.134794
-1.925530
-1.695716
-1.448978
-1.191551
-0.932543
-0.683678
-0.459562
-0.277153
-0.143885
-0.053313
0.003392
0.035822
0.052692
0.060711
0.064246
0.065586
0.065455
0.063705
0.060681
0.056537
0.050866
0.042277
0.027836
0.002590
-0.040588
-0.110533
-0.216561
-0.366845
-0.564211
-0.796198
-1.046980
-1.303877
-1.556058
-1.795390
-2.016525
-2.216564
-2.394521
-2.550768
-2.686554
-2.803617
-2.903910
-2.954135
-3.049734
-2.956001
-2.846280
-2.718512
-2.570719
-2.401209
-2.208897
-1.993723
-1.757187
-1.502934
-1.237292
-0.969570
-0.711822
-0.479181
-0.289365
-0.150347
-0.055703
0.003540
0.037266
0.054560
0.062488
0.065695
0.066661
0.066233
0.064351
0.061402
0.057464
0.052014
0.043514
0.028822
0.002695
-0.042351
-0.115489
-0.226286
-0.383008
-0.588298
-0.828974
-1.088551
-1.353930
-1.614002
-1.860474
-2.087941
-2.293506
-2.476230
-2.636556
-2.775808
-2.895804
-2.998571
-3.049734
-3.145943
-3.049935
-2.937515
-2.806557
-2.655003
-2.481087
-2.283646
-2.062559
-1.819290
-1.557499
-1.283606
-1.007116
-0.740413
-0.499157
-0.301831
-0.156962
-0.058158
0.003691
0.038758
0.056496
0.064335
0.067209
0.067793
0.067063
0.065045
0.062171
0.058441
0.053213
0.044801
0.029845
0.002802
-0.044167
-0.120580
-0.236243
-0.399508
-0.612822
-0.862271
-1.130705
-1.404610
-1.672599
-1.926227
-2.160029
-2.371118
-2.558604
-2.722999
-2.865708
-2.988627
-3.093857
-3.145943
-3.242747
-3.144470
-3.029360
-2.895219
-2.739913
-2.561595
-2.359027
-2.132024
-1.882012
-1.612663
-1.330484
-1.045175
-0.769445
-0.519484
-0.314549
-0.163731
-0.060679
0.003848
0.040299
0.058502
0.066255
0.068791
0.068985
0.067945
0.065789
0.062989
0.059468
0.054465
0.046138
0.030905
0.002914
-0.046037
-0.125805
-0.246430
-0.416342
-0.637777
-0.896081
-1.173434
-1.455908
-1.731840
-1.992636
-2.232777
-2.449387
-2.641627
-2.810083
-2.956239
-3.082070
-3.189754
-3.242747
-3.340130
-3.239594
-3.121802
-2.984485
-2.825433
-2.642720
-2.435029
-2.202106
-1.945342
-1.668415
-1.377917
-1.083738
-0.798912
-0.540158
-0.327517
-0.170652
-0.063263
0.004008
0.041890
0.060577
0.068249
0.070440
0.070238
0.068882
0.066583
0.063858
0.060548
0.055770
0.047526
0.032001
0.003029
-0.047960
-0.131163
-0.256847
-0.433507
-0.663160
-0.930398
-1.216729
-1.507812
-1.791712
-2.059688
-2.306172
-2.528300
-2.725287
-2.897794
-3.047386
-3.176120
-3.286248
-3.340130
-3.438081
-3.335292
-3.214826
-3.074341
-2.911552
-2.724449
-2.511637
-2.272794
-2.009268
-1.724744
-1.425895
-1.122797
-0.828809
-0.561177
-0.340733
-0.177725
-0.065912
0.004174
0.043530
0.062724
0.070317
0.072158
0.071552
0.069875
0.067429
0.064778
0.061680
0.057131
0.048966
0.033135
0.003147
-0.049938
-0.136656
-0.267492
-0.451000
-0.688965
-0.965215
-1.260582
-1.560312
-1.852204
-2.127372
-2.380200
-2.607842
-2.809570
-2.986119
-3.139137
-3.270762
-3.383324
-3.438081
-3.536584
-3.431551
-3.308419
-3.164775
-2.998256
-2.806770
-2.588840
-2.344076
-2.073780
-1.781641
-1.474410
-1.162347
-0.859129
-0.582536
-0.354195
-0.184948
-0.068626
0.004343
0.045220
0.064942
0.072460
0.073947
0.072928
0.070924
0.068328
0.065751
0.062867
0.058547
0.050459
0.034307
0.003270
-0.051970
-0.142281
-0.278364
-0.468818
-0.715187
-1.000525
-1.304985
-1.613401
-1.913306
-2.195676
-2.454850
-2.688002
-2.894462
-3.075043
-3.231477
-3.365984
-3.480969
-3.536584
-3.635627
-3.528358
-3.402567
-3.255774
-3.085532
-2.889669
-2.666625
-2.415939
-2.138867
-1.839097
-1.523453
-1.202379
-0.889868
-0.604231
-0.367899
-0.192321
-0.071403
0.004518
0.046960
0.067233
0.074681
0.075807
0.074369
0.072031
0.069282
0.066777
0.064109
0.060020
0.052005
0.035517
0.003396
-0.054056
-0.148040
-0.289460
-0.486958
-0.741823
-1.036323
-1.349929
-1.667067
-1.975007
-2.264589
-2.530109
-2.768767
-2.979951
-3.164554
-3.324393
-3.461771
-3.579170
-3.635627
-3.735197
-3.625699
-3.497260
-3.347324
-3.173368
-2.973135
-2.744982
-2.488374
-2.204518
-1.897101
-1.573017
-1.242886
-0.921020
-0.626259
-0.381846
-0.199842
-0.074244
0.004697
0.048751
0.069598
0.076980
0.077740
0.075875
0.073198
0.070292
0.067859
0.065408
0.061550
0.053606
0.036766
0.003525
-0.056197
-0.153931
-0.300781
-0.505418
-0.768866
-1.072602
-1.395408
-1.721303
-2.037298
-2.334099
-2.605967
-2.850125
-3.066025
-3.254640
-3.417873
-3.558111
-3.677913
-3.735197
-3.835282
-3.723564
-3.592483
-3.439414
-3.261752
-3.057156
-2.823898
-2.561369
-2.270724
-1.955644
-1.623092
-1.283863
-0.952579
-0.648616
-0.396031
-0.207512
-0.077150
0.004880
0.050593
0.072037
0.079358
0.079748
0.077449
0.074425
0.071358
0.068996
0.066764
0.063140
0.055262
0.038055
0.003658
-0.058392
-0.159954
-0.312324
-0.524194
-0.796314
-1.109355
-1.441413
-1.776099
-2.100168
-2.404197
-2.682412
-2.932065
-3.152671
-3.345288
-3.511904
-3.654991
-3.777187
-3.835282
-3.935870
-3.821938
-3.688226
-3.532032
-3.350673
-3.141721
-2.903363
-2.634914
-2.337475
-2.014718
-1.673672
-1.325301
-0.984541
-0.671298
-0.410454
-0.215328
-0.080118
0.005068
0.052486
0.074551
0.081817
0.081831
0.079090
0.075714
0.072483
0.070192
0.068179
0.064790
0.056974
0.039383
0.003795
-0.060641
-0.166109
-0.324089
-0.543284
-0.824162
-1.146578
-1.487937
-1.831446
-2.163607
-2.474871
-2.759432
-3.014573
-3.239878
-3.436485
-3.606473
-3.752399
-3.876979
-3.935870
-4.036948
-3.920812
-3.784476
-3.625166
-3.440118
-3.226818
-2.983367
-2.708998
-2.404760
-2.074314
-1.724748
-1.367196
-1.016902
-0.694303
-0.425112
-0.223291
-0.083151
0.005261
0.054432
0.077141
0.084358
0.083992
0.080801
0.077067
0.073667
0.071446
0.069654
0.066501
0.058744
0.040752
0.003936
-0.062946
-0.172396
-0.336074
-0.562686
-0.852406
-1.184264
-1.534973
-1.887337
-2.227607
-2.546112
-2.837018
-3.097641
-3.327634
-3.528221
-3.701570
-3.850324
-3.977276
-4.036948
-4.138505
-4.020173
-3.881221
-3.718804
-3.530077
-3.312437
-3.063897
-2.783612
-2.472572
-2.134423
-1.776313
-1.409541
-1.049655
-0.717628
-0.440004
-0.231399
-0.086246
0.005458
0.056429
0.079809
0.086982
0.086232
0.082584
0.078485
0.074913
0.072760
0.071190
0.068274
0.060572
0.042161
0.004080
-0.065305
-0.178814
-0.348277
-0.582397
-0.881041
-1.222408
-1.582514
-1.943763
-2.292158
-2.617909
-2.915157
-3.181256
-3.415928
-3.620484
-3.797183
-3.948753
-4.078068
-4.138505
-4.240531
-4.120010
-3.978452
-3.812937
-3.620539
-3.398567
-3.144944
-2.858745
-2.540899
-2.195036
-1.828359
-1.452330
-1.082797
-0.741268
-0.455127
-0.239652
-0.089405
0.005660
0.058478
0.082554
0.089691
0.088553
0.084439
0.079968
0.076220
0.074136
0.072790
0.070111
0.062458
0.043611
0.004228
-0.067718
-0.185364
-0.360698
-0.602414
-0.910065
-1.261004
-1.630554
-2.000716
-2.357251
-2.690253
-2.993841
-3.265408
-3.504749
-3.713263
-3.893299
-4.047675
-4.179342
-4.240531
-4.343013
-4.220311
-4.076156
-3.907553
-3.711493
-3.485197
-3.226499
-2.934389
-2.609735
-2.256147
-1.880881
-1.495556
-1.116323
-0.765221
-0.470480
-0.248049
-0.092627
0.005866
0.060581
0.085379
0.092487
0.090956
0.086369
0.081520
0.077592
0.075574
0.074453
0.072014
0.064405
0.045103
0.004380
-0.070187
-0.192044
-0.373336
-0.622736
-0.939472
-1.300048
-1.679085
-2.058189
-2.422878
-2.763135
-3.073060
-3.350086
-3.594086
-3.806546
-3.989909
-4.147079
-4.281089
-4.343013
-4.445941
-4.321068
-4.174323
-4.002641
-3.802929
-3.572318
-3.308551
-3.010533
-2.679069
-2.317746
-1.933870
-1.539215
-1.150228
-0.789483
-0.486062
-0.256588
-0.095912
0.006077
0.062736
0.088283
0.095370
0.093442
0.088375
0.083142
0.079029
0.077077
0.076183
0.073982
0.066412
0.046637
0.004536
-0.072711
-0.198854
-0.386189
-0.643360
-0.969259
-1.339533
-1.728101
-2.116174
-2.489030
-2.836544
-3.152802
-3.435281
-3.683928
-3.900324
-4.087002
-4.246955
-4.383296
-4.445941
-4.549305
-4.422268
-4.272944
-4.098192
-3.894836
-3.659919
-3.391091
-3.087169
-2.748894
-2.379827
-1.987320
-1.583300
-1.184508
-0.814052
-0.501869
-0.265270
-0.099259
0.006292
0.064944
0.091267
0.098342
0.096014
0.090459
0.084834
0.080532
0.078646
0.077979
0.076019
0.068482
0.048214
0.004696
-0.075290
-0.205794
-0.399256
-0.664283
-0.999423
-1.379456
-1.777596
-2.174662
-2.555698
-2.910473
-3.233060
-3.520982
-3.774267
-3.994585
-4.184566
-4.347291
-4.485953
-4.549305
-4.653094
-4.523901
-4.372007
-4.194195
-3.987206
-3.747992
-3.474109
-3.164288
-2.819200
-2.442381
-2.041225
-1.627807
-1.219160
-0.838925
-0.517901
-0.274094
-0.102669
0.006513
0.067206
0.094334
0.101404
0.098673
0.092622
0.086599
0.082104
0.080282
0.079844
0.078124
0.070615
0.049834
0.004859
-0.077923
-0.212864
-0.412537
-0.685503
-1.029960
-1.419810
-1.827564
-2.233648
-2.622875
-2.984912
-3.313823
-3.607180
-3.865091
-4.089320
-4.282592
-4.448078
-4.589051
-4.653094
-4.757299
-4.625959
-4.471503
-4.290640
-4.080028
-3.836526
-3.557596
-3.241881
-2.889981
-2.505402
-2.095577
-1.672728
-1.254178
-0.864099
-0.534156
-0.283058
-0.106142
0.006737
0.069523
0.097482
0.104559
0.101422
0.094867
0.088438
0.083745
0.081987
0.081779
0.080300
0.072811
0.051497
0.005027
-0.080612
-0.220064
-0.426029
-0.707018
-1.060867
-1.460591
-1.877998
-2.293124
-2.690553
-3.059853
-3.395083
-3.693865
-3.956391
-4.184519
-4.381070
-4.549305
-4.692578
-4.757299
-4.861909
-4.728430
-4.571422
-4.387518
-4.173292
-3.925512
-3.641543
-3.319939
-2.961227
-2.568881
-2.150371
-1.718061
-1.289559
-0.889571
-0.550632
-0.292163
-0.109677
0.006967
0.071893
0.100714
0.107807
0.104261
0.097195
0.090353
0.085458
0.083763
0.083786
0.082548
0.075073
0.053204
0.005198
-0.083357
-0.227392
-0.439732
-0.728826
-1.092139
-1.501795
-1.928893
-2.353083
-2.758723
-3.135288
-3.476830
-3.781029
-4.048157
-4.280172
-4.479991
-4.650963
-4.796525
-4.861909
-4.966916
-4.831307
-4.671755
-4.484820
-4.266990
-4.014941
-3.725943
-3.398455
-3.032932
-2.632812
-2.205600
-1.763798
-1.325298
-0.915339
-0.567328
-0.301407
-0.113274
0.007201
0.074318
0.104030
0.111149
0.107193
0.099609
0.092346
0.087244
0.085610
0.085867
0.084869
0.077401
0.054956
0.005374
-0.086156
-0.234850
-0.453645
-0.750926
-1.123774
-1.543417
-1.980243
-2.413519
-2.827379
-3.211207
-3.559056
-3.868661
-4.140381
-4.376270
-4.579343
-4.753042
-4.900883
-4.966916
-5.072309
-4.934578
-4.772493
-4.582537
-4.361113
-4.104805
-3.810785
-3.477420
-3.105087
-2.697188
-2.261258
-1.809935
-1.361392
-0.941399
-0.584243
-0.310790
-0.116933
0.007439
0.076797
0.107431
0.114588
0.110219
0.102109
0.094418
0.089105
0.087532
0.088022
0.087265
0.079795
0.056753
0.005553
-0.089011
-0.242436
-0.467768
-0.773314
-1.155768
-1.585451
-2.032043
-2.474424
-2.896513
-3.287604
-3.641753
-3.956753
-4.233052
-4.472804
-4.679119
-4.855532
-5.005642
-5.072309
-5.178081
-5.038236
-4.873626
-4.680659
-4.455652
-4.195095
-3.896063
-3.556826
-3.177685
-2.762003
-2.317340
-1.856468
-1.397838
-0.967749
-0.601374
-0.320311
-0.120654
0.007683
0.079332
0.110918
0.118125
0.113341
0.104698
0.096572
0.091043
0.089529
0.090254
0.089738
0.082258
0.058595
0.005736
-0.091922
-0.250151
-0.482098
-0.795989
-1.188119
-1.627895
-2.084286
-2.535792
-2.966117
-3.364469
-3.724911
-4.045297
-4.326163
-4.569764
-4.779309
-4.958425
-5.110793
-5.178081
-5.284222
-5.142272
-4.975146
-4.779178
-4.550598
-4.285803
-3.981767
-3.636666
-3.250720
-2.827249
-2.373839
-1.903391
-1.434630
-0.994387
-0.618720
-0.329970
-0.124436
0.007930
0.081922
0.114491
0.121761
0.116562
0.107378
0.098810
0.093058
0.091603
0.092564
0.092287
0.084790
0.060482
0.005924
-0.094888
-0.257993
-0.496635
-0.818948
-1.220823
-1.670743
-2.136967
-2.597617
-3.036185
-3.441797
-3.808524
-4.134284
-4.419705
-4.667142
-4.879905
-5.061712
-5.216327
-5.284222
-5.390723
-5.246677
-5.077045
-4.878085
-4.645943
-4.376920
-4.067889
-3.716931
-3.324183
-2.892920
-2.430750
-1.950700
-1.471767
-1.021310
-0.636280
-0.339765
-0.128280
0.008183
0.084568
0.118152
0.125497
0.119882
0.110151
0.101132
0.095154
0.093756
0.094954
0.094916
0.087392
0.062416
0.006115
-0.097909
-0.265963
-0.511378
-0.842191
-1.253877
-1.713991
-2.190081
-2.659893
-3.106709
-3.519578
-3.892582
-4.223705
-4.513669
-4.764929
-4.980897
-5.165383
-5.322235
-5.390723
-5.497576
-5.351442
-5.179313
-4.977372
-4.741679
-4.468438
-4.154423
-3.797615
-3.398068
-2.959010
-2.488067
-1.998389
-1.509243
-1.048516
-0.654053
-0.349697
-0.132186
0.008440
0.087269
0.121902
0.129336
0.123305
0.113019
0.103542
0.097331
0.095989
0.097427
0.097626
0.090065
0.064397
0.006310
-0.100986
-0.274061
-0.526327
-0.865715
-1.287278
-1.757636
-2.243623
-2.722613
-3.177683
-3.597806
-3.977079
-4.313554
-4.608046
-4.863116
-5.082277
-5.269431
-5.428509
-5.497576
-5.604773
-5.456559
-5.281944
-5.077032
-4.837798
-4.560350
-4.241360
-3.878710
-3.472368
-3.025512
-2.545785
-2.046456
-1.547056
-1.076002
-0.672036
-0.359765
-0.136153
0.008702
0.090027
0.125740
0.133278
0.126831
0.115984
0.106041
0.099593
0.098306
0.099982
0.100418
0.092811
0.066425
0.006510
-0.104119
-0.282286
-0.541479
-0.889519
-1.321022
-1.801672
-2.297588
-2.785772
-3.249099
-3.676473
-4.062006
-4.403821
-4.702830
-4.961697
-5.184037
-5.373847
-5.535140
-5.604773
-5.712306
-5.562021
-5.384928
-5.177056
-4.934292
-4.652647
-4.328694
-3.960209
-3.547076
-3.092421
-2.603898
-2.094894
-1.585203
-1.103766
-0.690229
-0.369968
-0.140182
0.008968
0.092841
0.129669
0.137326
0.130463
0.119048
0.108630
0.101940
0.100707
0.102624
0.103294
0.095629
0.068500
0.006713
-0.107307
-0.290639
-0.556835
-0.913599
-1.355109
-1.846097
-2.351970
-2.849364
-3.320953
-3.755572
-4.147357
-4.494499
-4.798011
-5.060662
-5.286168
-5.478623
-5.642121
-5.712306
-5.820167
-5.667820
-5.488258
-5.277436
-5.031153
-4.745323
-4.416415
-4.042105
-3.622186
-3.159730
-2.662401
-2.143700
-1.623679
-1.131805
-0.708631
-0.380305
-0.144272
0.009240
0.095712
0.133688
0.141479
0.134203
0.122213
0.111314
0.104375
0.103195
0.105352
0.106255
0.098522
0.070624
0.006921
-0.110551
-0.299118
-0.572394
-0.937956
-1.389533
-1.890905
-2.406765
-2.913383
-3.393236
-3.835097
-4.233123
-4.585581
-4.893582
-5.160003
-5.388664
-5.583751
-5.749443
-5.820167
-5.928349
-5.773947
-5.591927
-5.378165
-5.128373
-4.838370
-4.504519
-4.124391
-3.697691
-3.227434
-2.721290
-2.192869
-1.662482
-1.160118
-0.727239
-0.390776
-0.148423
0.009515
0.098640
0.137799
0.145741
0.138053
0.125481
0.114092
0.106899
0.105771
0.108169
0.109303
0.101489
0.072795
0.007132
-0.113851
-0.307724
-0.588155
-0.962587
-1.424293
-1.936095
-2.461969
-2.977823
-3.465944
-3.915041
-4.319298
-4.677059
-4.989536
-5.259714
-5.491516
-5.689224
-5.857098
-5.928349
-6.036843
-5.880396
-5.695926
-5.479235
-5.225947
-4.931781
-4.592997
-4.207061
-3.773586
-3.295527
-2.780559
-2.242398
-1.701608
-1.188702
-0.746054
-0.401381
-0.152634
0.009796
0.101625
0.142003
0.150112
0.142014
0.128855
0.116968
0.109516
0.108437
0.111078
0.112439
0.104533
0.075016
0.007348
-0.117208
-0.316456
-0.604116
-0.987490
-1.459387
-1.981660
-2.517575
-3.042679
-3.539069
-3.995397
-4.405874
-4.768926
-5.085866
-5.359786
-5.594717
-5.795033
-5.965080
-6.036843
-6.145643
-5.987158
-5.800249
-5.580640
-5.323866
-5.025549
-4.681842
-4.290108
-3.849864
-3.364003
-2.840203
-2.292282
-1.741055
-1.217556
-0.765073
-0.412119
-0.156907
0.010081
0.104668
0.146300
0.154594
0.146088
0.132336
0.119944
0.112226
0.111196
0.114079
0.115665
0.107654
0.077286
0.007568
-0.120620
-0.325315
-0.620278
-1.012664
-1.494810
-2.027599
-2.573581
-3.107945
-3.612605
-4.076158
-4.492846
-4.861175
-5.182563
-5.460213
-5.698258
-5.901172
-6.073380
-6.145643
-6.254741
-6.094228
-5.904889
-5.682371
-5.422123
-5.119666
-4.771049
-4.373525
-3.926518
-3.432857
-2.900217
-2.342517
-1.780818
-1.246676
-0.784296
-0.422990
-0.161241
0.010371
0.107769
0.150690
0.159189
0.150278
0.135927
0.123022
0.115032
0.114049
0.117175
0.118982
0.110854
0.079605
0.007792
-0.124088
-0.334300
-0.636639
-1.038107
-1.530561
-2.073907
-2.629980
-3.173617
-3.686548
-4.157318
-4.580206
-4.953798
-5.279621
-5.560986
-5.802134
-6.007632
-6.181992
-6.254741
-6.364131
-6.201598
-6.009839
-5.784423
-5.520711
-5.214127
-4.860610
-4.457307
-4.003544
-3.502084
-2.960597
-2.393099
-1.820896
-1.276061
-0.803720
-0.433992
-0.165635
0.010665
0.110927
0.155176
0.163896
0.154585
0.139631
0.126204
0.117937
0.116999
0.120367
0.122392
0.114132
0.081975
0.008021
-0.127612
-0.343410
-0.653198
-1.063818
-1.566638
-2.120581
-2.686770
-3.239689
-3.760890
-4.238872
-4.667947
-5.046790
-5.377033
-5.662100
-5.906337
-6.114408
-6.290908
-6.364131
-6.473805
-6.309262
-6.115091
-5.886788
-5.619625
-5.308924
-4.950520
-4.541448
-4.080935
-3.571678
-3.021338
-2.444025
-1.861285
-1.305709
-0.823346
-0.445126
-0.170090
0.010965
0.114144
0.159757
0.168719
0.159012
0.143448
0.129492
0.120942
0.120047
0.123658
0.125897
0.117491
0.084395
0.008253
-0.131192
-0.352647
-0.669956
-1.089795
-1.603037
-2.167617
-2.743945
-3.306155
-3.835627
-4.320812
-4.756063
-5.140144
-5.474792
-5.763546
-6.010860
-6.221492
-6.400122
-6.473805
-6.583757
-6.417211
-6.220640
-5.989461
-5.718857
-5.404052
-5.040771
-4.625940
-4.158686
-3.641633
-3.082435
-2.495290
-1.901983
-1.335618
-0.843172
-0.456391
-0.174605
0.011269
0.117419
0.164434
0.173659
0.163560
0.147382
0.132889
0.124049
0.123196
0.127049
0.129498
0.120930
0.086866
0.008490
-0.134829
-0.362008
-0.686911
-1.116037
-1.639756
-2.215012
-2.801501
-3.373012
-3.910753
-4.403133
-4.844549
-5.233852
-5.572892
-5.865320
-6.115696
-6.328877
-6.509627
-6.583757
-6.693981
-6.525441
-6.326478
-6.092433
-5.818400
-5.499504
-5.131358
-4.710779
-4.236791
-3.711946
-3.143884
-2.546891
-1.942985
-1.365785
-0.863196
-0.467787
-0.179181
0.011577
0.120753
0.169209
0.178716
0.168231
0.151435
0.136397
0.127261
0.126448
0.130543
0.133196
0.124452
0.089388
0.008731
-0.138522
-0.371496
-0.704062
-1.142542
-1.676794
-2.262763
-2.859435
-3.440254
-3.986262
-4.485828
-4.933397
-5.327909
-5.671326
-5.967413
-6.220839
-6.436557
-6.619415
-6.693981
-6.804470
-6.633945
-6.432600
-6.195700
-5.918250
-5.595273
-5.222275
-4.795958
-4.315244
-3.782611
-3.205681
-2.598825
-1.984290
-1.396210
-0.883419
-0.479313
-0.183818
0.011891
0.124145
0.174081
0.183893
0.173027
0.155609
0.140018
0.130580
0.129805
0.134141
0.136994
0.128057
0.091962
0.008977
-0.142271
-0.381108
-0.721410
-1.169308
-1.714146
-2.310866
-2.917741
-3.507877
-4.062149
-4.568893
-5.022601
-5.422308
-5.770087
-6.069819
-6.326282
-6.544525
-6.729481
-6.804470
-6.915218
-6.742716
-6.538999
-6.299255
-6.018399
-5.691354
-5.313515
-4.881472
-4.394041
-3.853623
-3.267821
-2.651086
-2.025895
-1.426890
-0.903838
-0.490968
-0.188514
0.012209
0.127598
0.179051
0.189190
0.177951
0.159906
0.143754
0.134008
0.133269
0.137845
0.140892
0.131746
0.094588
0.009226
-0.146077
-0.390846
-0.738952
-1.196335
-1.751812
-2.359319
-2.976416
-3.575874
-4.138408
-4.652322
-5.112157
-5.517043
-5.869170
-6.172533
-6.432019
-6.652775
-6.839819
-6.915218
-7.026219
-6.851748
-6.645669
-6.403091
-6.118841
-5.787741
-5.405074
-4.967316
-4.473176
-3.924977
-3.330300
-2.703673
-2.067797
-1.457823
-0.924452
-0.502753
-0.193271
0.012532
0.131109
0.184121
0.194609
0.183003
0.164329
0.147609
0.137548
0.136842
0.141658
0.144892
0.135519
0.097266
0.009480
-0.149940
-0.400708
-0.756689
-1.223621
-1.789789
-2.408117
-3.035457
-3.644243
-4.215035
-4.736109
-5.202057
-5.612109
-5.968568
-6.275548
-6.538044
-6.761301
-6.950421
-7.026219
-7.137467
-6.961036
-6.752604
-6.507203
-6.219571
-5.884427
-5.496945
-5.053483
-4.552644
-3.996668
-3.393114
-2.756582
-2.109994
-1.489007
-0.945261
-0.514666
-0.198088
0.012859
0.134680
0.189291
0.200151
0.188186
0.168879
0.151584
0.141202
0.140528
0.145580
0.148996
0.139379
0.099997
0.009738
-0.153859
-0.410696
-0.774620
-1.251164
-1.828075
-2.457258
-3.094858
-3.712979
-4.292025
-4.820248
-5.292296
-5.707499
-6.068276
-6.378858
-6.644350
-6.870097
-7.061283
-7.137467
-7.248956
-7.070574
-6.859799
-6.611586
-6.320583
-5.981408
-5.589123
-5.139969
-4.632440
-4.068693
-3.456259
-2.809809
-2.152482
-1.520441
-0.966264
-0.526708
-0.202966
0.013191
0.138311
0.194562
0.205818
0.193502
0.173560
0.155682
0.144972
0.144327
0.149615
0.153205
0.143325
0.102781
0.010001
-0.157834
-0.420808
-0.792745
-1.278964
-1.866667
-2.506740
-3.154616
-3.782076
-4.369372
-4.904734
-5.382869
-5.803208
-6.168287
-6.482457
-6.750933
-6.979156
-7.172398
-7.248956
-7.360680
-7.180356
-6.967247
-6.716233
-6.421871
-6.078678
-5.681602
-5.226769
-4.712559
-4.141046
-3.519730
-2.863351
-2.195260
-1.552123
-0.987460
-0.538878
-0.207903
0.013528
0.142003
0.199933
0.211610
0.198953
0.178373
0.159905
0.148861
0.148242
0.153764
0.157520
0.147359
0.105619
0.010268
-0.161867
-0.431044
-0.811062
-1.307019
-1.905564
-2.556558
-3.214728
-3.851531
-4.447072
-4.989562
-5.473771
-5.899229
-6.268595
-6.586339
-6.857785
-7.088474
-7.283761
-7.360680
-7.472635
-7.290376
-7.074943
-6.821138
-6.523430
-6.176231
-5.774377
-5.313876
-4.792996
-4.213723
-3.583525
-2.917204
-2.238324
-1.584052
-1.008847
-0.551176
-0.212900
0.013870
0.145754
0.205407
0.217530
0.204541
0.183320
0.164256
0.152871
0.152275
0.158029
0.161944
0.151481
0.108511
0.010539
-0.165956
-0.441405
-0.829571
-1.335327
-1.944762
-2.606709
-3.275190
-3.921339
-4.525120
-5.074728
-5.564995
-5.995558
-6.369196
-6.690499
-6.964902
-7.198044
-7.395365
-7.472635
-7.584814
-7.400629
-7.182882
-6.926297
-6.625254
-6.274062
-5.867444
-5.401287
-4.873746
-4.286719
-3.647638
-2.971365
-2.281673
-1.616224
-1.030424
-0.563601
-0.217958
0.014217
0.149567
0.210984
0.223579
0.210267
0.188405
0.168736
0.157004
0.156429
0.162412
0.166478
0.155693
0.111456
0.010815
-0.170102
-0.451891
-0.848272
-1.363887
-1.984261
-2.657192
-3.335998
-3.991496
-4.603511
-5.160224
-5.656536
-6.092189
-6.470084
-6.794930
-7.072277
-7.307861
-7.507206
-7.584814
-7.697212
-7.511109
-7.291058
-7.031704
-6.727338
-6.372166
-5.960796
-5.488995
-4.954806
-4.360031
-3.712066
-3.025832
-2.325303
-1.648640
-1.052192
-0.576153
-0.223075
0.014568
0.153440
0.216664
0.229757
0.216133
0.193628
0.173350
0.161263
0.160706
0.166915
0.171122
0.159995
0.114457
0.011095
-0.174305
-0.462500
-0.867163
-1.392699
-2.024058
-2.708003
-3.397149
-4.061998
-4.682240
-5.246048
-5.748389
-6.189117
-6.571253
-6.899629
-7.179906
-7.417919
-7.619278
-7.697212
-7.809823
-7.621812
-7.399466
-7.137354
-6.829677
-6.470537
-6.054428
-5.576997
-5.036169
-4.433653
-3.776806
-3.080601
-2.369213
-1.681297
-1.074148
-0.588831
-0.228252
0.014924
0.157374
0.222448
0.236066
0.222141
0.198993
0.178098
0.165651
0.165107
0.171540
0.175879
0.164389
0.117513
0.011379
-0.178566
-0.473233
-0.886245
-1.421761
-2.064152
-2.759139
-3.458639
-4.132841
-4.761304
-5.332194
-5.840550
-6.286336
-6.672697
-7.004589
-7.287783
-7.528214
-7.731575
-7.809823
-7.922644
-7.732732
-7.508101
-7.243242
-6.932266
-6.569171
-6.148336
-5.665288
-5.117831
-4.507583
-3.841854
-3.135669
-2.413399
-1.714193
-1.096292
-0.601636
-0.233488
0.015285
0.161370
0.228337
0.242507
0.228294
0.204502
0.182983
0.170169
0.169637
0.176289
0.180751
0.168874
0.120623
0.011668
-0.182883
-0.484091
-0.905517
-1.451071
-2.104539
-2.810598
-3.520464
-4.204020
-4.840696
-5.418657
-5.933013
-6.383841
-6.774413
-7.109805
-7.395902
-7.638739
-7.844093
-7.922644
-8.035669
-7.843865
-7.616957
-7.349363
-7.035099
-6.668062
-6.242516
-5.753862
-5.199789
-4.581815
-3.907205
-3.191032
-2.457860
-1.747327
-1.118623
-0.614566
-0.238785
0.015650
0.165426
0.234331
0.249082
0.234592
0.210157
0.188009
0.174821
0.174296
0.181163
0.185737
0.173453
0.123790
0.011962
-0.187257
-0.495072
-0.924978
-1.480629
-2.145218
-2.862377
-3.582622
-4.275533
-4.920414
-5.505432
-6.025773
-6.481628
-6.876394
-7.215271
-7.504259
-7.749490
-7.956826
-8.035669
-8.148892
-7.955205
-7.726031
-7.455711
-7.138172
-6.767206
-6.336961
-5.842716
-5.282038
-4.656346
-3.972858
-3.246689
-2.502594
-1.780698
-1.141140
-0.627621
-0.244141
0.016021
0.169545
0.240431
0.255791
0.241038
0.215960
0.193177
0.179608
0.179086
0.186166
0.190841
0.178125
0.127012
0.012259
-0.191689
-0.506177
-0.944628
-1.510433
-2.186188
-2.914473
-3.645108
-4.347374
-5.000453
-5.592515
-6.118826
-6.579691
-6.978635
-7.320984
-7.612849
-7.860461
-8.069769
-8.148892
-8.262310
-8.066747
-7.835317
-7.562282
-7.241480
-6.866598
-6.431668
-5.931844
-5.364572
-4.731171
-4.038807
-3.302635
-2.547597
-1.814303
-1.163842
-0.640802
-0.249557
0.016396
0.173726
0.246638
0.262637
0.247633
0.221914
0.198489
0.184533
0.184011
0.191298
0.196062
0.182892
0.130291
0.012562
-0.196178
-0.517405
-0.964466
-1.540482
-2.227445
-2.966883
-3.707920
-4.419540
-5.080808
-5.679901
-6.212166
-6.678025
-7.081132
-7.426938
-7.721666
-7.971649
-8.182918
-8.262310
-8.375917
-8.178488
-7.944811
-7.669072
-7.345018
-6.966233
-6.526631
-6.021243
-5.447390
-4.806288
-4.105049
-3.358868
-2.592869
-1.848142
-1.186729
-0.654107
-0.255032
0.016776
0.177968
0.252952
0.269619
0.254379
0.228020
0.203949
0.189599
0.189073
0.196562
0.201404
0.187754
0.133627
0.012868
-0.200724
-0.528757
-0.984492
-1.570775
-2.268990
-3.019605
-3.771054
-4.492027
-5.161476
-5.767586
-6.305789
-6.776626
-7.183881
-7.533128
-7.830707
-8.083047
-8.296267
-8.375917
-8.489709
-8.290421
-8.054507
-7.776075
-7.448782
-7.066107
-6.621847
-6.110907
-5.530485
-4.881691
-4.171582
-3.415386
-2.638405
-1.882212
-1.209799
-0.667537
-0.260567
0.017161
0.182274
0.259374
0.276740
0.261279
0.234281
0.209558
0.194808
0.194273
0.201959
0.206866
0.192713
0.137019
0.013180
-0.205328
-0.540233
-1.004704
-1.601311
-2.310818
-3.072636
-3.834507
-4.564831
-5.242452
-5.855566
-6.399691
-6.875489
-7.286875
-7.639549
-7.939965
-8.194652
-8.409813
-8.489709
-8.603682
-8.402544
-8.164401
-7.883287
-7.552766
-7.166215
-6.717311
-6.200833
-5.613854
-4.957377
-4.238401
-3.472185
-2.684206
-1.916513
-1.233051
-0.681090
-0.266161
0.017550
0.186641
0.265904
0.284000
0.268333
0.240699
0.215320
0.200163
0.199615
0.207492
0.212451
0.197768
0.140469
0.013496
-0.209989
-0.551831
-1.025104
-1.632088
-2.352930
-3.125974
-3.898276
-4.637950
-5.323731
-5.943835
-6.493866
-6.974610
-7.390110
-7.746197
-8.049437
-8.306459
-8.523550
-8.603682
-8.717830
-8.514850
-8.274489
-7.990703
-7.656968
-7.266553
-6.813018
-6.291016
-5.697493
-5.033343
-4.305504
-3.529262
-2.730267
-1.951042
-1.256486
-0.694767
-0.271815
0.017945
0.191072
0.272544
0.291401
0.275543
0.247277
0.221236
0.205665
0.205099
0.213162
0.218160
0.202922
0.143977
0.013816
-0.214708
-0.563553
-1.045689
-1.663107
-2.395322
-3.179617
-3.962358
-4.711378
-5.405311
-6.032390
-6.588311
-7.073983
-7.493583
-7.853067
-8.159117
-8.418462
-8.637474
-8.717830
-8.832151
-8.627337
-8.384767
-8.098320
-7.761382
-7.367116
-6.908965
-6.381453
-5.781397
-5.109585
-4.372887
-3.586615
-2.776588
-1.985799
-1.280101
-0.708568
-0.277528
0.018344
0.195565
0.279293
0.298943
0.282912
0.254016
0.227309
0.211318
0.210730
0.218971
0.223994
0.208174
0.147542
0.014141
-0.219484
-0.575398
-1.066460
-1.694364
-2.437993
-3.233561
-4.026749
-4.785113
-5.487187
-6.121227
-6.683022
-7.173605
-7.597288
-7.960155
-8.269002
-8.530659
-8.751580
-8.832151
-8.946638
-8.739999
-8.495230
-8.206133
-7.866003
-7.467900
-7.005146
-6.472138
-5.865564
-5.186099
-4.440547
-3.644242
-2.823165
-2.020782
-1.303897
-0.722491
-0.283300
0.018748
0.200121
0.286153
0.306628
0.290440
0.260919
0.233542
0.217123
0.216508
0.224922
0.229955
0.213526
0.151166
0.014470
-0.224319
-0.587366
-1.087416
-1.725861
-2.480942
-3.287804
-4.091447
-4.859151
-5.569355
-6.210341
-6.777993
-7.273470
-7.701221
-8.067456
-8.379087
-8.643044
-8.865865
-8.946638
-9.061289
-8.852833
-8.605874
-8.314138
-7.970829
-7.568901
-7.101559
-6.563068
-5.949989
-5.262881
-4.508480
-3.702138
-2.869997
-2.055989
-1.327872
-0.736537
-0.289132
0.019157
0.204741
0.293123
0.314457
0.298130
0.267987
0.239937
0.223084
0.222436
0.231015
0.236043
0.218978
0.154848
0.014804
-0.229211
-0.599456
-1.108557
-1.757594
-2.524166
-3.342344
-4.156449
-4.933489
-5.651812
-6.299729
-6.873220
-7.373576
-7.805378
-8.174966
-8.489368
-8.755613
-8.980324
-9.061289
-9.176100
-8.965834
-8.716694
-8.422330
-8.075854
-7.670115
-7.198198
-6.654240
-6.034668
-5.339928
-4.576684
-3.760303
-2.917083
-2.091419
-1.352025
-0.750706
-0.295023
0.019571
0.209425
0.300205
0.322431
0.305983
0.275223
0.246495
0.229203
0.228516
0.237253
0.242261
0.224530
0.158590
0.015143
-0.234160
-0.611670
-1.129881
-1.789564
-2.567664
-3.397178
-4.221751
-5.008122
-5.734553
-6.389385
-6.968700
-7.473917
-7.909754
-8.282680
-8.599840
-8.868361
-9.094952
-9.176100
-9.291065
-9.078998
-8.827688
-8.530705
-8.181074
-7.771538
-7.295060
-6.745649
-6.119598
-5.417237
-4.645156
-3.818732
-2.964418
-2.127071
-1.376356
-0.764996
-0.300973
0.019989
0.214172
0.307399
0.330551
0.314000
0.282630
0.253221
0.235481
0.234751
0.243638
0.248608
0.230185
0.162390
0.015486
-0.239168
-0.624006
-1.151390
-1.821769
-2.611434
-3.452305
-4.287350
-5.083048
-5.817575
-6.479307
-7.064429
-7.574489
-8.014345
-8.390596
-8.710500
-8.981286
-9.209746
-9.291065
-9.406182
-9.192322
-8.938850
-8.639260
-8.286486
-7.873165
-7.392141
-6.837291
-6.204775
-5.494804
-4.713891
-3.877424
-3.012003
-2.162943
-1.400864
-0.779408
-0.306982
0.020412
0.218983
0.314706
0.338818
0.322184
0.290208
0.260115
0.241923
0.241143
0.250171
0.255088
0.235942
0.166250
0.015834
-0.244233
-0.636464
-1.173081
-1.854208
-2.655475
-3.507721
-4.353244
-5.158264
-5.900874
-6.569491
-7.160401
-7.675289
-8.119148
-8.498707
-8.821343
-9.094382
-9.324702
-9.406182
-9.521446
-9.305802
-9.050177
-8.747990
-8.392085
-7.974993
-7.489437
-6.929162
-6.290196
-5.572626
-4.782888
-3.936375
-3.059834
-2.199033
-1.425548
-0.793941
-0.313050
0.020841
0.223858
0.322125
0.347233
0.330536
0.297961
0.267181
0.248529
0.247693
0.256854
0.261701
0.241802
0.170169
0.016187
-0.249357
-0.649045
-1.194955
-1.886881
-2.699784
-3.563424
-4.419430
-5.233765
-5.984447
-6.659932
-7.256614
-7.776312
-8.224157
-8.607011
-8.932365
-9.207646
-9.439816
-9.521446
-9.636854
-9.419433
-9.161665
-8.856893
-8.497868
-8.077018
-7.586944
-7.021259
-6.375855
-5.650699
-4.852144
-3.995584
-3.107910
-2.235342
-1.450408
-0.808596
-0.319177
0.021274
0.228797
0.329659
0.355798
0.339057
0.305890
0.274421
0.255302
0.254405
0.263689
0.268447
0.247766
0.174149
0.016544
-0.254538
-0.661748
-1.217011
-1.919785
-2.744360
-3.619413
-4.485905
-5.309549
-6.068290
-6.750627
-7.353064
-7.877553
-8.329370
-8.715503
-9.043562
-9.321074
-9.555084
-9.636854
-9.752402
-9.533212
-9.273310
-8.965963
-8.603831
-8.179236
-7.684659
-7.113578
-6.461751
-5.729020
-4.921655
-4.055048
-3.156229
-2.271866
-1.475442
-0.823370
-0.325363
0.021712
0.233801
0.337306
0.364513
0.347750
0.313997
0.281836
0.262245
0.261279
0.270677
0.275330
0.253835
0.178189
0.016906
-0.259778
-0.674574
-1.239249
-1.952920
-2.789202
-3.675684
-4.552666
-5.385612
-6.152399
-6.841572
-7.449746
-7.979011
-8.434781
-8.824180
-9.154931
-9.434662
-9.670501
-9.752402
-9.868086
-9.647136
-9.385109
-9.075197
-8.709970
-8.281643
-7.782577
-7.206116
-6.547880
-5.807586
-4.991418
-4.114765
-3.204789
-2.308605
-1.500649
-0.838266
-0.331608
0.022154
0.238869
0.345069
0.373379
0.356615
0.322284
0.289430
0.269361
0.268319
0.277821
0.282348
0.260009
0.182290
0.017272
-0.265076
-0.687521
-1.261667
-1.986286
-2.834307
-3.732236
-4.619711
-5.461952
-6.236771
-6.932764
-7.546656
-8.080680
-8.540388
-8.933037
-9.266468
-9.548406
-9.786065
-9.868086
-9.983903
-9.761200
-9.497057
-9.184591
-8.816282
-8.384237
-7.880695
-7.298869
-6.634238
-5.886393
-5.061430
-4.174731
-3.253587
-2.345557
-1.526030
-0.853281
-0.337911
0.022602
0.244002
0.352946
0.382397
0.365654
0.330754
0.297205
0.276650
0.275527
0.285123
0.289505
0.266289
0.186451
0.017643
-0.270432
-0.700590
-1.284267
-2.019880
-2.879674
-3.789065
-4.687035
-5.538565
-6.321402
-7.024198
-7.643792
-8.182556
-8.646187
-9.042071
-9.378168
-9.662302
-9.901772
-9.983903
-10.099849
-9.875401
-9.609152
-9.294143
-8.922762
-8.487012
-7.979009
-7.391832
-6.720822
-5.965439
-5.131689
-4.234944
-3.302623
-2.382722
-1.551583
-0.868416
-0.344274
0.023055
0.249201
0.360940
0.391569
0.374869
0.339408
0.305163
0.284117
0.282904
0.292583
0.296801
0.272676
0.190674
0.018019
-0.275846
-0.713781
-1.307046
-2.053703
-2.925301
-3.846171
-4.754638
-5.615447
-6.406289
-7.115871
-7.741149
-8.284636
-8.752173
-9.151279
-9.490028
-9.776348
-10.017618
-10.099849
-10.215921
-9.989736
-9.721390
-9.403848
-9.029407
-8.589965
-8.077517
-7.485004
-6.807628
-6.044720
-5.202192
-4.295403
-3.351893
-2.420097
-1.577308
-0.883670
-0.350695
0.023512
0.254464
0.369049
0.400894
0.384261
0.348248
0.313306
0.291762
0.290453
0.300203
0.304237
0.279170
0.194958
0.018400
-0.281318
-0.727094
-1.330005
-2.087752
-2.971187
-3.903551
-4.822516
-5.692596
-6.491429
-7.207780
-7.838724
-8.386917
-8.858343
-9.260655
-9.602045
-9.890538
-10.133600
-10.215921
-10.332115
-10.104201
-9.833767
-9.513702
-9.136214
-8.693094
-8.176214
-7.578380
-6.894654
-6.124233
-5.272936
-4.356104
-3.401397
-2.457682
-1.603203
-0.899043
-0.357174
0.023974
0.259792
0.377276
0.410375
0.393831
0.357277
0.321636
0.299589
0.298176
0.307986
0.311814
0.285772
0.199304
0.018785
-0.286849
-0.740529
-1.353143
-2.122027
-3.017331
-3.961202
-4.890666
-5.770009
-6.576819
-7.299920
-7.936513
-8.489394
-8.964694
-9.370198
-9.714215
-10.004871
-10.249713
-10.332115
-10.448428
-10.218793
-9.946280
-9.623703
-9.243180
-8.796394
-8.275096
-7.671957
-6.981895
-6.203975
-5.343919
-4.417045
-3.451132
-2.495475
-1.629268
-0.914535
-0.363713
0.024441
0.265186
0.385620
0.420012
0.403582
0.366495
0.330156
0.307599
0.306075
0.315933
0.319534
0.292483
0.203711
0.019175
-0.292438
-0.754085
-1.376460
-2.156527
-3.063729
-4.019122
-4.959085
-5.847683
-6.662454
-7.392290
-8.034512
-8.592064
-9.071221
-9.479902
-9.826534
-10.119342
-10.365955
-10.448428
-10.564857
-10.333509
-10.058926
-9.733847
-9.350300
-8.899862
-8.374161
-7.765732
-7.069349
-6.283943
-5.415136
-4.478224
-3.501096
-2.533474
-1.655502
-0.930146
-0.370310
0.024913
0.270646
0.394081
0.429806
0.413514
0.375905
0.338868
0.315796
0.314151
0.324045
0.327398
0.299303
0.208181
0.019570
-0.298085
-0.767762
-1.399955
-2.191251
-3.110382
-4.077310
-5.027772
-5.925614
-6.748332
-7.484884
-8.132718
-8.694924
-9.177922
-9.589766
-9.938999
-10.233947
-10.482323
-10.564857
-10.681398
-10.448344
-10.171701
-9.844130
-9.457571
-9.003495
-8.473405
-7.859701
-7.157012
-6.364135
-5.486586
-4.539638
-3.551288
-2.571680
-1.681904
-0.945874
-0.376965
0.025390
0.276171
0.402661
0.439758
0.423629
0.385510
0.347774
0.324180
0.322408
0.332324
0.335407
0.306233
0.212714
0.019969
-0.303791
-0.781560
-1.423628
-2.226198
-3.157287
-4.135762
-5.096723
-6.003800
-6.834449
-7.577700
-8.231128
-8.797969
-9.284793
-9.699785
-10.051607
-10.348684
-10.598813
-10.681398
-10.798049
-10.563297
-10.284602
-9.954550
-9.564991
-9.107289
-8.572825
-7.953861
-7.244882
-6.444546
-5.558266
-4.601286
-3.601706
-2.610089
-1.708475
-0.961720
-0.383678
0.025872
0.281762
0.411359
0.449869
0.433928
0.395309
0.356876
0.332755
0.330846
0.340772
0.343561
0.313274
0.217309
0.020374
-0.309555
-0.795479
-1.447477
-2.261367
-3.204443
-4.194477
-5.165936
-6.082237
-6.920802
-7.670735
-8.329737
-8.901198
-9.391829
-9.809956
-10.164354
-10.463550
-10.715421
-10.798049
-10.914806
-10.678364
-10.397625
-10.065103
-9.672556
-9.211241
-8.672418
-8.048209
-7.332954
-6.525174
-5.630174
-4.663164
-3.652347
-2.648701
-1.735212
-0.977683
-0.390450
0.026359
0.287419
0.420176
0.460139
0.444413
0.405307
0.366177
0.341522
0.339468
0.349390
0.351862
0.320426
0.221967
0.020783
-0.315378
-0.809519
-1.471504
-2.296756
-3.251847
-4.253453
-5.235408
-6.160923
-7.007389
-7.763984
-8.428544
-9.004605
-9.499029
-9.920275
-10.277237
-10.578540
-10.832145
-10.914806
-11.031666
-10.793541
-10.510769
-10.175786
-9.780262
-9.315348
-8.772180
-8.142741
-7.421227
-6.606016
-5.702306
-4.725271
-3.703211
-2.687515
-1.762115
-0.993763
-0.397280
0.026850
0.293142
0.429113
0.470570
0.455085
0.415503
0.375678
0.350484
0.348276
0.358180
0.360312
0.327690
0.226688
0.021196
-0.321259
-0.823680
-1.495706
-2.332366
-3.299500
-4.312688
-5.305136
-6.239855
-7.094205
-7.857446
-8.527544
-9.108188
-9.606389
-10.030740
-10.390253
-10.693652
-10.948981
-11.031666
-11.148627
-10.908827
-10.624029
-10.286596
-9.888107
-9.419607
-8.872108
-8.237455
-7.509697
-6.687069
-5.774660
-4.787605
-3.754294
-2.726529
-1.789183
-1.009960
-0.404169
0.027347
0.298932
0.438170
0.481163
0.465945
0.425901
0.385382
0.359642
0.357272
0.367143
0.368910
0.335066
0.231472
0.021615
-0.327199
-0.837962
-1.520084
-2.368194
-3.347398
-4.372179
-5.375119
-6.319029
-7.181248
-7.951116
-8.626734
-9.211943
-9.713905
-10.141346
-10.503398
-10.808883
-11.065926
-11.148627
-11.265684
-11.024216
-10.737402
-10.397529
-9.996087
-9.524014
-8.972198
-8.332348
-7.598360
-6.768330
-5.847233
-4.850162
-3.805596
-2.765742
-1.816416
-1.026274
-0.411115
0.027848
0.304788
0.447348
0.491917
0.476995
0.436502
0.395290
0.369000
0.366458
0.376281
0.377659
0.342555
0.236321
0.022038
-0.333197
-0.852363
-1.544637
-2.404240
-3.395541
-4.431925
-5.445353
-6.398444
-7.268515
-8.044991
-8.726110
-9.315868
-9.821574
-10.252092
-10.616670
-10.924229
-11.182978
-11.265684
-11.382835
-11.139708
-10.850886
-10.508583
-10.104199
-9.628566
-9.072449
-8.427415
-7.687215
-6.849797
-5.920023
-4.912941
-3.857115
-2.805153
-1.843813
-1.042703
-0.418119
0.028354
0.310710
0.456646
0.502835
0.488236
0.447307
0.405405
0.378559
0.375835
0.385596
0.386559
0.350158
0.241233
0.022467
-0.339254
-0.866885
-1.569365
-2.440503
-3.443926
-4.491922
-5.515836
-6.478095
-7.356002
-8.139068
-8.825671
-9.419959
-9.929393
-10.362973
-10.730064
-11.039687
-11.300133
-11.382835
-11.500078
-11.255298
-10.964477
-10.619755
-10.212441
-9.733261
-9.172856
-8.522655
-7.776257
-6.931467
-5.993027
-4.975939
-3.908848
-2.844761
-1.871373
-1.059248
-0.425181
0.028865
0.316699
0.466065
0.513917
0.499669
0.458318
0.415728
0.388321
0.385406
0.395088
0.395611
0.357875
0.246209
0.022900
-0.345369
-0.881527
-1.594266
-2.476982
-3.492553
-4.552170
-5.586565
-6.557981
-7.443707
-8.233345
-8.925411
-9.524212
-10.037359
-10.473987
-10.843579
-11.155255
-11.417387
-11.500078
-11.617410
-11.370984
-11.078173
-10.731041
-10.320808
-9.838095
-9.273418
-8.618064
-7.865485
-7.013336
-6.066242
-5.039155
-3.960795
-2.884563
-1.899095
-1.075908
-0.432301
0.029381
0.322755
0.475606
0.525164
0.511296
0.469538
0.426263
0.398288
0.395172
0.404760
0.404817
0.365707
0.251249
0.023338
-0.351543
-0.896289
-1.619341
-2.513675
-3.541419
-4.612666
-5.657538
-6.638099
-7.531627
-8.327817
-9.025329
-9.628625
-10.145468
-10.585130
-10.957211
-11.270929
-11.534740
-11.617410
-11.734826
-11.486764
-11.191971
-10.842439
-10.429299
-9.943065
-9.374129
-8.713639
-7.954895
-7.095403
-6.139667
-5.102585
-4.012952
-2.924560
-1.926979
-1.092683
-0.439479
0.029902
0.328878
0.485270
0.536577
0.523117
0.480967
0.437010
0.408462
0.405135
0.414612
0.414176
0.373654
0.256354
0.023780
-0.357775
-0.911171
-1.644589
-2.550583
-3.590523
-4.673408
-5.728752
-6.718445
-7.619758
-8.422482
-9.125421
-9.733195
-10.253718
-10.696399
-11.070957
-11.386707
-11.652186
-11.734826
-11.852326
-11.602633
-11.305867
-10.953946
-10.537911
-10.048169
-9.474989
-8.809378
-8.044483
-7.177663
-6.213298
-5.166228
-4.065320
-2.964749
-1.955023
-1.109573
-0.446715
0.030428
0.335067
0.495055
0.548155
0.535135
0.492608
0.447972
0.418846
0.415297
0.424647
0.423691
0.381717
0.261523
0.024228
-0.364066
-0.926172
-1.670009
-2.587702
-3.639864
-4.734393
-5.800206
-6.799017
-7.708098
-8.517337
-9.225684
-9.837918
-10.362106
-10.807792
-11.184814
-11.502585
-11.769724
-11.852326
-11.969906
-11.718590
-11.419860
-11.065559
-10.646639
-10.153403
-9.575994
-8.905277
-8.134248
-7.260115
-6.287133
-5.230082
-4.117894
-3.005130
-1.983227
-1.126576
-0.454007
0.030959
0.341324
0.504964
0.559901
0.547350
0.504462
0.459150
0.429441
0.425660
0.434865
0.433362
0.389897
0.266757
0.024680
-0.370415
-0.941292
-1.695602
-2.625034
-3.689440
-4.795621
-5.871895
-6.879812
-7.796643
-8.612378
-9.326115
-9.942791
-10.470627
-10.919305
-11.298779
-11.618561
-11.887351
-11.969906
-12.087564
-11.834632
-11.533946
-11.177275
-10.755483
-10.258764
-9.677140
-9.001333
-8.224187
-7.342757
-6.361169
-5.294145
-4.170675
-3.045700
-2.011591
-1.143694
-0.461358
0.031494
0.347648
0.514995
0.571815
0.559763
0.516530
0.470547
0.440249
0.436225
0.445268
0.443190
0.398193
0.272057
0.025138
-0.376823
-0.956532
-1.721365
-2.662576
-3.739249
-4.857088
-5.943819
-6.960828
-7.885392
-8.707603
-9.426710
-10.047812
-10.579281
-11.030936
-11.412849
-11.734632
-12.005064
-12.087564
-12.205296
-11.950756
-11.648122
-11.289091
-10.864438
-10.364251
-9.778425
-9.097544
-8.314296
-7.425584
-6.435404
-5.358413
-4.223659
-3.086460
-2.040112
-1.160925
-0.468766
0.032035
0.354039
0.525151
0.583897
0.572376
0.528814
0.482164
0.451272
0.446995
0.455858
0.453177
0.406607
0.277422
0.025600
-0.383290
-0.971890
-1.747299
-2.700328
-3.789290
-4.918793
-6.015974
-7.042061
-7.974340
-8.803009
-9.527468
-10.152977
-10.688063
-11.142682
-11.527022
-11.850795
-12.122860
-12.205296
-12.323100
-12.066959
-11.762386
-11.401005
-10.973502
-10.469859
-9.879847
-9.193907
-8.404574
-7.508594
-6.509836
-5.422886
-4.276846
-3.127407
-2.068791
-1.178269
-0.476231
0.032580
0.360498
0.535430
0.596149
0.585190
0.541317
0.494003
0.462513
0.457971
0.466636
0.463322
0.415139
0.282852
0.026067
-0.389815
-0.987368
-1.773404
-2.738288
-3.839561
-4.980733
-6.088359
-7.123510
-8.063485
-8.898593
-9.628384
-10.258283
-10.796970
-11.254539
-11.641295
-11.967047
-12.240737
-12.323100
-12.440974
-12.183239
-11.876736
-11.513014
-11.082672
-10.575586
-9.981402
-9.290419
-8.495016
-7.591786
-6.584462
-5.487560
-4.330234
-3.168540
-2.097627
-1.195726
-0.483753
0.033130
0.367023
0.545833
0.608571
0.598205
0.554038
0.506067
0.473972
0.469154
0.477602
0.473627
0.423789
0.288347
0.026539
-0.396398
-1.002963
-1.799678
-2.776456
-3.890061
-5.042908
-6.160970
-7.205170
-8.152824
-8.994352
-9.729457
-10.363728
-10.906001
-11.366505
-11.755665
-12.083386
-12.358691
-12.440974
-12.558916
-12.299593
-11.991168
-11.625115
-11.191946
-10.681429
-10.083087
-9.387077
-8.585621
-7.675155
-6.659279
-5.552434
-4.383820
-3.209858
-2.126620
-1.213295
-0.491332
0.033685
0.373617
0.556361
0.621163
0.611424
0.566981
0.518356
0.485653
0.480547
0.488759
0.484093
0.432558
0.293909
0.027015
-0.403040
-1.018677
-1.826121
-2.814831
-3.940788
-5.105313
-6.233805
-7.287041
-8.242355
-9.090282
-9.830683
-10.469309
-11.015151
-11.478577
-11.870129
-12.199809
-12.476721
-12.558916
-12.676921
-12.416019
-12.105679
-11.737306
-11.301320
-10.787386
-10.184901
-9.483878
-8.676386
-7.758701
-6.734286
-5.617506
-4.437604
-3.251360
-2.155767
-1.230975
-0.498968
0.034245
0.380278
0.567013
0.633928
0.624847
0.580146
0.530873
0.497556
0.492151
0.500108
0.494720
0.441446
0.299536
0.027497
-0.409740
-1.034509
-1.852732
-2.853410
-3.991740
-5.167948
-6.306862
-7.369118
-8.332074
-9.186382
-9.932059
-10.575022
-11.124418
-11.590753
-11.984684
-12.316314
-12.594824
-12.676921
-12.794989
-12.532514
-12.220269
-11.849584
-11.410793
-10.893454
-10.286839
-9.580820
-8.767307
-7.842419
-6.809479
-5.682773
-4.491583
-3.293044
-2.185068
-1.248768
-0.506661
0.034810
0.387006
0.577791
0.646864
0.638475
0.593535
0.543620
0.509684
0.503968
0.511650
0.505510
0.450455
0.305230
0.027983
-0.416499
-1.050459
-1.879511
-2.892194
-4.042916
-5.230811
-6.380138
-7.451399
-8.421980
-9.282648
-10.033582
-10.680865
-11.233800
-11.703029
-12.099328
-12.432897
-12.712996
-12.794989
-12.913117
-12.649076
-12.334933
-11.961946
-11.520361
-10.999630
-10.388900
-9.677900
-8.858383
-7.926307
-6.884856
-5.748234
-4.545755
-3.334909
-2.214523
-1.266671
-0.514411
0.035380
0.393802
0.588695
0.659973
0.652310
0.607149
0.556597
0.522038
0.515999
0.523386
0.516464
0.459584
0.310990
0.028475
-0.423316
-1.066526
-1.906458
-2.931182
-4.094315
-5.293899
-6.453632
-7.533883
-8.512068
-9.379077
-10.135250
-10.786835
-11.343293
-11.815404
-12.214059
-12.549556
-12.831237
-12.913117
-13.031302
-12.765701
-12.449669
-12.074391
-11.630022
-11.105911
-10.491081
-9.775116
-8.949611
-8.010364
-6.960416
-5.813885
-4.600119
-3.376954
-2.244131
-1.284686
-0.522217
0.035955
0.400666
0.599724
0.673255
0.666352
0.620990
0.569808
0.534620
0.528247
0.535317
0.527582
0.468833
0.316816
0.028971
-0.430192
-1.082711
-1.933571
-2.970371
-4.145934
-5.357210
-6.527340
-7.616565
-8.602336
-9.475668
-10.237059
-10.892930
-11.452895
-11.927873
-12.328873
-12.666289
-12.949542
-13.031302
-13.149541
-12.882389
-12.564476
-12.186914
-11.739774
-11.212296
-10.593379
-9.872464
-9.040988
-8.094586
-7.036155
-5.879726
-4.654673
-3.419178
-2.273891
-1.302810
-0.530080
0.036534
0.407598
0.610879
0.686712
0.680603
0.635059
0.583253
0.547433
0.540711
0.547445
0.538865
0.478204
0.322709
0.029472
-0.437126
-1.099013
-1.960850
-3.009762
-4.197773
-5.420743
-6.601260
-7.699444
-8.692782
-9.572415
-10.339008
-10.999147
-11.562604
-12.040436
-12.443768
-12.783093
-13.067910
-13.149541
-13.267834
-12.999136
-12.679350
-12.299515
-11.849613
-11.318781
-10.695792
-9.969942
-9.132511
-8.178970
-7.112071
-5.945753
-4.709415
-3.461579
-2.303802
-1.321045
-0.537999
0.037118
0.414598
0.622160
0.700343
0.695063
0.649358
0.596935
0.560477
0.553395
0.559772
0.550313
0.487696
0.328669
0.029979
-0.444118
-1.115431
-1.988295
-3.049352
-4.249828
-5.484495
-6.675391
-7.782517
-8.783402
-9.669318
-10.441093
-11.105482
-11.672416
-12.153088
-12.558742
-12.899966
-13.186339
-13.267834
-13.386176
-13.115940
-12.794289
-12.412190
-11.959538
-11.425364
-10.798316
-10.067548
-9.224178
-8.263515
-7.188162
-6.011966
-4.764344
-3.504155
-2.333863
-1.339389
-0.545974
0.037708
0.421665
0.633568
0.714150
0.709733
0.663889
0.610855
0.573755
0.566300
0.572297
0.561929
0.497311
0.334695
0.030490
-0.451168
-1.131966
-2.015904
-3.089142
-4.302100
-5.548464
-6.749728
-7.865781
-8.874195
-9.766374
-10.543311
-11.211933
-11.782328
-12.265828
-12.673792
-13.016904
-13.304825
-13.386176
-13.504566
-13.232799
-12.909291
-12.524937
-12.069546
-11.532042
-10.900950
-10.165278
-9.315987
-8.348218
-7.264425
-6.078361
-4.819458
-3.546906
-2.364074
-1.357841
-0.554005
0.038302
0.428801
0.645103
0.728133
0.724615
0.678651
0.625014
0.587267
0.579426
0.585023
0.573711
0.507048
0.340789
0.031006
-0.458277
-1.148618
-2.043677
-3.129129
-4.354587
-5.612648
-6.824271
-7.949233
-8.965157
-9.863579
-10.645660
-11.318498
-11.892340
-12.378653
-12.788915
-13.133907
-13.423367
-13.504566
-13.623003
-13.349711
-13.024353
-12.637754
-12.179634
-11.638813
-11.003691
-10.263131
-9.407934
-8.433076
-7.340859
-6.144937
-4.874755
-3.589831
-2.394433
-1.376403
-0.562093
0.038901
0.436005
0.656765
0.742292
0.739710
0.693647
0.639415
0.601017
0.592776
0.597950
0.585662
0.516908
0.346950
0.031526
-0.465443
-1.165385
-2.071614
-3.169313
-4.407286
-5.677046
-6.899017
-8.032872
-9.056286
-9.960931
-10.748137
-11.425174
-12.002446
-12.491561
-12.904110
-13.250971
-13.541962
-13.623003
-13.741482
-13.466672
-13.139473
-12.750638
-12.289800
-11.745674
-11.106536
-10.361104
-9.500018
-8.518086
-7.417460
-6.211691
-4.930233
-3.632927
-2.424940
-1.395073
-0.570236
0.039505
0.443276
0.668554
0.756628
0.755018
0.708879
0.654058
0.615005
0.606352
0.611080
0.597782
0.526891
0.353177
0.032052
-0.472668
-1.182269
-2.099714
-3.209693
-4.460196
-5.741655
-6.973963
-8.116695
-9.147579
-10.058427
-10.850740
-11.531959
-12.112646
-12.604548
-13.019373
-13.368094
-13.660608
-13.741482
-13.860003
-13.583681
-13.254649
-12.863587
-12.400041
-11.852623
-11.209483
-10.459194
-9.592235
-8.603248
-7.494227
-6.278622
-4.985890
-3.676194
-2.455594
-1.413850
-0.578435
0.040113
0.450616
0.680471
0.771141
0.770540
0.724347
0.668946
0.629233
0.620154
0.624414
0.610072
0.536998
0.359473
0.032583
-0.479951
-1.199267
-2.127975
-3.250267
-4.513315
-5.806472
-7.049107
-8.200698
-9.239034
-10.156065
-10.953465
-11.638849
-12.222937
-12.717613
-13.134703
-13.485274
-13.779302
-13.860003
-13.978563
-13.700737
-13.369878
-12.976598
-12.510356
-11.959658
-11.312529
-10.557399
-9.684584
-8.688557
-7.571157
-6.345727
-5.041726
-3.719631
-2.486394
-1.432735
-0.586689
0.040727
0.458023
0.692515
0.785833
0.786278
0.740052
0.684080
0.643703
0.634184
0.637953
0.622532
0.547229
0.365835
0.033119
-0.487291
-1.216381
-2.156399
-3.291034
-4.566643
-5.871497
-7.124447
-8.284880
-9.330648
-10.253842
-11.056311
-11.745842
-12.333316
-12.830753
-13.250096
-13.602509
-13.898043
-13.978563
-14.097160
-13.817835
-13.485158
-13.089670
-12.620742
-12.066776
-11.415672
-10.655716
-9.777061
-8.774011
-7.648248
-6.413005
-5.097737
-3.763235
-2.517339
-1.451727
-0.594999
0.041345
0.465499
0.704688
0.800704
0.802232
0.755997
0.699462
0.658416
0.648443
0.651698
0.635164
0.557584
0.372266
0.033659
-0.494690
-1.233610
-2.184983
-3.331993
-4.620177
-5.936727
-7.199981
-8.369239
-9.422417
-10.351755
-11.159274
-11.852936
-12.443780
-12.943966
-13.365551
-13.719795
-14.016828
-14.097160
-14.215792
-13.934975
-13.600488
-13.202800
-12.731197
-12.173974
-11.518910
-10.754143
-9.869665
-8.859609
-7.725498
-6.480452
-5.153923
-3.807007
-2.548428
-1.470825
-0.603364
0.041968
0.473042
0.716988
0.815753
0.818402
0.772181
0.715092
0.673374
0.662934
0.665650
0.647967
0.568064
0.378764
0.034205
-0.502146
-1.250953
-2.213727
-3.373144
-4.673915
-6.002160
-7.275706
-8.453771
-9.514341
-10.449803
-11.262352
-11.960128
-12.554328
-13.057249
-13.481065
-13.837131
-14.135655
-14.215792
-14.334456
-14.052154
-13.715864
-13.315986
-12.841717
-12.281251
-11.622239
-10.852677
-9.962393
-8.945348
-7.802904
-6.548068
-5.210281
-3.850943
-2.579661
-1.490028
-0.611784
0.042596
0.480654
0.729417
0.830983
0.834791
0.788607
0.730973
0.688579
0.677656
0.679810
0.660943
0.578669
0.385329
0.034755
-0.509660
-1.268410
-2.242631
-3.414484
-4.727857
-6.067794
-7.351619
-8.538474
-9.606416
-10.547981
-11.365543
-12.067416
-12.664956
-13.170600
-13.596636
-13.954515
-14.254521
-14.334456
-14.453151
-14.169370
-13.831285
-13.429225
-12.952302
-12.388604
-11.725659
-10.951316
-10.055242
-9.031225
-7.880464
-6.615850
-5.266811
-3.895044
-2.611036
-1.509338
-0.620259
0.043229
0.488334
0.741974
0.846392
0.851399
0.805276
0.747106
0.704031
0.692612
0.694179
0.674092
0.589400
0.391963
0.035310
-0.517232
-1.285981
-2.271693
-3.456013
-4.782000
-6.133627
-7.427719
-8.623345
-9.698639
-10.646288
-11.468844
-12.174797
-12.775663
-13.284017
-13.712262
-14.071944
-14.373425
-14.453151
-14.571875
-14.286621
-13.946749
-13.542516
-13.062948
-12.496031
-11.829166
-11.050058
-10.148211
-9.117238
-7.958176
-6.683796
-5.323509
-3.939307
-2.642553
-1.528752
-0.628789
0.043867
0.496082
0.754660
0.861982
0.868226
0.822189
0.763492
0.719733
0.707804
0.708758
0.687415
0.600256
0.398665
0.035871
-0.524861
-1.303666
-2.300914
-3.497730
-4.836342
-6.199656
-7.504003
-8.708383
-9.791009
-10.744721
-11.572252
-12.282268
-12.886446
-13.397497
-13.827941
-14.189417
-14.492365
-14.571875
-14.690625
-14.403905
-14.062253
-13.655855
-13.173654
-12.603529
-11.932758
-11.148901
-10.241296
-9.203385
-8.036037
-6.751905
-5.380374
-3.983731
-2.674211
-1.548271
-0.637373
0.044509
0.503898
0.767475
0.877753
0.885274
0.839347
0.780133
0.735686
0.723231
0.723549
0.700912
0.611238
0.405434
0.036436
-0.532548
-1.321464
-2.330292
-3.539633
-4.890883
-6.265881
-7.580469
-8.793584
-9.883522
-10.843278
-11.675765
-12.389828
-12.997303
-13.511038
-13.943669
-14.306931
-14.611338
-14.690625
-14.809400
-14.521220
-14.177795
-13.769242
-13.284417
-12.711096
-12.036432
-11.247841
-10.334496
-9.289663
-8.114046
-6.820173
-5.437405
-4.028316
-2.706009
-1.567894
-0.646012
0.045157
0.511782
0.780418
0.893705
0.902542
0.856750
0.797031
0.751891
0.738896
0.738551
0.714584
0.622347
0.412272
0.037006
-0.540292
-1.339375
-2.359826
-3.581721
-4.945620
-6.332298
-7.657115
-8.878947
-9.976176
-10.941956
-11.779381
-12.497474
-13.108231
-13.624638
-14.059446
-14.424483
-14.730343
-14.809400
-14.928197
-14.638564
-14.293374
-13.882674
-13.395235
-12.818730
-12.140187
-11.346877
-10.427807
-9.376070
-8.192200
-6.888599
-5.494600
-4.073059
-2.737946
-1.587621
-0.654705
0.045809
0.519734
0.793491
0.909839
0.920033
0.874401
0.814185
0.768350
0.754799
0.753767
0.728433
0.633582
0.419178
0.037581
-0.548093
-1.357399
-2.389516
-3.623992
-5.000552
-6.398906
-7.733938
-8.964468
-10.068968
-11.040752
-11.883097
-12.605203
-13.219228
-13.738294
-14.175268
-14.542073
-14.849376
-14.928197
-15.047015
-14.755935
-14.408987
-13.996149
-13.506107
-12.926429
-12.244021
-11.446006
-10.521229
-9.462603
-8.270497
-6.957181
-5.551957
-4.117959
-2.770020
-1.607450
-0.663452
0.046465
0.527754
0.806693
0.926156
0.937747
0.892301
0.831599
0.785064
0.770943
0.769197
0.742457
0.644945
0.426152
0.038161
-0.555952
-1.375534
-2.419361
-3.666447
-5.055677
-6.465703
-7.810936
-9.050146
-10.161897
-11.139665
-11.986911
-12.713014
-13.330291
-13.852005
-14.291135
-14.659697
-14.968437
-15.047015
-15.165852
-14.873330
-14.524631
-14.109664
-13.617029
-13.034190
-12.347930
-11.545226
-10.614757
-9.549262
-8.348935
-7.025916
-5.609475
-4.163016
-2.802232
-1.627382
-0.672254
0.047127
0.535842
0.820024
0.942655
0.955684
0.910450
0.849273
0.802035
0.787328
0.784842
0.756659
0.656434
0.433194
0.038746
-0.563868
-1.393782
-2.449361
-3.709083
-5.110993
-6.532687
-7.888106
-9.135978
-10.254959
-11.238691
-12.090820
-12.820903
-13.441419
-13.965768
-14.407043
-14.777354
-15.087523
-15.165852
-15.284706
-14.990749
-14.640306
-14.223218
-13.727999
-13.142012
-12.451913
-11.644534
-10.708391
-9.636042
-8.427511
-7.094804
-5.667151
-4.208227
-2.834580
-1.647416
-0.681108
0.047793
0.543998
0.833484
0.959337
0.973845
0.928849
0.867209
0.819264
0.803955
0.800703
0.771038
0.668051
0.440305
0.039335
-0.571840
-1.412140
-2.479514
-3.751900
-5.166499
-6.599855
-7.965447
-9.221961
-10.348153
-11.337829
-12.194821
-12.928869
-13.552610
-14.079581
-14.522990
-14.895042
-15.206633
-15.284706
-15.403574
-15.108188
-14.756010
-14.336809
-13.839017
-13.249891
-12.555967
-11.743929
-10.802128
-9.722942
-8.506223
-7.163841
-5.724983
-4.253591
-2.867063
-1.667552
-0.690017
0.048464
0.552222
0.847074
0.976203
0.992231
0.947500
0.885408
0.836752
0.820827
0.816781
0.785595
0.679796
0.447484
0.039930
-0.579870
-1.430610
-2.509820
-3.794895
-5.222193
-6.667206
-8.042957
-9.308094
-10.441475
-11.437075
-12.298914
-13.036909
-13.663860
-14.193441
-14.638975
-15.012759
-15.325763
-15.403574
-15.522456
-15.225646
-14.871739
-14.450435
-13.950079
-13.357827
-12.660090
-11.843409
-10.895965
-9.809960
-8.585070
-7.233026
-5.782971
-4.299107
-2.899681
-1.687788
-0.698979
0.049140
0.560513
0.860794
0.993252
1.010843
0.966404
0.903870
0.854501
0.837943
0.833077
0.800331
0.691668
0.454732
0.040529
-0.587956
-1.449191
-2.540278
-3.838069
-5.278073
-6.734737
-8.120632
-9.394373
-10.534924
-11.536428
-12.403094
-13.145021
-13.775168
-14.307348
-14.754995
-15.130502
-15.444913
-15.522456
-15.641348
-15.343122
-14.987493
-14.564093
-14.061183
-13.465817
-12.764281
-11.942970
-10.989900
-9.897093
-8.664048
-7.302357
-5.841112
-4.344773
-2.932432
-1.708125
-0.707994
0.049821
0.568873
0.874643
1.010485
1.029681
0.985561
0.922598
0.872512
0.855305
0.849591
0.815246
0.703669
0.462048
0.041134
-0.596099
-1.467881
-2.570887
-3.881418
-5.334139
-6.802447
-8.198471
-9.480797
-10.628496
-11.635885
-12.507360
-13.253202
-13.886532
-14.421298
-14.871049
-15.248269
-15.564081
-15.641348
-15.760250
-15.460613
-15.103269
-14.677782
-14.172328
-13.573859
-12.868537
-12.042611
-11.083931
-9.984340
-8.743157
-7.371832
-5.899405
-4.390588
-2.965316
-1.728562
-0.717062
0.050506
0.577300
0.888621
1.027903
1.048746
1.004973
0.941593
0.890785
0.872914
0.866325
0.830340
0.715798
0.469433
0.041743
-0.604298
-1.486682
-2.601647
-3.924944
-5.390387
-6.870334
-8.276471
-9.567363
-10.722190
-11.735443
-12.611710
-13.361451
-13.997949
-14.535289
-14.987134
-15.366060
-15.683264
-15.760250
-15.879160
-15.578117
-15.219065
-14.791499
-14.283511
-13.681950
-12.972855
-12.142330
-11.178057
-10.071697
-8.822393
-7.441448
-5.957847
-4.436551
-2.998331
-1.749099
-0.726182
0.051196
0.585795
0.902730
1.045505
1.068038
1.024640
0.960855
0.909324
0.890771
0.883279
0.845615
0.728056
0.476886
0.042358
-0.612554
-1.505592
-2.632556
-3.968643
-5.446816
-6.938395
-8.354630
-9.654068
-10.816003
-11.835101
-12.716141
-13.469766
-14.109418
-14.649320
-15.103248
-15.483871
-15.802460
-15.879160
-15.998075
-15.695633
-15.334881
-14.905244
-14.394731
-13.790089
-13.077234
-12.242124
-11.272274
-10.159163
-8.901754
-7.511204
-6.016438
-4.482660
-3.031476
-1.769734
-0.735356
0.051891
0.594357
0.916968
1.063293
1.087559
1.044564
0.980387
0.928128
0.908878
0.900454
0.861070
0.740442
0.484407
0.042977
-0.620866
-1.524611
-2.663614
-4.012515
-5.503425
-7.006628
-8.432947
-9.740911
-10.909933
-11.934856
-12.820651
-13.578143
-14.220935
-14.763388
-15.219390
-15.601702
-15.921669
-15.998075
-16.116995
-15.813159
-15.450713
-15.019013
-14.505985
-13.898274
-13.181672
-12.341991
-11.366580
-10.246736
-8.981239
-7.581098
-6.075175
-4.528914
-3.064751
-1.790468
-0.744581
0.052590
0.602987
0.931336
1.081265
1.107308
1.064745
1.000188
0.947199
0.927235
0.917850
0.876707
0.752958
0.491997
0.043601
-0.629234
-1.543739
-2.694820
-4.056558
-5.560212
-7.075032
-8.511418
-9.827889
-11.003977
-12.034706
-12.925238
-13.686581
-14.332500
-14.877491
-15.335557
-15.719549
-16.040887
-16.116995
-16.235916
-15.930693
-15.566559
-15.132805
-14.617272
-14.006503
-13.286166
-12.441929
-11.460973
-10.334413
-9.060845
-7.651128
-6.134056
-4.575312
-3.098155
-1.811299
-0.753859
0.053294
0.611684
0.945834
1.099423
1.127286
1.085184
1.020261
0.966538
0.945843
0.935470
0.892525
0.765602
0.499656
0.044230
-0.637658
-1.562975
-2.726173
-4.100772
-5.617175
-7.143604
-8.590041
-9.914999
-11.098134
-12.134648
-13.029899
-13.795078
-14.444110
-14.991628
-15.451747
-15.837411
-16.160114
-16.235916
-16.354839
-16.048233
-15.682419
-15.246618
-14.728590
-14.114773
-13.390715
-12.541937
-11.555452
-10.422192
-9.140570
-7.721291
-6.193080
-4.621852
-3.131686
-1.832228
-0.763189
0.054003
0.620449
0.960461
1.117767
1.147495
1.105882
1.040605
0.986147
0.964704
0.953313
0.908524
0.778376
0.507384
0.044863
-0.646138
-1.582318
-2.757672
-4.145155
-5.674312
-7.212343
-8.668815
-10.002240
-11.192400
-12.234680
-13.134633
-13.903631
-14.555763
-15.105797
-15.567959
-15.955287
-16.279347
-16.354839
-16.473760
-16.165778
-15.798290
-15.360451
-14.839936
-14.223083
-13.495316
-12.642011
-11.650014
-10.510071
-9.220412
-7.791586
-6.252246
-4.668532
-3.165344
-1.853253
-0.772571
0.054716
0.629281
0.975219
1.136296
1.167933
1.126841
1.061224
1.006026
0.983819
0.971380
0.924707
0.791279
0.515179
0.045502
-0.654673
-1.601769
-2.789317
-4.189705
-5.731622
-7.281246
-8.747736
-10.089609
-11.286773
-12.334800
-13.239436
-14.012239
-14.667457
-15.219994
-15.684191
-16.073174
-16.398584
-16.473760
-16.592678
-16.283326
-15.914171
-15.474301
-14.951309
-14.331430
-13.599968
-12.742150
-11.744656
-10.598048
-9.300369
-7.862011
-6.311550
-4.715351
-3.199128
-1.874374
-0.782004
0.055435
0.638180
0.990106
1.155011
1.188603
1.148060
1.082117
1.026176
1.003188
0.989671
0.941072
0.804312
0.523044
0.046145
-0.663264
-1.621327
-2.821106
-4.234421
-5.789103
-7.350311
-8.826803
-10.177103
-11.381252
-12.435005
-13.344307
-14.120899
-14.779190
-15.334220
-15.800441
-16.191071
-16.517824
-16.592678
-16.711592
-16.400874
-16.030059
-15.588167
-15.062706
-14.439814
-13.704668
-12.842352
-11.839377
-10.686121
-9.380439
-7.932564
-6.370993
-4.762309
-3.233036
-1.895591
-0.791488
0.056157
0.647147
1.005123
1.173913
1.209503
1.169540
1.103285
1.046599
1.022812
1.008188
0.957620
0.817475
0.530977
0.046794
-0.671910
-1.640990
-2.853039
-4.279303
-5.846753
-7.419536
-8.906014
-10.264721
-11.475833
-12.535294
-13.449245
-14.229609
-14.890959
-15.448470
-15.916706
-16.308976
-16.637066
-16.711592
-16.830499
-16.518422
-16.145954
-15.702046
-15.174127
-14.548231
-13.809414
-12.942615
-11.934175
-10.774288
-9.460620
-8.003243
-6.430571
-4.809403
-3.267068
-1.916902
-0.801024
0.056884
0.656180
1.020270
1.193002
1.230636
1.191283
1.124730
1.067296
1.042693
1.026932
0.974351
0.830767
0.538978
0.047447
-0.680612
-1.660760
-2.885115
-4.324348
-5.904571
-7.488919
-8.985366
-10.352460
-11.570516
-12.635664
-13.554245
-14.338368
-15.002764
-15.562745
-16.032986
-16.426887
-16.756307
-16.830499
-16.949399
-16.635968
-16.261852
-15.815938
-15.285569
-14.656680
-13.914205
-13.042936
-12.029047
-10.862546
-9.540910
-8.074046
-6.490283
-4.856631
-3.301222
-1.938308
-0.810610
0.057616
0.665280
1.035546
1.212276
1.252001
1.213290
1.146452
1.088267
1.062831
1.045902
0.991267
0.844190
0.547048
0.048105
-0.689369
-1.680636
-2.917333
-4.369555
-5.962555
-7.558459
-9.064858
-10.440319
-11.665296
-12.736113
-13.659307
-14.447172
-15.114601
-15.677041
-16.149278
-16.544802
-16.875545
-16.949399
-17.068289
-16.753510
-16.377753
-15.929839
-15.397030
-14.765159
-14.019038
-13.143314
-12.123992
-10.950893
-9.621306
-8.144970
-6.550127
-4.903994
-3.335498
-1.959808
-0.820247
0.058353
0.674447
1.050952
1.231738
1.273599
1.235560
1.168453
1.109515
1.083227
1.065100
1.008367
0.857742
0.555187
0.048768
-0.698180
-1.700616
-2.949692
-4.414923
-6.020702
-7.628153
-9.144486
-10.528293
-11.760173
-12.836638
-13.764429
-14.556021
-15.226469
-15.791357
-16.265580
-16.662720
-16.994780
-17.068289
-17.187169
-16.871046
-16.493655
-16.043750
-15.508509
-14.873666
-14.123911
-13.243746
-12.219007
-11.039328
-9.701806
-8.216015
-6.610102
-4.951488
-3.369894
-1.981400
-0.829934
0.059094
0.683680
1.066488
1.251387
1.295429
1.258094
1.190733
1.131039
1.103882
1.084525
1.025651
0.871425
0.563394
0.049435
-0.707046
-1.720701
-2.982191
-4.460451
-6.079012
-7.697998
-9.224249
-10.616383
-11.855143
-12.937239
-13.869607
-14.664912
-15.338367
-15.905691
-16.381891
-16.780639
-17.114009
-17.187169
-17.306035
-16.988575
-16.609557
-16.157667
-15.620004
-14.982200
-14.228824
-13.344231
-12.314091
-11.127849
-9.782409
-8.287178
-6.670206
-4.999114
-3.404410
-2.003085
-0.839672
0.059839
0.692980
1.082153
1.271222
1.317494
1.280894
1.213294
1.152841
1.124797
1.104180
1.043120
0.885237
0.571669
0.050108
-0.715967
-1.740889
-3.014829
-4.506137
-6.137482
-7.767994
-9.304144
-10.704584
-11.950205
-13.037911
-13.974841
-14.773842
-15.450292
-16.020041
-16.498209
-16.898556
-17.233230
-17.306035
-17.424888
-17.106095
-16.725455
-16.271589
-15.731513
-15.090758
-14.333773
-13.444767
-12.409241
-11.216452
-9.863113
-8.358456
-6.730437
-5.046868
-3.439045
-2.024862
-0.849459
0.060589
0.702347
1.097947
1.291245
1.339792
1.303960
1.236135
1.174921
1.145972
1.124063
1.060775
0.899181
0.580013
0.050785
-0.724942
-1.761181
-3.047606
-4.551980
-6.196111
-7.838138
-9.384170
-10.792896
-12.045357
-13.138654
-14.080128
-14.882811
-15.562241
-16.134405
-16.614533
-17.016472
-17.352443
-17.424888
-17.543725
-17.223605
-16.841350
-16.385515
-15.843034
-15.199339
-14.438756
-13.545351
-12.504455
-11.305137
-9.943915
-8.429849
-6.790793
-5.094751
-3.473797
-2.046731
-0.859296
0.061344
0.711780
1.113871
1.311454
1.362324
1.327293
1.259259
1.197282
1.167410
1.144177
1.078615
0.913254
0.588425
0.051467
-0.733971
-1.781576
-3.080519
-4.597978
-6.254897
-7.908428
-9.464324
-10.881315
-12.140595
-13.239465
-14.185466
-14.991816
-15.674215
-16.248782
-16.730859
-17.134383
-17.471645
-17.543725
-17.662544
-17.341103
-16.957239
-16.499442
-15.954565
-15.307941
-14.543773
-13.645983
-12.599732
-11.393901
-10.024814
-8.501355
-6.851273
-5.142759
-3.508665
-2.068690
-0.869182
0.062103
0.721278
1.129924
1.331851
1.385091
1.350892
1.282666
1.219923
1.189109
1.164521
1.096640
0.927458
0.596905
0.052154
-0.743054
-1.802073
-3.113570
-4.644131
-6.313838
-7.978862
-9.544604
-10.969840
-12.235919
-13.340342
-14.290852
-15.100856
-15.786210
-16.363170
-16.847188
-17.252289
-17.590835
-17.662544
-17.781345
-17.458587
-17.073121
-16.613370
-16.066106
-15.416562
-14.648821
-13.746659
-12.695069
-11.482743
-10.105807
-8.572970
-6.911875
-5.190893
-3.543649
-2.090739
-0.879118
0.062867
0.730843
1.146106
1.352436
1.408093
1.374760
1.306356
1.242845
1.211072
1.185095
1.114852
0.941792
0.605454
0.052846
-0.752191
-1.822673
-3.146755
-4.690436
-6.372932
-8.049437
-9.625008
-11.058468
-12.331326
-13.441283
-14.396286
-15.209927
-15.898224
-16.477567
-16.963517
-17.370187
-17.710011
-17.781345
-17.900126
-17.576057
-17.188994
-16.727296
-16.177653
-15.525200
-14.753898
-13.847378
-12.790464
-11.571659
-10.186892
-8.644694
-6.972597
-5.239150
-3.578747
-2.112877
-0.889102
0.063635
0.740474
1.162417
1.373207
1.431330
1.398896
1.330331
1.266050
1.233298
1.205901
1.133250
0.956257
0.614071
0.053542
-0.761382
-1.843373
-3.180076
-4.736892
-6.432178
-8.120153
-9.705534
-11.147197
-12.426814
-13.542285
-14.501765
-15.319029
-16.010257
-16.591972
-17.079844
-17.488076
-17.829172
-17.900126
-18.018885
-17.693509
-17.304856
-16.841218
-16.289206
-15.633854
-14.859002
-13.948138
-12.885916
-11.660649
-10.268068
-8.716525
-7.033437
-5.287530
-3.613958
-2.135104
-0.899135
0.064408
0.750170
1.178857
1.394166
1.454802
1.423300
1.354592
1.289538
1.255789
1.226939
1.151834
0.970852
0.622755
0.054243
-0.770625
-1.864175
-3.213529
-4.783499
-6.491575
-8.191006
-9.786179
-11.236026
-12.522380
-13.643348
-14.607287
-15.428160
-16.122305
-16.706382
-17.196168
-17.605954
-17.948316
-18.018885
-18.137621
-17.810944
-17.420707
-16.955136
-16.400763
-15.742522
-14.964133
-14.048938
-12.981422
-11.749710
-10.349333
-8.788460
-7.094394
-5.336030
-3.649282
-2.157419
-0.909216
0.065185
0.759932
1.195425
1.415312
1.478510
1.447975
1.379138
1.313309
1.278545
1.248209
1.170605
0.985577
0.631508
0.054949
-0.779923
-1.885076
-3.247116
-4.830253
-6.551119
-8.261996
-9.866942
-11.324951
-12.618023
-13.744468
-14.712850
-15.537317
-16.234368
-16.820795
-17.312486
-17.723820
-18.067442
-18.137621
-18.256332
-17.928359
-17.536544
-17.069048
-16.512322
-15.851202
-15.069287
-14.149774
-13.076981
-11.838840
-10.430684
-8.860498
-7.155466
-5.384649
-3.684717
-2.179822
-0.919346
0.065966
0.769759
1.212122
1.436646
1.502454
1.472919
1.403972
1.337366
1.301567
1.269712
1.189562
1.000433
0.640329
0.055660
-0.789273
-1.906078
-3.280834
-4.877155
-6.610809
-8.333119
-9.947820
-11.413971
-12.713740
-13.845644
-14.818452
-15.646498
-16.346443
-16.935211
-17.428799
-17.841673
-18.186548
-18.256332
-18.375018
-18.045753
-17.652366
-17.182952
-16.623881
-15.959892
-15.174463
-14.250647
-13.172591
-11.928038
-10.512120
-8.932637
-7.216652
-5.433386
-3.720261
-2.202311
-0.929523
0.066752
0.779652
1.228948
1.458167
1.526634
1.498134
1.429093
1.361708
1.324855
1.291448
1.208707
1.015420
0.649217
0.056375
-0.798675
-1.927178
-3.314682
-4.924203
-6.670644
-8.404374
-10.028812
-11.503083
-12.809529
-13.946874
-14.924091
-15.755703
-16.458529
-17.049628
-17.545103
-17.959510
-18.305633
-18.375018
-18.493675
-18.163125
-17.768171
-17.296846
-16.735440
-16.068591
-15.279659
-14.351553
-13.268250
-12.017301
-10.593638
-9.004875
-7.277948
-5.482239
-3.755915
-2.224886
-0.939748
0.067542
0.789609
1.245901
1.479875
1.551051
1.523620
1.454502
1.386337
1.348411
1.313418
1.228038
1.030537
0.658173
0.057095
-0.808131
-1.948377
-3.348660
-4.971395
-6.730622
-8.475759
-10.109914
-11.592287
-12.905389
-14.048155
-15.029766
-15.864929
-16.570625
-17.164043
-17.661398
-18.077330
-18.424695
-18.493675
-18.612304
-18.280473
-17.883958
-17.410729
-16.846995
-16.177297
-15.384874
-14.452491
-13.363955
-12.106628
-10.675237
-9.077210
-7.339355
-5.531208
-3.791677
-2.247547
-0.950020
0.068337
0.799632
1.262983
1.501771
1.575704
1.549377
1.480199
1.411253
1.372235
1.335622
1.247557
1.045784
0.667197
0.057820
-0.817638
-1.969674
-3.382767
-5.018730
-6.790741
-8.547272
-10.191126
-11.681578
-13.001317
-14.149486
-15.135474
-15.974174
-16.682727
-17.278456
-17.777681
-18.195132
-18.543733
-18.612304
-18.730903
-18.397795
-17.999726
-17.524600
-16.958547
-16.286009
-15.490106
-14.553459
-13.459706
-12.196016
-10.756915
-9.149640
-7.400869
-5.580289
-3.827545
-2.270293
-0.960339
0.069136
0.809719
1.280192
1.523853
1.600594
1.575406
1.506187
1.436456
1.396327
1.358060
1.267264
1.061162
0.676288
0.058549
-0.827198
-1.991069
-3.417001
-5.066206
-6.850999
-8.618911
-10.272445
-11.770956
-13.097311
-14.250865
-15.241213
-16.083437
-16.794835
-17.392864
-17.893952
-18.312914
-18.662745
-18.730903
-18.849470
-18.515091
-18.115473
-17.638456
-17.070092
-16.394724
-15.595353
-14.654455
-13.555499
-12.285464
-10.838670
-9.222164
-7.462490
-5.629483
-3.863519
-2.293123
-0.970705
0.069939
0.819870
1.297529
1.546123
1.625720
1.601707
1.532464
1.461948
1.420687
1.380732
1.287158
1.076670
0.685446
0.059283
-0.836810
-2.012560
-3.451362
-5.113822
-6.911395
-8.690673
-10.353868
-11.860418
-13.193369
-14.352289
-15.346982
-16.192715
-16.906947
-17.507266
-18.010208
-18.430675
-18.781729
-18.849470
-18.968005
-18.632358
-18.231198
-17.752298
-17.181630
-16.503442
-15.700614
-14.755478
-13.651335
-12.374970
-10.920500
-9.294779
-7.524216
-5.678787
-3.899598
-2.316036
-0.981117
0.070747
0.830086
1.314993
1.568580
1.651084
1.628281
1.559032
1.487728
1.445318
1.403640
1.307239
1.092308
0.694672
0.060022
-0.846473
-2.034148
-3.485849
-5.161576
-6.971926
-8.762558
-10.435394
-11.949962
-13.289489
-14.453758
-15.452779
-16.302008
-17.019062
-17.621661
-18.126449
-18.548413
-18.900686
-18.968005
-19.086505
-18.749597
-18.346898
-17.866122
-17.293159
-16.612160
-15.805886
-14.856525
-13.747209
-12.464532
-11.002403
-9.367484
-7.586045
-5.728200
-3.935780
-2.339032
-0.991575
0.071559
0.840366
1.332585
1.591223
1.676685
1.655128
1.585892
1.513799
1.470218
1.426783
1.327509
1.108076
0.703965
0.060765
-0.856187
-2.055831
-3.520460
-5.209468
-7.032591
-8.834562
-10.517021
-12.039586
-13.385670
-14.555268
-15.558602
-16.411312
-17.131177
-17.736046
-18.242672
-18.666127
-19.019612
-19.086505
-19.204969
-18.866804
-18.462574
-17.979927
-17.404678
-16.720877
-15.911168
-14.957596
-13.843122
-12.554147
-11.084378
-9.440277
-7.647974
-5.777720
-3.972065
-2.362110
-1.002079
0.072375
0.850709
1.350303
1.614053
1.702522
1.682248
1.613043
1.540159
1.495389
1.450162
1.347965
1.123974
0.713326
0.061513
-0.865953
-2.077609
-3.555195
-5.257495
-7.093388
-8.906684
-10.598747
-12.129288
-13.481908
-14.656819
-15.664449
-16.520628
-17.243291
-17.850421
-18.358876
-18.783815
-19.138507
-19.204969
-19.323397
-18.983979
-18.578223
-18.093713
-17.516185
-16.829592
-16.016459
-15.058688
-13.939071
-12.643816
-11.166422
-9.513156
-7.710004
-5.827347
-4.008451
-2.385269
-1.012629
0.073196
0.861117
1.368148
1.637070
1.728597
1.709641
1.640486
1.566811
1.520830
1.473776
1.368610
1.140002
0.722753
0.062266
-0.875770
-2.099481
-3.590052
-5.305656
-7.154316
-8.978923
-10.680569
-12.219066
-13.578203
-14.758407
-15.770318
-16.629952
-17.355402
-17.964784
-18.475060
-18.901477
-19.257370
-19.323397
-19.441786
-19.101120
-18.693844
-18.207478
-17.627678
-16.938303
-16.121757
-15.159800
-14.035054
-12.733534
-11.248533
-9.586119
-7.772131
-5.877079
-4.044938
-2.408509
-1.023224
0.074020
0.871588
1.386120
1.660274
1.754910
1.737309
1.668223
1.593754
1.546544
1.497627
1.389443
1.156160
0.732246
0.063023
-0.885637
-2.121448
-3.625030
-5.353950
-7.215372
-9.051275
-10.762486
-12.308918
-13.674552
-14.860032
-15.876208
-16.739283
-17.467509
-18.079132
-18.591222
-19.019109
-19.376199
-19.441786
-19.560136
-19.218227
-18.809436
-18.321219
-17.739156
-17.047008
-16.227061
-15.260930
-14.131069
-12.823301
-11.330711
-9.659164
-7.834354
-5.926913
-4.081523
-2.431829
-1.033864
0.074849
0.882122
1.404218
1.683663
1.781459
1.765251
1.696252
1.620989
1.572529
1.521713
1.410463
1.172448
0.741807
0.063784
-0.895555
-2.143507
-3.660129
-5.402375
-7.276555
-9.123739
-10.844495
-12.398842
-13.770953
-14.961691
-15.982117
-16.848620
-17.579610
-18.193466
-18.707361
-19.136712
-19.494992
-19.560136
-19.678445
-19.335298
-18.924997
-18.434937
-17.850618
-17.155706
-16.332367
-15.362076
-14.227115
-12.913115
-11.412952
-9.732290
-7.896672
-5.976850
-4.118206
-2.455229
-1.044548
0.075682
0.892719
1.422441
1.707239
1.808246
1.793467
1.724575
1.648516
1.598786
1.546037
1.431672
1.188865
0.751434
0.064551
-0.905523
-2.165659
-3.695347
-5.450930
-7.337862
-9.196313
-10.926595
-12.488836
-13.867404
-15.063383
-16.088043
-16.957960
-17.691704
-18.307782
-18.823476
-19.254284
-19.613748
-19.678445
-19.796713
-19.452331
-19.040526
-18.548629
-17.962063
-17.264395
-16.437677
-15.463236
-14.323191
-13.002974
-11.495255
-9.805496
-7.959083
-6.026887
-4.154987
-2.478706
-1.055277
0.076520
0.903379
1.440790
1.731000
1.835270
1.821957
1.753192
1.676336
1.625316
1.570597
1.453068
1.205412
0.761127
0.065322
-0.915541
-2.187903
-3.730683
-5.499613
-7.399293
-9.268996
-11.008784
-12.578898
-13.963904
-15.165106
-16.193984
-17.067303
-17.803790
-18.422081
-18.939564
-19.371823
-19.732467
-19.796713
-19.914937
-19.569326
-19.156022
-18.662294
-18.073488
-17.373074
-16.542986
-15.564410
-14.419293
-13.092877
-11.577618
-9.878778
-8.021585
-6.077022
-4.191863
-2.502262
-1.066050
0.077361
0.914101
1.459265
1.754947
1.862531
1.850723
1.782104
1.704450
1.652118
1.595394
1.474652
1.222088
0.770887
0.066097
-0.925609
-2.210239
-3.766136
-5.548423
-7.460846
-9.341784
-11.091059
-12.669025
-14.060450
-15.266857
-16.299939
-17.176646
-17.915864
-18.536360
-19.055625
-19.489329
-19.851146
-19.914937
-20.033116
-19.686280
-19.271483
-18.775931
-18.184892
-17.481742
-16.648295
-15.665595
-14.515421
-13.182821
-11.660041
-9.952135
-8.084176
-6.127255
-4.228834
-2.525895
-1.076866
0.078207
0.924886
1.477864
1.779080
1.890030
1.879763
1.811310
1.732857
1.679194
1.620428
1.496424
1.238893
0.780712
0.066877
-0.935726
-2.232664
-3.801706
-5.597358
-7.522518
-9.414677
-11.173418
-12.759217
-14.157041
-15.368636
-16.405906
-17.285989
-18.027927
-18.650617
-19.171657
-19.606799
-19.969785
-20.033116
-20.151251
-19.803194
-19.386908
-18.889539
-18.296275
-17.590396
-16.753601
-15.766790
-14.611574
-13.272804
-11.742519
-10.025566
-8.146856
-6.177585
-4.265898
-2.549604
-1.087726
0.079056
0.935733
1.496589
1.803397
1.917765
1.909079
1.840812
1.761558
1.706544
1.645699
1.518383
1.255827
0.790604
0.067661
-0.945892
-2.255180
-3.837390
-5.646417
-7.584307
-9.487672
-11.255860
-12.849471
-14.253675
-15.470440
-16.511883
-17.395328
-18.139976
-18.764852
-19.287659
-19.724233
-20.088382
-20.151251
-20.269338
-19.920065
-19.502296
-19.003115
-18.407634
-17.699036
-16.858903
-15.867994
-14.707748
-13.362826
-11.825053
-10.099069
-8.209621
-6.228008
-4.303055
-2.573388
-1.098629
0.079910
0.946642
1.515437
1.827900
1.945738
1.938670
1.870609
1.790555
1.734168
1.671207
1.540530
1.272890
0.800561
0.068450
-0.956107
-2.277785
-3.873188
-5.695598
-7.646213
-9.560767
-11.338383
-12.939786
-14.350349
-15.572267
-16.617869
-17.504664
-18.252010
-18.879063
-19.403629
-19.841629
-20.206936
-20.269338
-20.387377
-20.036892
-19.617646
-19.116660
-18.518968
-17.807660
-16.964200
-15.969203
-14.803943
-13.452884
-11.907640
-10.172642
-8.272471
-6.278525
-4.340303
-2.597248
-1.109575
0.080768
0.957612
1.534410
1.852587
1.973947
1.968536
1.900701
1.819845
1.762065
1.696953
1.562865
1.290081
0.810584
0.069243
-0.966370
-2.300479
-3.909099
-5.744901
-7.708233
-9.633961
-11.420984
-13.030158
-14.447062
-15.674117
-16.723862
-17.613994
-18.364028
-18.993249
-19.519567
-19.958986
-20.325446
-20.387377
-20.505368
-20.153675
-19.732956
-19.230171
-18.630276
-17.916267
-17.069489
-16.070418
-14.900157
-13.542977
-11.990279
-10.246283
-8.335404
-6.329134
-4.377641
-2.621182
-1.120563
0.081630
0.968644
1.553506
1.877459
2.002393
1.998678
1.931090
1.849432
1.790238
1.722936
1.585387
1.307401
0.820672
0.070041
-0.976682
-2.323260
-3.945122
-5.794322
-7.770366
-9.707252
-11.503662
-13.120587
-14.543813
-15.775986
-16.829860
-17.723316
-18.476028
-19.107408
-19.635470
-20.076302
-20.443911
-20.505368
-20.623308
-20.270411
-19.848226
-19.343647
-18.741557
-18.024855
-17.174770
-16.171637
-14.996389
-13.633103
-12.072967
-10.319991
-8.398418
-6.379832
-4.415068
-2.645189
-1.131593
0.082496
0.979737
1.572726
1.902515
2.031076
2.029095
1.961775
1.879313
1.818685
1.749157
1.608097
1.324849
0.830825
0.070843
-0.987042
-2.346129
-3.981255
-5.843861
-7.832610
-9.780637
-11.586415
-13.211070
-14.640599
-15.877874
-16.935862
-17.832630
-18.588009
-19.221539
-19.751338
-20.193577
-20.562329
-20.623308
-20.741196
-20.387101
-19.963453
-19.457087
-18.852809
-18.133423
-17.280041
-16.272857
-15.092636
-13.723260
-12.155703
-10.393763
-8.461512
-6.430620
-4.452583
-2.669269
-1.142665
0.083365
0.990890
1.592068
1.927754
2.059995
2.059787
1.992757
1.909491
1.847406
1.775615
1.630993
1.342425
0.841043
0.071649
-0.997450
-2.369085
-4.017498
-5.893517
-7.894962
-9.854115
-11.669241
-13.301606
-14.737419
-15.979779
-17.041866
-17.941934
-18.699969
-19.335640
-19.867169
-20.310809
-20.680699
-20.741196
-20.859032
-20.503742
-20.078637
-19.570491
-18.964031
-18.241969
-17.385301
-16.374078
-15.188898
-13.813446
-12.238486
-10.467599
-8.524684
-6.481495
-4.490185
-2.693421
-1.153778
0.084239
1.002105
1.611534
1.953177
2.089151
2.090756
2.024035
1.939965
1.876403
1.802311
1.654077
1.360129
0.851326
0.072460
-1.007905
-2.392126
-4.053849
-5.943288
-7.957422
-9.927683
-11.752138
-13.392192
-14.834270
-16.081699
-17.147870
-18.051225
-18.811906
-19.449710
-19.982962
-20.427997
-20.799020
-20.859032
-20.976815
-20.620334
-20.193776
-19.683855
-19.075222
-18.350493
-17.490548
-16.475299
-15.285172
-13.903661
-12.321313
-10.541496
-8.587932
-6.532456
-4.527873
-2.717645
-1.164933
0.085117
1.013379
1.631121
1.978783
2.118542
2.121999
2.055610
1.970735
1.905675
1.829244
1.677348
1.377960
0.861674
0.073276
-1.018407
-2.415252
-4.090307
-5.993172
-8.019987
-10.001341
-11.835103
-13.482827
-14.931152
-16.183632
-17.253874
-18.160504
-18.923821
-19.563749
-20.098716
-20.545140
-20.917290
-20.976815
-21.094543
-20.736875
-20.308870
-19.797180
-19.186380
-18.458992
-17.595781
-16.576516
-15.381457
-13.993902
-12.404183
-10.615454
-8.651255
-6.583501
-4.565645
-2.741938
-1.176128
0.085999
1.024714
1.650831
2.004571
2.148170
2.153519
2.087482
2.001801
1.935222
1.856415
1.700805
1.395918
0.872085
0.074095
-1.028956
-2.438463
-4.126872
-6.043167
-8.082657
-10.075086
-11.918136
-13.573510
-15.028062
-16.285577
-17.359874
-18.269768
-19.035710
-19.677754
-20.214430
-20.662237
-21.035510
-21.094543
-21.212215
-20.853365
-20.423918
-19.910464
-19.297504
-18.567466
-17.700999
-16.677730
-15.477752
-14.084168
-12.487095
-10.689469
-8.714651
-6.634629
-4.603501
-2.766302
-1.187363
0.086884
1.036108
1.670662
2.030542
2.178033
2.185313
2.119651
2.033164
1.965045
1.883823
1.724449
1.414003
0.882561
0.074919
-1.039552
-2.461758
-4.163541
-6.093274
-8.145428
-10.148915
-12.001234
-13.664237
-15.124998
-16.387532
-17.465871
-18.379015
-19.147573
-19.791724
-20.330101
-20.779286
-21.153677
-21.212215
-21.329830
-20.969801
-20.538917
-20.023706
-19.408594
-18.675914
-17.806199
-16.778938
-15.574055
-14.174456
-12.570046
-10.763541
-8.778119
-6.685839
-4.641438
-2.790734
-1.198639
0.087774
1.047562
1.690613
2.056695
2.208132
2.217383
2.152117
2.064825
1.995143
1.911469
1.748280
1.432215
0.893101
0.075747
-1.050194
-2.485136
-4.200314
-6.143489
-8.208299
-10.222829
-12.084396
-13.755008
-15.221959
-16.489495
-17.571862
-18.488245
-19.259408
-19.905658
-20.445730
-20.896286
-21.271791
-21.329830
-21.447387
-21.086184
-20.653867
-20.136905
-19.519647
-18.784333
-17.911381
-16.880139
-15.670364
-14.264767
-12.653036
-10.837667
-8.841656
-6.737130
-4.679457
-2.815235
-1.209954
0.088667
1.059075
1.710686
2.083029
2.238465
2.249729
2.184880
2.096782
2.025516
1.939352
1.772296
1.450554
0.903705
0.076580
-1.060882
-2.508596
-4.237190
-6.193811
-8.271269
-10.296824
-12.167619
-13.845821
-15.318944
-16.591465
-17.677846
-18.597456
-19.371215
-20.019555
-20.561314
-21.013236
-21.389849
-21.447387
-21.564885
-21.202512
-20.768767
-20.250059
-19.630662
-18.892722
-18.016543
-16.981333
-15.766678
-14.355097
-12.736061
-10.911847
-8.905263
-6.788499
-4.717556
-2.839803
-1.221309
0.089564
1.070646
1.730879
2.109545
2.269033
2.282349
2.217941
2.129036
2.056166
1.967472
1.796498
1.469018
0.914372
0.077416
-1.071615
-2.532138
-4.274167
-6.244240
-8.334335
-10.370898
-12.250902
-13.936673
-15.415950
-16.693441
-17.783821
-18.706647
-19.482991
-20.133414
-20.676854
-21.130136
-21.507853
-21.564885
-21.682323
-21.318784
-20.883616
-20.363168
-19.741638
-19.001081
-18.121685
-17.082516
-15.862996
-14.445446
-12.819122
-10.986079
-8.968936
-6.839945
-4.755734
-2.864438
-1.232703
0.090465
1.082277
1.751191
2.136241
2.299836
2.315245
2.251299
2.161587
2.087091
1.995829
1.820886
1.487608
0.925103
0.078257
-1.082394
-2.555760
-4.311245
-6.294773
-8.397497
-10.445051
-12.334243
-14.027564
-15.512976
-16.795420
-17.889786
-18.815815
-19.594735
-20.247232
-20.792346
-21.246983
-21.625799
-21.682323
