-0.121167
-0.115752
-0.109884
-0.103605
-0.096973
-0.090058
-0.082948
-0.075740
-0.068526
-0.061366
-0.054255
-0.047100
-0.039725
-0.032000
-0.024035
-0.015928
-0.007675
0.000641
0.008867
0.016784
0.024102
0.030442
0.035314
0.038092
0.038092
0.035314
0.030442
0.024102
0.016784
0.008867
0.000641
-0.007672
-0.015912
-0.023974
-0.031814
-0.039287
-0.046263
-0.052880
-0.059370
-0.065901
-0.072554
-0.079320
-0.086126
-0.092872
-0.099456
-0.105789
-0.111796
-0.117419
-0.121167
-0.226098
-0.216127
-0.204902
-0.192409
-0.178695
-0.163887
-0.148204
-0.131965
-0.115579
-0.099513
-0.084209
-0.069946
-0.056716
-0.044318
-0.032639
-0.021405
-0.010263
0.000856
0.011825
0.022379
0.032135
0.040587
0.047082
0.050787
0.050787
0.047082
0.040587
0.032135
0.022378
0.011822
0.000855
-0.010239
-0.021279
-0.032217
-0.043202
-0.054409
-0.066050
-0.078530
-0.092147
-0.106867
-0.122372
-0.138201
-0.153881
-0.169007
-0.183272
-0.196465
-0.208467
-0.219239
-0.226098
-0.330659
-0.316377
-0.300076
-0.281653
-0.261086
-0.238476
-0.214093
-0.188416
-0.162153
-0.136207
-0.111569
-0.089094
-0.069232
-0.051978
-0.037108
-0.023863
-0.011320
0.000939
0.012948
0.024487
0.035154
0.044398
0.051503
0.055555
0.055555
0.051503
0.044397
0.035152
0.024480
0.012936
0.000936
-0.011235
-0.023469
-0.035916
-0.049117
-0.063815
-0.080626
-0.100027
-0.122086
-0.146273
-0.171684
-0.197320
-0.222294
-0.245927
-0.267772
-0.287589
-0.305297
-0.320933
-0.330659
-0.436661
-0.418242
-0.397068
-0.372941
-0.345759
-0.315573
-0.282655
-0.247583
-0.211297
-0.175103
-0.140538
-0.109093
-0.081801
-0.059041
-0.040652
-0.025453
-0.011872
0.000976
0.013399
0.025296
0.036294
0.045831
0.053164
0.057346
0.057346
0.053163
0.045829
0.036287
0.025274
0.013363
0.000969
-0.011676
-0.024614
-0.038309
-0.053807
-0.072486
-0.095264
-0.122481
-0.153786
-0.188043
-0.223717
-0.259283
-0.293482
-0.325432
-0.354615
-0.380801
-0.403977
-0.424265
-0.436661
-0.544629
-0.522229
-0.496353
-0.466709
-0.433110
-0.395543
-0.354264
-0.309913
-0.263611
-0.217006
-0.172154
-0.131191
-0.095798
-0.066858
-0.044423
-0.026986
-0.012316
0.000999
0.013620
0.025634
0.036737
0.046374
0.053788
0.058019
0.058019
0.053787
0.046367
0.036716
0.025583
0.013542
0.000985
-0.011952
-0.025535
-0.040617
-0.058799
-0.082083
-0.111564
-0.147290
-0.188383
-0.233043
-0.279106
-0.324558
-0.367834
-0.407901
-0.444202
-0.476546
-0.504989
-0.529750
-0.544629
-0.654669
-0.628427
-0.598003
-0.563010
-0.523165
-0.478385
-0.428895
-0.375373
-0.319089
-0.261984
-0.206589
-0.155670
-0.111597
-0.075849
-0.048818
-0.028764
-0.012807
0.001021
0.013788
0.025822
0.036932
0.046587
0.054025
0.058272
0.058271
0.054022
0.046572
0.036885
0.025718
0.013641
0.000997
-0.012219
-0.026552
-0.043292
-0.064617
-0.093121
-0.129964
-0.174773
-0.226064
-0.281345
-0.337845
-0.393112
-0.445323
-0.493331
-0.536564
-0.574876
-0.608408
-0.637477
-0.654669
-0.766720
-0.736766
-0.701939
-0.661749
-0.615816
-0.563976
-0.506408
-0.443812
-0.377578
-0.309908
-0.243766
-0.182525
-0.129260
-0.086123
-0.053963
-0.030893
-0.013404
0.001048
0.013972
0.025988
0.037053
0.046684
0.054118
0.058368
0.058367
0.054110
0.046652
0.036962
0.025802
0.013729
0.001010
-0.012540
-0.027790
-0.046497
-0.071426
-0.105735
-0.150534
-0.204924
-0.266746
-0.332810
-0.399772
-0.464786
-0.525806
-0.581596
-0.631588
-0.675696
-0.714153
-0.747377
-0.766720
-0.880658
-0.847115
-0.808020
-0.762778
-0.710906
-0.652148
-0.586629
-0.515048
-0.438895
-0.360605
-0.283544
-0.211664
-0.148751
-0.097688
-0.059888
-0.033410
-0.014130
0.001082
0.014205
0.026189
0.037174
0.046751
0.054162
0.058406
0.058403
0.054145
0.046690
0.037015
0.025887
0.013835
0.001027
-0.012941
-0.029295
-0.050285
-0.079269
-0.119933
-0.173233
-0.237638
-0.310273
-0.387254
-0.464693
-0.539388
-0.609099
-0.672523
-0.729112
-0.778854
-0.822080
-0.859315
-0.880658
-0.996334
-0.959320
-0.916085
-0.865928
-0.808259
-0.742724
-0.669375
-0.588898
-0.502859
-0.413903
-0.325772
-0.242974
-0.170004
-0.110518
-0.066595
-0.036324
-0.014993
0.001123
0.014503
0.026451
0.037329
0.046823
0.054194
0.058423
0.058417
0.054162
0.046717
0.037072
0.025995
0.013974
0.001049
-0.013434
-0.031085
-0.054671
-0.088146
-0.135685
-0.197984
-0.272791
-0.356482
-0.444490
-0.532417
-0.616728
-0.695015
-0.765929
-0.828959
-0.884178
-0.932024
-0.973135
-0.996334
-1.113598
-1.073222
-1.025969
-0.971031
-0.907703
-0.835525
-0.754468
-0.665185
-0.569299
-0.469642
-0.370308
-0.276345
-0.192948
-0.124581
-0.074073
-0.039636
-0.015998
0.001172
0.014872
0.026791
0.037537
0.046919
0.054229
0.058436
0.058425
0.054173
0.046748
0.037148
0.026140
0.014153
0.001075
-0.014025
-0.033168
-0.059656
-0.098044
-0.152949
-0.224703
-0.310257
-0.405216
-0.504348
-0.602763
-0.696620
-0.783367
-0.861630
-0.930950
-0.991496
-1.043821
-1.088677
-1.113598
-1.232302
-1.188669
-1.137516
-1.077923
-1.009070
-0.930383
-0.841739
-0.743745
-0.638058
-0.527675
-0.417022
-0.311671
-0.217511
-0.139839
-0.082311
-0.043344
-0.017144
0.001230
0.015317
0.027218
0.037811
0.047051
0.054278
0.058450
0.058431
0.054187
0.046790
0.037253
0.026330
0.014379
0.001108
-0.014715
-0.035545
-0.065237
-0.108948
-0.171682
-0.253309
-0.349918
-0.456335
-0.566670
-0.675563
-0.778892
-0.873981
-0.959451
-1.034913
-1.100641
-1.157308
-1.205787
-1.232302
-1.352305
-1.305515
-1.250575
-1.186450
-1.112203
-1.027138
-0.931029
-0.824421
-0.708988
-0.587868
-0.465798
-0.348857
-0.243627
-0.156258
-0.091295
-0.047447
-0.018433
0.001296
0.015842
0.027740
0.038161
0.047229
0.054348
0.058471
0.058439
0.054206
0.046850
0.037394
0.026574
0.014654
0.001145
-0.015507
-0.038216
-0.071412
-0.120839
-0.191840
-0.283724
-0.391667
-0.509708
-0.631312
-0.750663
-0.863381
-0.966691
-1.059229
-1.140687
-1.211456
-1.272334
-1.324316
-1.352305
-1.473476
-1.423627
-1.365007
-1.296470
-1.216955
-1.125642
-1.022191
-0.907070
-0.781953
-0.650096
-0.516527
-0.387816
-0.271235
-0.173803
-0.101014
-0.051942
-0.019864
0.001371
0.016448
0.028360
0.038594
0.047461
0.054443
0.058501
0.058452
0.054234
0.046932
0.037577
0.026876
0.014982
0.001189
-0.016402
-0.041184
-0.078177
-0.133703
-0.213381
-0.315875
-0.435407
-0.565219
-0.698139
-0.827916
-0.949936
-1.061344
-1.160810
-1.248122
-1.323795
-1.388757
-1.444129
-1.473476
-1.595693
-1.542877
-1.480682
-1.407849
-1.323190
-1.225756
-1.115085
-0.991557
-0.856825
-0.714244
-0.569110
-0.428468
-0.300278
-0.192443
-0.111455
-0.056827
-0.021439
0.001454
0.017137
0.029083
0.039117
0.047753
0.054570
0.058545
0.058471
0.054275
0.047041
0.037808
0.027239
0.015364
0.001239
-0.017399
-0.044449
-0.085529
-0.147524
-0.236265
-0.349698
-0.481048
-0.622759
-0.767027
-0.907189
-1.038415
-1.157797
-1.264052
-1.357077
-1.437521
-1.506445
-1.565096
-1.595693
-1.718844
-1.663149
-1.597480
-1.520462
-1.430781
-1.327352
-1.209585
-1.077758
-0.933487
-0.780205
-0.623454
-0.470740
-0.330701
-0.212145
-0.122606
-0.062100
-0.023157
0.001546
0.017909
0.029912
0.039734
0.048111
0.054734
0.058605
0.058499
0.054330
0.047183
0.038092
0.027669
0.015802
0.001295
-0.018501
-0.048011
-0.093466
-0.162283
-0.260453
-0.385128
-0.528507
-0.682226
-0.837862
-0.988357
-1.128689
-1.255917
-1.368823
-1.467424
-1.552508
-1.625276
-1.687100
-1.718844
-1.842822
-1.784335
-1.715290
-1.634197
-1.539612
-1.430312
-1.305571
-1.165555
-1.011828
-0.847878
-0.679473
-0.514562
-0.362457
-0.232881
-0.134455
-0.067760
-0.025020
0.001647
0.018767
0.030849
0.040450
0.048542
0.054940
0.058685
0.058540
0.054404
0.047361
0.038433
0.028168
0.016297
0.001357
-0.019708
-0.051873
-0.101985
-0.177967
-0.285911
-0.422111
-0.577707
-0.743526
-0.910537
-1.071303
-1.220636
-1.355580
-1.474999
-1.579042
-1.668639
-1.745135
-1.810032
-1.842822
-1.967534
-1.906336
-1.834009
-1.748946
-1.649573
-1.534525
-1.402934
-1.254841
-1.091745
-0.917170
-0.737087
-0.559870
-0.395498
-0.254622
-0.146990
-0.073804
-0.027028
0.001757
0.019710
0.031896
0.041267
0.049050
0.055194
0.058789
0.058595
0.054501
0.047579
0.038835
0.028737
0.016850
0.001425
-0.021022
-0.056037
-0.111081
-0.194559
-0.312603
-0.460590
-0.628575
-0.806571
-0.984949
-1.155917
-1.314142
-1.456671
-1.582468
-1.691819
-1.785807
-1.865920
-1.933790
-1.967534
-2.092888
-2.029060
-1.953541
-1.864611
-1.760564
-1.639889
-1.501569
-1.345515
-1.173141
-0.987991
-0.796219
-0.606604
-0.429781
-0.277342
-0.160199
-0.080229
-0.029182
0.001876
0.020741
0.033056
0.042190
0.049638
0.055499
0.058920
0.058668
0.054623
0.047842
0.039301
0.029380
0.017462
0.001500
-0.022444
-0.060502
-0.120752
-0.212043
-0.340496
-0.500515
-0.681043
-0.871278
-1.061005
-1.242098
-1.409100
-1.559085
-1.691124
-1.805652
-1.903910
-1.987532
-2.058281
-2.092888
-2.218805
-2.152423
-2.073800
-1.981103
-1.872491
-1.746307
-1.601381
-1.437482
-1.255927
-1.060261
-0.856799
-0.654705
-0.465265
-0.301014
-0.174071
-0.087034
-0.031482
0.002004
0.021861
0.034329
0.043221
0.050311
0.055859
0.059084
0.058764
0.054775
0.048153
0.039834
0.030098
0.018135
0.001581
-0.023974
-0.065271
-0.130994
-0.230403
-0.369559
-0.541838
-0.735047
-0.937568
-1.138615
-1.329750
-1.505413
-1.662720
-1.800868
-1.920446
-2.022857
-2.109884
-2.183420
-2.218805
-2.345208
-2.276346
-2.194704
-2.098336
-1.985267
-1.853692
-1.702281
-1.530652
-1.340016
-1.133899
-0.918756
-0.704119
-0.501909
-0.325615
-0.188592
-0.094214
-0.033929
0.002141
0.023071
0.035718
0.044361
0.051072
0.056280
0.059284
0.058885
0.054960
0.048515
0.040436
0.030892
0.018869
0.001668
-0.025615
-0.070344
-0.141801
-0.249624
-0.399763
-0.584513
-0.790526
-1.005366
-1.217695
-1.418782
-1.602987
-1.767485
-1.911607
-2.036111
-2.142561
-2.232891
-2.309128
-2.345208
-2.472029
-2.400757
-2.316178
-2.216232
-2.098813
-1.961961
-1.804184
-1.624944
-1.425329
-1.208833
-0.982028
-0.754795
-0.539675
-0.351121
-0.203753
-0.101768
-0.036522
0.002287
0.024373
0.037226
0.045614
0.051923
0.056764
0.059523
0.059035
0.055182
0.048932
0.041110
0.031764
0.019665
0.001762
-0.027368
-0.075722
-0.153170
-0.269691
-0.431076
-0.628496
-0.847420
-1.074603
-1.298166
-1.509110
-1.701734
-1.873291
-2.023259
-2.152564
-2.262942
-2.356479
-2.435330
-2.472029
-2.599203
-2.525589
-2.438153
-2.334721
-2.213052
-2.071035
-1.907012
-1.720278
-1.511791
-1.284991
-1.046553
-0.806681
-0.578529
-0.377509
-0.219542
-0.109691
-0.039264
0.002443
0.025768
0.038853
0.046981
0.052868
0.057314
0.059806
0.059218
0.055444
0.049407
0.041858
0.032716
0.020525
0.001863
-0.029233
-0.081405
-0.165095
-0.290589
-0.463473
-0.673743
-0.905674
-1.145210
-1.379953
-1.600653
-1.801574
-1.980058
-2.135741
-2.269729
-2.383928
-2.480576
-2.561960
-2.599203
-2.726673
-2.650782
-2.560565
-2.453734
-2.327915
-2.180844
-2.010691
-1.816582
-1.599329
-1.362308
-1.112272
-0.859731
-0.618433
-0.404756
-0.235947
-0.117980
-0.042152
0.002609
0.027257
0.040603
0.048464
0.053908
0.057934
0.060136
0.059439
0.055750
0.049942
0.042681
0.033749
0.021450
0.001971
-0.031212
-0.087394
-0.177571
-0.312303
-0.496925
-0.720215
-0.965234
-1.217124
-1.462984
-1.693337
-1.902428
-2.087708
-2.248981
-2.387534
-2.505449
-2.605118
-2.688956
-2.726673
-2.854382
-2.776279
-2.683354
-2.573209
-2.443338
-2.291320
-2.115153
-1.913786
-1.687877
-1.440721
-1.179129
-0.913899
-0.659355
-0.432842
-0.252958
-0.126631
-0.045188
0.002784
0.028843
0.042478
0.050067
0.055046
0.058627
0.060517
0.059700
0.056103
0.050539
0.043582
0.034865
0.022440
0.002086
-0.033306
-0.093687
-0.190592
-0.334819
-0.531406
-0.767873
-1.026048
-1.290284
-1.547191
-1.787090
-2.004226
-2.196172
-2.362908
-2.505913
-2.627443
-2.730043
-2.816260
-2.854382
-2.982283
-2.902027
-2.806466
-2.693090
-2.559260
-2.402400
-2.220333
-2.011825
-1.777371
-1.520169
-1.247072
-0.969140
-0.701263
-0.461745
-0.270563
-0.135642
-0.048370
0.002968
0.030526
0.044480
0.051791
0.056284
0.059396
0.060953
0.060005
0.056507
0.051202
0.044563
0.036065
0.023498
0.002207
-0.035516
-0.100286
-0.204153
-0.358122
-0.566891
-0.816677
-1.088069
-1.364632
-1.632511
-1.881845
-2.106898
-2.305380
-2.477459
-2.624804
-2.749850
-2.855297
-2.943819
-2.982283
-3.110328
-3.027978
-2.929849
-2.813321
-2.675624
-2.514026
-2.326171
-2.110638
-1.867751
-1.600596
-1.316049
-1.025413
-0.744124
-0.491445
-0.288752
-0.145006
-0.051699
0.003163
0.032309
0.046612
0.053638
0.057625
0.060243
0.061446
0.060359
0.056964
0.051932
0.045624
0.037352
0.024624
0.002336
-0.037842
-0.107188
-0.218248
-0.382198
-0.603354
-0.866592
-1.151248
-1.440111
-1.718881
-1.977537
-2.210381
-2.415272
-2.592572
-2.744148
-2.872615
-2.980827
-3.071584
-3.110328
-3.238476
-3.154088
-3.053457
-2.933855
-2.792379
-2.626142
-2.432609
-2.210167
-1.958959
-1.681947
-1.386011
-1.082677
-0.787907
-0.521923
-0.307515
-0.154722
-0.055175
0.003367
0.034192
0.048875
0.055612
0.059070
0.061170
0.062000
0.060763
0.057478
0.052731
0.046769
0.038726
0.025819
0.002472
-0.040286
-0.114393
-0.232871
-0.407033
-0.640772
-0.917582
-1.215539
-1.516669
-1.806244
-2.074106
-2.314613
-2.525787
-2.708191
-2.863894
-2.995689
-3.106586
-3.199510
-3.238476
-3.366687
-3.280315
-3.177246
-3.054644
-2.909476
-2.738698
-2.539595
-2.310358
-2.050941
-1.764170
-1.456912
-1.140893
-0.832585
-0.553157
-0.326842
-0.164785
-0.058795
0.003581
0.036178
0.051274
0.057715
0.060623
0.062181
0.062618
0.061223
0.058050
0.053603
0.047998
0.040191
0.027086
0.002616
-0.042847
-0.121900
-0.248016
-0.432613
-0.679119
-0.969612
-1.280899
-1.594253
-1.894544
-2.171495
-2.419538
-2.636871
-2.824263
-2.983989
-3.119024
-3.232529
-3.327555
-3.366687
-3.494925
-3.406621
-3.301175
-3.175646
-3.026869
-2.851645
-2.647078
-2.411158
-2.143645
-1.847217
-1.528707
-1.200023
-0.878127
-0.585131
-0.346721
-0.175190
-0.062561
0.003805
0.038266
0.053809
0.059949
0.062286
0.063278
0.063303
0.061741
0.058686
0.054548
0.049315
0.041747
0.028426
0.002767
-0.045527
-0.129708
-0.263678
-0.458925
-0.718374
-1.022650
-1.347285
-1.672816
-1.983727
-2.269648
-2.525103
-2.748471
-2.940740
-3.104389
-3.242576
-3.358615
-3.455681
-3.494925
-3.623158
-3.532972
-3.425209
-3.296820
-3.144516
-2.964939
-2.755011
-2.512520
-2.237024
-1.931039
-1.601352
-1.260031
-0.924506
-0.617825
-0.367142
-0.185935
-0.066471
0.004039
0.040459
0.056485
0.062319
0.064062
0.064464
0.064058
0.062320
0.059386
0.055570
0.050721
0.043397
0.029839
0.002925
-0.048325
-0.137815
-0.279849
-0.485956
-0.758513
-1.076661
-1.414656
-1.752310
-2.073745
-2.368516
-2.631255
-2.860538
-3.057573
-3.225049
-3.366305
-3.484806
-3.583851
-3.623158
-3.751354
-3.659335
-3.549311
-3.418131
-3.262378
-3.078538
-2.863350
-2.614398
-2.331031
-2.015593
-1.674807
-1.320881
-0.971694
-0.651221
-0.388097
-0.197014
-0.070525
0.004283
0.042758
0.059303
0.064826
0.065953
0.065741
0.064886
0.062964
0.060153
0.056671
0.052218
0.045143
0.031328
0.003092
-0.051243
-0.146219
-0.296524
-0.513692
-0.799514
-1.131616
-1.482973
-1.832689
-2.164547
-2.468048
-2.737947
-2.973028
-3.174721
-3.345929
-3.490173
-3.611067
-3.712033
-3.751354
-3.879486
-3.785679
-3.673449
-3.539544
-3.380417
-3.192402
-2.972054
-2.716749
-2.425621
-2.100835
-1.749032
-1.382539
-1.019666
-0.685302
-0.409574
-0.208423
-0.074722
0.004537
0.045164
0.062266
0.067474
0.067962
0.067112
0.065790
0.063675
0.060992
0.057853
0.053809
0.046987
0.032893
0.003266
-0.054281
-0.154920
-0.313696
-0.542120
-0.841355
-1.187483
-1.552198
-1.913911
-2.256088
-2.568198
-2.845134
-3.085895
-3.292143
-3.466991
-3.614144
-3.737366
-3.840197
-3.879486
-4.007527
-3.911977
-3.797595
-3.661026
-3.498600
-3.306495
-3.081083
-2.819531
-2.520753
-2.186724
-1.823989
-1.444973
-1.068396
-0.720049
-0.431565
-0.220159
-0.079060
0.004800
0.047678
0.065377
0.070266
0.070092
0.068580
0.066774
0.064457
0.061903
0.059118
0.055495
0.048931
0.034537
0.003447
-0.057437
-0.163915
-0.331360
-0.571227
-0.884014
-1.244233
-1.622294
-1.995934
-2.348325
-2.668923
-2.952774
-3.199101
-3.409800
-3.588201
-3.738187
-3.863672
-3.968314
-4.007527
-4.135454
-4.038204
-3.921720
-3.782549
-3.616894
-3.420782
-3.190401
-2.922706
-2.616388
-2.273222
-1.899641
-1.508150
-1.117858
-0.755447
-0.454059
-0.232218
-0.083539
0.005074
0.050301
0.068638
0.073206
0.072347
0.070147
0.067839
0.065312
0.062891
0.060470
0.057281
0.050978
0.036259
0.003637
-0.060714
-0.173202
-0.349510
-0.601000
-0.927472
-1.301836
-1.693224
-2.078718
-2.441215
-2.770179
-3.060825
-3.312606
-3.527658
-3.709524
-3.862271
-3.989957
-4.096359
-4.135454
-4.263245
-4.164336
-4.045800
-3.904084
-3.735269
-3.535232
-3.299973
-3.026238
-2.712488
-2.360290
-1.975953
-1.572041
-1.168029
-0.791477
-0.477047
-0.244595
-0.088159
0.005358
0.053033
0.072051
0.076297
0.074730
0.071818
0.068989
0.066243
0.063957
0.061910
0.059167
0.053130
0.038063
0.003835
-0.064110
-0.182779
-0.368138
-0.631427
-0.971708
-1.360264
-1.764955
-2.162224
-2.534717
-2.871928
-3.169249
-3.426375
-3.645683
-3.830932
-3.986367
-4.116195
-4.224307
-4.263245
-4.390878
-4.290350
-4.169809
-4.025606
-3.853699
-3.649813
-3.409767
-3.130091
-2.809017
-2.447893
-2.052891
-1.636615
-1.218885
-0.828125
-0.500519
-0.257286
-0.092917
0.005652
0.055876
0.075620
0.079541
0.077244
0.073594
0.070226
0.067254
0.065104
0.063441
0.061158
0.055390
0.039948
0.004040
-0.067626
-0.192645
-0.387239
-0.662496
-1.016700
-1.419490
-1.837453
-2.246415
-2.628795
-2.974131
-3.278010
-3.540375
-3.763845
-3.952394
-4.110450
-4.242362
-4.352136
-4.390878
-4.518337
-4.416228
-4.293728
-4.147091
-3.972156
-3.764498
-3.519753
-3.234235
-2.905942
-2.535998
-2.130423
-1.701843
-1.270403
-0.865373
-0.524467
-0.270287
-0.097814
0.005956
0.058831
0.079346
0.082944
0.079893
0.075480
0.071555
0.068348
0.066336
0.065066
0.063255
0.057759
0.041916
0.004254
-0.071261
-0.202797
-0.406807
-0.694193
-1.062431
-1.479487
-1.910686
-2.331255
-2.723410
-3.076752
-3.387075
-3.654573
-3.882113
-4.073885
-4.234496
-4.368437
-4.479826
-4.518337
-4.645603
-4.541949
-4.417534
-4.268517
-4.090617
-3.879260
-3.629901
-3.338637
-3.003229
-2.624571
-2.208517
-1.767698
-1.322560
-0.903207
-0.548881
-0.283594
-0.102847
0.006270
0.061898
0.083232
0.086508
0.082680
0.077478
0.072978
0.069526
0.067655
0.066789
0.065462
0.060241
0.043969
0.004476
-0.075016
-0.213233
-0.426835
-0.726508
-1.108879
-1.540228
-1.984622
-2.416711
-2.818529
-3.179759
-3.496412
-3.768940
-4.000461
-4.195380
-4.358481
-4.494398
-4.607359
-4.645603
-4.772660
-4.667498
-4.541211
-4.389864
-4.209060
-3.994075
-3.740184
-3.443270
-3.100850
-2.713581
-2.287144
-1.834153
-1.375335
-0.941610
-0.573751
-0.297203
-0.108017
0.006593
0.065078
0.087279
0.090236
0.085610
0.079593
0.074498
0.070793
0.069064
0.068612
0.067781
0.062837
0.046107
0.004706
-0.078890
-0.223951
-0.447318
-0.759427
-1.156028
-1.601689
-2.059232
-2.502750
-2.914117
-3.283117
-3.605989
-3.883448
-4.118863
-4.316856
-4.482386
-4.620226
-4.734715
-4.772660
-4.899494
-4.792858
-4.664739
-4.511112
-4.327462
-4.108920
-3.850578
-3.548104
-3.198774
-2.802999
-2.366274
-1.901181
-1.428707
-0.980568
-0.599070
-0.311110
-0.113321
0.006927
0.068371
0.091492
0.094133
0.088686
0.081827
0.076119
0.072152
0.070567
0.070538
0.070217
0.065551
0.048332
0.004944
-0.082883
-0.234949
-0.468249
-0.792940
-1.203857
-1.663844
-2.134486
-2.589340
-3.010143
-3.386797
-3.715778
-3.998070
-4.237295
-4.438290
-4.606189
-4.745904
-4.861881
-4.899494
-5.026093
-4.918015
-4.788104
-4.632244
-4.445805
-4.223772
-3.961059
-3.653116
-3.296974
-2.892797
-2.445880
-1.968758
-1.482654
-1.020065
-0.624828
-0.325310
-0.118760
0.007271
0.071778
0.095870
0.098201
0.091912
0.084184
0.077843
0.073606
0.072166
0.072570
0.072771
0.068384
0.050645
0.005190
-0.086995
-0.246224
-0.489622
-0.827033
-1.252349
-1.726670
-2.210355
-2.676450
-3.106576
-3.490769
-3.825752
-4.112783
-4.355736
-4.559664
-4.729874
-4.871415
-4.988840
-5.026093
-5.152442
-5.042954
-4.911290
-4.753243
-4.564070
-4.338612
-4.071604
-3.758280
-3.395424
-2.982946
-2.525935
-2.036858
-1.537156
-1.060088
-0.651016
-0.339800
-0.124331
0.007624
0.075300
0.100417
0.102445
0.095292
0.086670
0.079676
0.075157
0.073864
0.074712
0.075447
0.071340
0.053047
0.005445
-0.091226
-0.257775
-0.511431
-0.861697
-1.301485
-1.790143
-2.286813
-2.764052
-3.203388
-3.595006
-3.935885
-4.227562
-4.474164
-4.680958
-4.853424
-4.996745
-5.115579
-5.152442
-5.278532
-5.167665
-5.034284
-4.874095
-4.682240
-4.453420
-4.182191
-3.863572
-3.494099
-3.073422
-2.606414
-2.105459
-1.592195
-1.100622
-0.677627
-0.354576
-0.130034
0.007988
0.078937
0.105134
0.106868
0.098832
0.089286
0.081619
0.076810
0.075666
0.076968
0.078249
0.074420
0.055539
0.005708
-0.095575
-0.269599
-0.533669
-0.896918
-1.351250
-1.854240
-2.363832
-2.852117
-3.300551
-3.699481
-4.046153
-4.342385
-4.592559
-4.802155
-4.976822
-5.121879
-5.242085
-5.278532
-5.404352
-5.292135
-5.157073
-4.994784
-4.800300
-4.568180
-4.292802
-3.968972
-3.592975
-3.164200
-2.687291
-2.174538
-1.647750
-1.141654
-0.704650
-0.369633
-0.135867
0.008361
0.082689
0.110024
0.111474
0.102533
0.092038
0.083677
0.078568
0.077574
0.079341
0.081180
0.077627
0.058123
0.005979
-0.100042
-0.281693
-0.556332
-0.932687
-1.401624
-1.918938
-2.441387
-2.940618
-3.398037
-3.804170
-4.156534
-4.457233
-4.710904
-4.923238
-5.100055
-5.246804
-5.368348
-5.404352
-5.529893
-5.416354
-5.279646
-5.115298
-4.918234
-4.682873
-4.403418
-4.074459
-3.692030
-3.255256
-2.768543
-2.244071
-1.703804
-1.183168
-0.732079
-0.384968
-0.141830
0.008744
0.086556
0.115088
0.116265
0.106403
0.094930
0.085854
0.080434
0.079592
0.081834
0.084244
0.080963
0.060798
0.006259
-0.104626
-0.294056
-0.579412
-0.968992
-1.452592
-1.984217
-2.519454
-3.029530
-3.495822
-3.909047
-4.267006
-4.572086
-4.829181
-5.044193
-5.223110
-5.371510
-5.494356
-5.529893
-5.655145
-5.540313
-5.401991
-5.235625
-5.036030
-4.797485
-4.514021
-4.180012
-3.791244
-3.346567
-2.850148
-2.314039
-1.760337
-1.225153
-0.759904
-0.400576
-0.147921
0.009137
0.090540
0.120329
0.121247
0.110443
0.097967
0.088154
0.082412
0.081724
0.084451
0.087443
0.084432
0.063566
0.006547
-0.109328
-0.306685
-0.602904
-1.005822
-1.504137
-2.050055
-2.598008
-3.118828
-3.593881
-4.014092
-4.377548
-4.686926
-4.947374
-5.165005
-5.345972
-5.495983
-5.620100
-5.655145
-5.780102
-5.664002
-5.524099
-5.355754
-5.153673
-4.912002
-4.624595
-4.285615
-3.890595
-3.438113
-2.932084
-2.384420
-1.817332
-1.267594
-0.788117
-0.416454
-0.154140
0.009540
0.094641
0.125747
0.126421
0.114660
0.101152
0.090580
0.084506
0.083973
0.087197
0.090782
0.088035
0.066428
0.006843
-0.114146
-0.319578
-0.626802
-1.043166
-1.556243
-2.116430
-2.677026
-3.208487
-3.692192
-4.119283
-4.488141
-4.801735
-5.065468
-5.285662
-5.468633
-5.620216
-5.745570
-5.780102
-5.904755
-5.787414
-5.645960
-5.475673
-5.271153
-5.026409
-4.735125
-4.391249
-3.990064
-3.529871
-3.014329
-2.455195
-1.874773
-1.310479
-0.816711
-0.432598
-0.160484
0.009952
0.098858
0.131345
0.131791
0.119057
0.104490
0.093137
0.086720
0.086344
0.090075
0.094263
0.091775
0.069385
0.007148
-0.119081
-0.332732
-0.651100
-1.081013
-1.608893
-2.183324
-2.756486
-3.298486
-3.790732
-4.224599
-4.598767
-4.916498
-5.183450
-5.406150
-5.591079
-5.744197
-5.870759
-5.904755
-6.029099
-5.910540
-5.767566
-5.595374
-5.388458
-5.140694
-4.845595
-4.496899
-4.089634
-3.621824
-3.096863
-2.526343
-1.932641
-1.353795
-0.845678
-0.449004
-0.166954
0.010375
0.103192
0.137124
0.137361
0.123640
0.107987
0.095830
0.089057
0.088840
0.093089
0.097891
0.095654
0.072438
0.007462
-0.124132
-0.346145
-0.675792
-1.119354
-1.662073
-2.250717
-2.836365
-3.388801
-3.889480
-4.330022
-4.709409
-5.031200
-5.301306
-5.526460
-5.713303
-5.867920
-5.995659
-6.029099
-6.153128
-6.033376
-5.888910
-5.714847
-5.505579
-5.254846
-4.955993
-4.602548
-4.189287
-3.713953
-3.179668
-2.597847
-1.990921
-1.397530
-0.875009
-0.465668
-0.173547
0.010806
0.107643
0.143086
0.143135
0.128412
0.111646
0.098662
0.091522
0.091466
0.096243
0.101669
0.099674
0.075588
0.007783
-0.129298
-0.359814
-0.700873
-1.158177
-1.715767
-2.318589
-2.916643
-3.479411
-3.988417
-4.435532
-4.820051
-5.145827
-5.419024
-5.646579
-5.835294
-5.991375
-6.120263
-6.153128
-6.276835
-6.155914
-6.009984
-5.834085
-5.622504
-5.368852
-5.066306
-4.708182
-4.289006
-3.806238
-3.262724
-2.669688
-2.049598
-1.441671
-0.904697
-0.482586
-0.180263
0.011248
0.112212
0.149232
0.149115
0.133378
0.115473
0.101639
0.094120
0.094226
0.099542
0.105601
0.103839
0.078835
0.008114
-0.134579
-0.373738
-0.726336
-1.197472
-1.769960
-2.386922
-2.997300
-3.570297
-4.087522
-4.541113
-4.930677
-5.260365
-5.536592
-5.766499
-5.957045
-6.114556
-6.244566
-6.276835
-6.400218
-6.278148
-6.130782
-5.953079
-5.739226
-5.482703
-5.176521
-4.813788
-4.388777
-3.898665
-3.346014
-2.741848
-2.108654
-1.486208
-0.934734
-0.499754
-0.187100
0.011699
0.116898
0.155564
0.155305
0.138543
0.119473
0.104765
0.096854
0.097124
0.102990
0.109691
0.108149
0.082180
0.008453
-0.139975
-0.387914
-0.752176
-1.237230
-1.824638
-2.455698
-3.078316
-3.661438
-4.186779
-4.646749
-5.041274
-5.374802
-5.654000
-5.886211
-6.078547
-6.237455
-6.368561
-6.400218
-6.523270
-6.400074
-6.251298
-6.071823
-5.855737
-5.596390
-5.286628
-4.919352
-4.488585
-3.991215
-3.429520
-2.814312
-2.168076
-1.531127
-0.965113
-0.517169
-0.194057
0.012159
0.121703
0.162083
0.161708
0.143912
0.123650
0.108045
0.099729
0.100164
0.106591
0.113941
0.112608
0.085624
0.008800
-0.145485
-0.402339
-0.778387
-1.277440
-1.879786
-2.524900
-3.159672
-3.752817
-4.286169
-4.752423
-5.151827
-5.489126
-5.771239
-6.005705
-6.199794
-6.360068
-6.492243
-6.523270
-6.645989
-6.521687
-6.371526
-6.190310
-5.972028
-5.709903
-5.396616
-5.024863
-4.588415
-4.083874
-3.513227
-2.887062
-2.227849
-1.576417
-0.995826
-0.534826
-0.201134
0.012629
0.126625
0.168792
0.168327
0.149488
0.128011
0.111483
0.102750
0.103352
0.110350
0.118357
0.117217
0.089168
0.009156
-0.151109
-0.417011
-0.804963
-1.318092
-1.935390
-2.594511
-3.241349
-3.844414
-4.385676
-4.858121
-5.262324
-5.603327
-5.888298
-6.124975
-6.320779
-6.482389
-6.615607
-6.645989
-6.768370
-6.642984
-6.491462
-6.308535
-6.088093
-5.823233
-5.506475
-5.130308
-4.688254
-4.176628
-3.597118
-2.960083
-2.287959
-1.622069
-1.026865
-0.552723
-0.208329
0.013109
0.131665
0.175690
0.175165
0.155277
0.132559
0.115086
0.105921
0.106691
0.114271
0.122940
0.121979
0.092812
0.009520
-0.156846
-0.431928
-0.831900
-1.359177
-1.991436
-2.664513
-3.323331
-3.936214
-4.485284
-4.963829
-5.372752
-5.717394
-6.005169
-6.244013
-6.441495
-6.604411
-6.738650
-6.768370
-6.890411
-6.763959
-6.611101
-6.426492
-6.203926
-5.936374
-5.616196
-5.235678
-4.788091
-4.269461
-3.681179
-3.033359
-2.348391
-1.668069
-1.058225
-0.570855
-0.215640
0.013598
0.136823
0.182780
0.182226
0.161284
0.137301
0.118857
0.109247
0.110188
0.118358
0.127696
0.126896
0.096557
0.009893
-0.162696
-0.447087
-0.859190
-1.400685
-2.047912
-2.734891
-3.405600
-4.028199
-4.584978
-5.069534
-5.483101
-5.831318
-6.121845
-6.362812
-6.561938
-6.726132
-6.861368
-6.890411
-7.012109
-6.884611
-6.730439
-6.544176
-6.319519
-6.049318
-5.725770
-5.340961
-4.887913
-4.362362
-3.765394
-3.106877
-2.409132
-1.714408
-1.089897
-0.589220
-0.223068
0.014096
0.142099
0.190062
0.189511
0.167512
0.142241
0.122802
0.112734
0.113845
0.122617
0.132627
0.131970
0.100404
0.010275
-0.168658
-0.462486
-0.886830
-1.442607
-2.104803
-2.805629
-3.488139
-4.120353
-4.684743
-5.175223
-5.593360
-5.945089
-6.238317
-6.481366
-6.682102
-6.847546
-6.983757
-7.012109
-7.133462
-7.004935
-6.849473
-6.661582
-6.434869
-6.162057
-5.835190
-5.446148
-4.987708
-4.455316
-3.849750
-3.180621
-2.470169
-1.761075
-1.121875
-0.607812
-0.230610
0.014604
0.147494
0.197538
0.197026
0.173967
0.147385
0.126927
0.116385
0.117669
0.127051
0.137737
0.137202
0.104354
0.010665
-0.174731
-0.478122
-0.914813
-1.484933
-2.162096
-2.876711
-3.570933
-4.212661
-4.784567
-5.280885
-5.703518
-6.058700
-6.354580
-6.599669
-6.801983
-6.968651
-7.105814
-7.133462
-7.254467
-7.124930
-6.968198
-6.778707
-6.549969
-6.274587
-5.944447
-5.551231
-5.087467
-4.548311
-3.934235
-3.254579
-2.531490
-1.808059
-1.154151
-0.626628
-0.238265
0.015120
0.153007
0.205209
0.204771
0.180652
0.152738
0.131237
0.120207
0.121664
0.131666
0.143031
0.142596
0.108406
0.011064
-0.180916
-0.493994
-0.943134
-1.527654
-2.219780
-2.948124
-3.653967
-4.305110
-4.884435
-5.386507
-5.813566
-6.172142
-6.470625
-6.717717
-6.921577
-7.089442
-7.227537
-7.254467
-7.375123
-7.244592
-7.086612
-6.895547
-6.664815
-6.386901
-6.053534
-5.656200
-5.187179
-4.641338
-4.018834
-3.328736
-2.593081
-1.855352
-1.186719
-0.645666
-0.246032
0.015647
0.158639
0.213077
0.212751
0.187573
0.158306
0.135736
0.124205
0.125836
0.136466
0.148510
0.148153
0.112562
0.011471
-0.187211
-0.510098
-0.971787
-1.570762
-2.277841
-3.019853
-3.737225
-4.397684
-4.984336
-5.492080
-5.923495
-6.285408
-6.586448
-6.835504
-7.040879
-7.209916
-7.348923
-7.375123
-7.495429
-7.363921
-7.204713
-7.012097
-6.779403
-6.498994
-6.162446
-5.761047
-5.286834
-4.734383
-4.103535
-3.403081
-2.654932
-1.902942
-1.219572
-0.664921
-0.253911
0.016182
0.164389
0.221142
0.220967
0.194733
0.164093
0.140432
0.128384
0.130189
0.141455
0.154179
0.153874
0.116823
0.011886
-0.193616
-0.526433
-1.000768
-1.614247
-2.336268
-3.091882
-3.820693
-4.490370
-5.084257
-5.597593
-6.033298
-6.398491
-6.702043
-6.953027
-7.159886
-7.330072
-7.469970
-7.495429
-7.615382
-7.482914
-7.322497
-7.128356
-6.893728
-6.610860
-6.271175
-5.865766
-5.386424
-4.827437
-4.188328
-3.477601
-2.717029
-1.950820
-1.252703
-0.684390
-0.261900
0.016726
0.170257
0.229405
0.229423
0.202138
0.170106
0.145329
0.132749
0.134729
0.146638
0.160042
0.159763
0.121188
0.012311
-0.200130
-0.542996
-1.030070
-1.658100
-2.395049
-3.164200
-3.904358
-4.583157
-5.184188
-5.703037
-6.142965
-6.511385
-6.817404
-7.070280
-7.278595
-7.449906
-7.590677
-7.615382
-7.734983
-7.601570
-7.439964
-7.244320
-7.007787
-6.722496
-6.379716
-5.970348
-5.485940
-4.920489
-4.273201
-3.552285
-2.779363
-1.998977
-1.286107
-0.704069
-0.269997
0.017280
0.176244
0.237867
0.238121
0.209790
0.176350
0.150433
0.137305
0.139461
0.152020
0.166101
0.165820
0.125658
0.012744
-0.206754
-0.559785
-1.059690
-1.702313
-2.454172
-3.236793
-3.988205
-4.676030
-5.284117
-5.808403
-6.252489
-6.624084
-6.932528
-7.187261
-7.397003
-7.569416
-7.711041
-7.734983
-7.854229
-7.719887
-7.557111
-7.359988
-7.121578
-6.833896
-6.488064
-6.074788
-5.585374
-5.013531
-4.358143
-3.627119
-2.841922
-2.047403
-1.319775
-0.723956
-0.278202
0.017843
0.182349
0.246530
0.247064
0.217696
0.182830
0.155750
0.142060
0.144390
0.157606
0.172360
0.172047
0.130235
0.013185
-0.213485
-0.576796
-1.089620
-1.746878
-2.513625
-3.309647
-4.072224
-4.768979
-5.384034
-5.913682
-6.361864
-6.736582
-7.047409
-7.303965
-7.515108
-7.688601
-7.831062
-7.854229
-7.973121
-7.837865
-7.673936
-7.475355
-7.235096
-6.945057
-6.596214
-6.179078
-5.684719
-5.106552
-4.443143
-3.702095
-2.904694
-2.096089
-1.353703
-0.744045
-0.286514
0.018414
0.188572
0.255394
0.256254
0.225859
0.189551
0.161285
0.147017
0.149521
0.163400
0.178823
0.178447
0.134917
0.013635
-0.220324
-0.594029
-1.119857
-1.791785
-2.573398
-3.382751
-4.156400
-4.861992
-5.483930
-6.018866
-6.471083
-6.848874
-7.162043
-7.420390
-7.632908
-7.807459
-7.950739
-7.973121
-8.091659
-7.955502
-7.790438
-7.590422
-7.348339
-7.055976
-6.704160
-6.283214
-5.783966
-5.199546
-4.528192
-3.777201
-2.967671
-2.145026
-1.387884
-0.764335
-0.294931
0.018995
0.194913
0.264461
0.265695
0.234283
0.196519
0.167045
0.152183
0.154861
0.169407
0.185492
0.185021
0.139707
0.014094
-0.227271
-0.611480
-1.150396
-1.837027
-2.633479
-3.456093
-4.240723
-4.955059
-5.583796
-6.123947
-6.580140
-6.960955
-7.276427
-7.536533
-7.750399
-7.925989
-8.070070
-8.091659
-8.209841
-8.072798
-7.906616
-7.705185
-7.461304
-7.166649
-6.811899
-6.387189
-5.883110
-5.292502
-4.613281
-3.852427
-3.030841
-2.194207
-1.422311
-0.784822
-0.303453
0.019584
0.201373
0.273731
0.275387
0.242972
0.203739
0.173034
0.157563
0.160413
0.175631
0.192372
0.191771
0.144604
0.014561
-0.234324
-0.629147
-1.181230
-1.882595
-2.693858
-3.529660
-4.325180
-5.048169
-5.683622
-6.228918
-6.689029
-7.072821
-7.390558
-7.652392
-7.867581
-8.044188
-8.189055
-8.209841
-8.327668
-8.189752
-8.022470
-7.819644
-7.573990
-7.277073
-6.919426
-6.490998
-5.982143
-5.385414
-4.698400
-3.927763
-3.094196
-2.243621
-1.456978
-0.805502
-0.312077
0.020183
0.207951
0.283204
0.285335
0.251930
0.211217
0.179260
0.163163
0.166184
0.182077
0.199465
0.198698
0.149608
0.015036
-0.241483
-0.647029
-1.212355
-1.928482
-2.754525
-3.603441
-4.409761
-5.141312
-5.783400
-6.333773
-6.797744
-7.184467
-7.504432
-7.767964
-7.984452
-8.162057
-8.307694
-8.327668
-8.445140
-8.306365
-8.137997
-7.933797
-7.686394
-7.387245
-7.026738
-6.594637
-6.081060
-5.478274
-4.783541
-4.003200
-3.157725
-2.293262
-1.491881
-0.826372
-0.320804
0.020790
0.214647
0.292883
0.295539
0.261162
0.218958
0.185726
0.168989
0.172180
0.188750
0.206774
0.205804
0.154721
0.015521
-0.248747
-0.665121
-1.243767
-1.974679
-2.815469
-3.677426
-4.494455
-5.234479
-5.883122
-6.438504
-6.906281
-7.295889
-7.618046
-7.883247
-8.101011
-8.279595
-8.425986
-8.445140
-8.562257
-8.422635
-8.253198
-8.047642
-7.798515
-7.497162
-7.133832
-6.698101
-6.179855
-5.571075
-4.868695
-4.078728
-3.221419
-2.343120
-1.527012
-0.847429
-0.329631
0.021406
0.221460
0.302767
0.306003
0.270672
0.226966
0.192441
0.175047
0.178404
0.195654
0.214303
0.213091
0.159943
0.016013
-0.256116
-0.683423
-1.275459
-2.021179
-2.876681
-3.751602
-4.579252
-5.327661
-5.982781
-6.543106
-7.014634
-7.407085
-7.731397
-7.998239
-8.217256
-8.396801
-8.543931
-8.562257
-8.679019
-8.538563
-8.368073
-8.161180
-7.910351
-7.606823
-7.240703
-6.801386
-6.278523
-5.663810
-4.953855
-4.154338
-3.285269
-2.393188
-1.562365
-0.868669
-0.338558
0.022030
0.228392
0.312857
0.316729
0.280462
0.235248
0.199409
0.181342
0.184864
0.202793
0.222055
0.220559
0.165273
0.016514
-0.263589
-0.701931
-1.307428
-2.067974
-2.938150
-3.825961
-4.664141
-5.420848
-6.082369
-6.647574
-7.122800
-7.518050
-7.844485
-8.112939
-8.333187
-8.513674
-8.661529
-8.679019
-8.795428
-8.654150
-8.482620
-8.274409
-8.021900
-7.716225
-7.347350
-6.904487
-6.377058
-5.756473
-5.039013
-4.230023
-3.349267
-2.443458
-1.597936
-0.890090
-0.347584
0.022663
0.235440
0.323154
0.327718
0.290538
0.243808
0.206636
0.187881
0.191564
0.210172
0.230032
0.228212
0.170713
0.017024
-0.271165
-0.720644
-1.339667
-2.115056
-2.999868
-3.900492
-4.749114
-5.514034
-6.181880
-6.751900
-7.230773
-7.628782
-7.957305
-8.227345
-8.448802
-8.630214
-8.778779
-8.795428
-8.911482
-8.769394
-8.596840
-8.387328
-8.133162
-7.825367
-7.453769
-7.007402
-6.475455
-5.849057
-5.124161
-4.305774
-3.413404
-2.493923
-1.633719
-0.911687
-0.356707
0.023305
0.242607
0.333659
0.338973
0.300902
0.252652
0.214127
0.194668
0.198509
0.217795
0.238238
0.236050
0.176262
0.017542
-0.278844
-0.739559
-1.372174
-2.162419
-3.061824
-3.975185
-4.834160
-5.607209
-6.281307
-6.856081
-7.338551
-7.739277
-8.069856
-8.341457
-8.564101
-8.746422
-8.895684
-8.911482
-9.027184
-8.884297
-8.710733
-8.499937
-8.244135
-7.934246
-7.559958
-7.110126
-6.573710
-5.941558
-5.209293
-4.381583
-3.477673
-2.544575
-1.669707
-0.933459
-0.365926
0.023956
0.249890
0.344373
0.350496
0.311559
0.261784
0.221890
0.201711
0.205705
0.225668
0.246675
0.244074
0.181922
0.018069
-0.286625
-0.758673
-1.404942
-2.210053
-3.124011
-4.050031
-4.919272
-5.700366
-6.380643
-6.960112
-7.446130
-7.849534
-8.182137
-8.455272
-8.679084
-8.862296
-9.012241
-9.027184
-9.142533
-8.998859
-8.824298
-8.612236
-8.354819
-8.042860
-7.665915
-7.212656
-6.671819
-6.033969
-5.294402
-4.457443
-3.542064
-2.595407
-1.705896
-0.955401
-0.375240
0.024614
0.257291
0.355295
0.362289
0.322512
0.271210
0.229928
0.209014
0.213157
0.233793
0.255347
0.252286
0.187692
0.018604
-0.294508
-0.777985
-1.437966
-2.257953
-3.186418
-4.125020
-5.004441
-5.793499
-6.479884
-7.063987
-7.553505
-7.959549
-8.294145
-8.568790
-8.793750
-8.977837
-9.128453
-9.142533
-9.257531
-9.113081
-8.937536
-8.724224
-8.465212
-8.151210
-7.771636
-7.314989
-6.769777
-6.126286
-5.379482
-4.533346
-3.606571
-2.646412
-1.742280
-0.977510
-0.384649
0.025282
0.264808
0.366426
0.374354
0.333764
0.280934
0.238249
0.216584
0.220871
0.242175
0.264256
0.260688
0.193572
0.019148
-0.302492
-0.797491
-1.471243
-2.306112
-3.249037
-4.200143
-5.089658
-5.886599
-6.579023
-7.167704
-7.660674
-8.069320
-8.405880
-8.682010
-8.908098
-9.093046
-9.244319
-9.257531
-9.372178
-9.226962
-9.050447
-8.835902
-8.575314
-8.259293
-7.877122
-7.417123
-6.867581
-6.218503
-5.464527
-4.609285
-3.671186
-2.697582
-1.778853
-0.999784
-0.394150
0.025957
0.272442
0.377768
0.386693
0.345320
0.290961
0.246857
0.224426
0.228852
0.250819
0.273406
0.269280
0.199564
0.019700
-0.310575
-0.817190
-1.504767
-2.354521
-3.311860
-4.275393
-5.174916
-5.979660
-6.678055
-7.271257
-7.767635
-8.178846
-8.517339
-8.794932
-9.022129
-9.207922
-9.359841
-9.372178
-9.486475
-9.340504
-9.163032
-8.947268
-8.685124
-8.367108
-7.982368
-7.519055
-6.965227
-6.310615
-5.549530
-4.685253
-3.735902
-2.748912
-1.815612
-1.022219
-0.403743
0.026641
0.280192
0.389320
0.399307
0.357182
0.301296
0.255759
0.232546
0.237104
0.259729
0.282797
0.278065
0.205666
0.020260
-0.318758
-0.837079
-1.538534
-2.403175
-3.374878
-4.350759
-5.260207
-6.072677
-6.776974
-7.374642
-7.874383
-8.288124
-8.628523
-8.907555
-9.135843
-9.322465
-9.475018
-9.486475
-9.600424
-9.453708
-9.275291
-9.058324
-8.794643
-8.474654
-8.087375
-7.620782
-7.062712
-6.402619
-5.634486
-4.761244
-3.800711
-2.800395
-1.852549
-1.044812
-0.413427
0.027333
0.288058
0.401083
0.412199
0.369354
0.311944
0.264960
0.240950
0.245634
0.268908
0.292434
0.287042
0.211881
0.020829
-0.327040
-0.857157
-1.572539
-2.452066
-3.438084
-4.426235
-5.345524
-6.165642
-6.875777
-7.477857
-7.980918
-8.397153
-8.739429
-9.019878
-9.249240
-9.436678
-9.589852
-9.600424
-9.714025
-9.566574
-9.387224
-9.169070
-8.903869
-8.581931
-8.192141
-7.722302
-7.160033
-6.494510
-5.719391
-4.837252
-3.865608
-2.852024
-1.889661
-1.067561
-0.423200
0.028034
0.296040
0.413058
0.425370
0.381839
0.322910
0.274465
0.249643
0.254446
0.278361
0.302319
0.296214
0.218206
0.021406
-0.335419
-0.877419
-1.606778
-2.501188
-3.501470
-4.501813
-5.430859
-6.258550
-6.974459
-7.580898
-8.087235
-8.505931
-8.850058
-9.131902
-9.362319
-9.550558
-9.704344
-9.714025
-9.827280
-9.679104
-9.498833
-9.279505
-9.012803
-8.688938
-8.296663
-7.823613
-7.257185
-6.586283
-5.804238
-4.913271
-3.930585
-2.903792
-1.926942
-1.090461
-0.433061
0.028742
0.304137
0.425244
0.438822
0.394640
0.334197
0.284280
0.258631
0.263545
0.288091
0.312455
0.305581
0.224644
0.021991
-0.343896
-0.897865
-1.641246
-2.550535
-3.565027
-4.577484
-5.516206
-6.351396
-7.073015
-7.683762
-8.193334
-8.614458
-8.960408
-9.243626
-9.475082
-9.664109
-9.818494
-9.827280
-9.940190
-9.791297
-9.610117
-9.389630
-9.121445
-8.795674
-8.400942
-7.924713
-7.354168
-6.677936
-5.889023
-4.989294
-3.995636
-2.955695
-1.964388
-1.113511
-0.443010
0.029459
0.312350
0.437642
0.452556
0.407761
0.345812
0.294410
0.267920
0.272936
0.298103
0.322843
0.315145
0.231193
0.022585
-0.352470
-0.918491
-1.675937
-2.600098
-3.628748
-4.653241
-5.601559
-6.444174
-7.171441
-7.786445
-8.299212
-8.722730
-9.070479
-9.355050
-9.587528
-9.777329
-9.932303
-9.940190
-10.052755
-9.903156
-9.721078
-9.499445
-9.229794
-8.902139
-8.504975
-8.025600
-7.450977
-6.769465
-5.973742
-5.065317
-4.060755
-3.007725
-2.001994
-1.136707
-0.453045
0.030183
0.320677
0.450253
0.466574
0.421205
0.357757
0.304861
0.277514
0.282625
0.308400
0.333487
0.324907
0.237855
0.023187
-0.361139
-0.939296
-1.710849
-2.649874
-3.692626
-4.729077
-5.686910
-6.536878
-7.269733
-7.888945
-8.404867
-8.830749
-9.180270
-9.466174
-9.699658
-9.890221
-10.045773
-10.052755
-10.164978
-10.014681
-9.831716
-9.608952
-9.337851
-9.008332
-8.608763
-8.126273
-7.547611
-6.860865
-6.058389
-5.141333
-4.125936
-3.059877
-2.039754
-1.160046
-0.463164
0.030916
0.329119
0.463076
0.480878
0.434974
0.370037
0.315638
0.287420
0.292615
0.318986
0.344389
0.334868
0.244629
0.023798
-0.369904
-0.960277
-1.745977
-2.699854
-3.756654
-4.804986
-5.772255
-6.629505
-7.367888
-7.991259
-8.510297
-8.938512
-9.289780
-9.576998
-9.811472
-10.002784
-10.158904
-10.164978
-10.276860
-10.125873
-9.942032
-9.718149
-9.445616
-9.114253
-8.712303
-8.226730
-7.644068
-6.952134
-6.142961
-5.217338
-4.191173
-3.112145
-2.077664
-1.183525
-0.473368
0.031656
0.337675
0.476111
0.495469
0.449071
0.382657
0.326745
0.297642
0.302913
0.329865
0.355550
0.345028
0.251516
0.024416
-0.378763
-0.981432
-1.781315
-2.750033
-3.820824
-4.880960
-5.857587
-6.722050
-7.465902
-8.093385
-8.615502
-9.046018
-9.399011
-9.687523
-9.922971
-10.115020
-10.271698
-10.276860
-10.388401
-10.236734
-10.052027
-9.827039
-9.553088
-9.219902
-8.815596
-8.326970
-7.740344
-7.043270
-6.227453
-5.293326
-4.256461
-3.164524
-2.115720
-1.207142
-0.483653
0.032404
0.346344
0.489360
0.510348
0.463500
0.395621
0.338189
0.308187
0.313522
0.341041
0.366974
0.355389
0.258515
0.025043
-0.387715
-1.002758
-1.816861
-2.800404
-3.885131
-4.956993
-5.942900
-6.814507
-7.563773
-8.195320
-8.720478
-9.153267
-9.507961
-9.797748
-10.034156
-10.226929
-10.384155
-10.388401
-10.499603
-10.347265
-10.161703
-9.935622
-9.660269
-9.325278
-8.918641
-8.426991
-7.836439
-7.134268
-6.311863
-5.369293
-4.321794
-3.217008
-2.153917
-1.230893
-0.494021
0.033160
0.355127
0.502822
0.525516
0.478263
0.408933
0.349974
0.319059
0.324447
0.352516
0.378663
0.365952
0.265626
0.025678
-0.396761
-1.024252
-1.852608
-2.850963
-3.949566
-5.033078
-6.028190
-6.906874
-7.661495
-8.297063
-8.825226
-9.260259
-9.616629
-9.907674
-10.145027
-10.338512
-10.496277
-10.499603
-10.610468
-10.457466
-10.271059
-10.043898
-9.767159
-9.430382
-9.021436
-8.526792
-7.932349
-7.225126
-6.396185
-5.445235
-4.387166
-3.269592
-2.192251
-1.254776
-0.504469
0.033924
0.364023
0.516498
0.540976
0.493362
0.422597
0.362105
0.330263
0.335693
0.364295
0.390618
0.376718
0.272850
0.026322
-0.405898
-1.045914
-1.888554
-2.901702
-4.014124
-5.109210
-6.113451
-6.999145
-7.759068
-8.398611
-8.929743
-9.366992
-9.725018
-10.017301
-10.255585
-10.449771
-10.608066
-10.610468
-10.720998
-10.567340
-10.380097
-10.151868
-9.873758
-9.535214
-9.123982
-8.626372
-8.028074
-7.315841
-6.480416
-5.521146
-4.452574
-3.322271
-2.230717
-1.278787
-0.514996
0.034695
0.373031
0.530386
0.556727
0.508801
0.436617
0.374587
0.341805
0.347265
0.376380
0.402842
0.387687
0.280187
0.026973
-0.415127
-1.067739
-1.924693
-2.952616
-4.078799
-5.185382
-6.198677
-7.091317
-7.856487
-8.499963
-9.034030
-9.473466
-9.833125
-10.126630
-10.365831
-10.560707
-10.719522
-10.720998
-10.831192
-10.676886
-10.488818
-10.259532
-9.980067
-9.639774
-9.226279
-8.725731
-8.123611
-7.406412
-6.564554
-5.597023
-4.518011
-3.375039
-2.269311
-1.302924
-0.525601
0.035474
0.382152
0.544488
0.572772
0.524582
0.450997
0.387425
0.353689
0.359167
0.388776
0.415336
0.398860
0.287637
0.027632
-0.424446
-1.089726
-1.961022
-3.003699
-4.143583
-5.261589
-6.283865
-7.183386
-7.953751
-8.601116
-9.138083
-9.579681
-9.940951
-10.235661
-10.475765
-10.671319
-10.830646
-10.831192
-10.941054
-10.786108
-10.597223
-10.366893
-10.086085
-9.744062
-9.328325
-8.824866
-8.218960
-7.496835
-6.648594
-5.672861
-4.583473
-3.427892
-2.308028
-1.327185
-0.536282
0.036261
0.391383
0.558803
0.589111
0.540708
0.465740
0.400624
0.365921
0.371402
0.401486
0.428103
0.410238
0.295199
0.028300
-0.433854
-1.111873
-1.997536
-3.054947
-4.208472
-5.337825
-6.369010
-7.275349
-8.050857
-8.702069
-9.241904
-9.685636
-10.048497
-10.344395
-10.585388
-10.781611
-10.941440
-10.941054
-11.050584
-10.895005
-10.705314
-10.473950
-10.191814
-9.848077
-9.430121
-8.923778
-8.314118
-7.587108
-6.732534
-5.748656
-4.648955
-3.480825
-2.346865
-1.351566
-0.547040
0.037055
0.400726
0.573331
0.605746
0.557180
0.480851
0.414187
0.378505
0.383977
0.414512
0.441145
0.421821
0.302874
0.028976
-0.443352
-1.134177
-2.034232
-3.106352
-4.273458
-5.414084
-6.454106
-7.367202
-8.147801
-8.802821
-9.345490
-9.791331
-10.155762
-10.452832
-10.694701
-10.891582
-11.051906
-11.050584
-11.159783
-11.003580
-10.813090
-10.580705
-10.297255
-9.951821
-9.531667
-9.022466
-8.409085
-7.677230
-6.816371
-5.824405
-4.714454
-3.533834
-2.385818
-1.376064
-0.557872
0.037856
0.410180
0.588073
0.622676
0.574001
0.496332
0.428121
0.391447
0.396894
0.427857
0.454463
0.433611
0.310662
0.029659
-0.452938
-1.156635
-2.071104
-3.157910
-4.338537
-5.490362
-6.539151
-7.458942
-8.244583
-8.903369
-9.448842
-9.896767
-10.262748
-10.560973
-10.803706
-11.001234
-11.162044
-11.159783
-11.268654
-11.111833
-10.920554
-10.687158
-10.402407
-10.055294
-9.632962
-9.120929
-8.503858
-7.767198
-6.900102
-5.900104
-4.779963
-3.586912
-2.424882
-1.400677
-0.568778
0.038664
0.419743
0.603028
0.639904
0.591174
0.512189
0.442428
0.404750
0.410158
0.441526
0.468060
0.445609
0.318562
0.030351
-0.462611
-1.179246
-2.108149
-3.209616
-4.403703
-5.566654
-6.624139
-7.550566
-8.341200
-9.003714
-9.551958
-10.001942
-10.369453
-10.668818
-10.912403
-11.110568
-11.271856
-11.268654
-11.377198
-11.219765
-11.027707
-10.793310
-10.507272
-10.158495
-9.734006
-9.219167
-8.598438
-7.857011
-6.983724
-5.975749
-4.845480
-3.640057
-2.464053
-1.425403
-0.579756
0.039480
0.429416
0.618195
0.657431
0.608701
0.528423
0.457114
0.418420
0.423773
0.455521
0.481936
0.457813
0.326574
0.031050
-0.472370
-1.202007
-2.145364
-3.261463
-4.468949
-5.642953
-6.709067
-7.642071
-8.437650
-9.103853
-9.654838
-10.106856
-10.475879
-10.776369
-11.020792
-11.219585
-11.381343
-11.377198
-11.485416
-11.327380
-11.134549
-10.899163
-10.611850
-10.261426
-9.834800
-9.317179
-8.692822
-7.946666
-7.067235
-6.051338
-4.911000
-3.693264
-2.503328
-1.450238
-0.590805
0.040303
0.439198
0.633575
0.675255
0.626583
0.545039
0.472184
0.432461
0.437743
0.469845
0.496094
0.470226
0.334699
0.031757
-0.482215
-1.224915
-2.182743
-3.313448
-4.534272
-5.719257
-6.793932
-7.733454
-8.533931
-9.203785
-9.757482
-10.211511
-10.582025
-10.883625
-11.128876
-11.328286
-11.490507
-11.485416
-11.593310
-11.434676
-11.241083
-11.004716
-10.716142
-10.364087
-9.935343
-9.414964
-8.787010
-8.036163
-7.150632
-6.126866
-4.976520
-3.746528
-2.542702
-1.475180
-0.601925
0.041133
0.449088
0.649167
0.693380
0.644823
0.562040
0.487640
0.446877
0.452072
0.484500
0.510536
0.482847
0.342936
0.032473
-0.492144
-1.247969
-2.220282
-3.365565
-4.599665
-5.795559
-6.878728
-7.824713
-8.630041
-9.303509
-9.859888
-10.315905
-10.687894
-10.990588
-11.236654
-11.436673
-11.599349
-11.593310
-11.700881
-11.541657
-11.347308
-11.109973
-10.820149
-10.466477
-10.035635
-9.512523
-8.881001
-8.125499
-7.233913
-6.202330
-5.042034
-3.799846
-2.582172
-1.500226
-0.613113
0.041969
0.459086
0.664972
0.711805
0.663422
0.579429
0.503487
0.461673
0.466763
0.499490
0.525262
0.495677
0.351285
0.033195
-0.502157
-1.271165
-2.257979
-3.417808
-4.665124
-5.871857
-6.963453
-7.915845
-8.725979
-9.403025
-9.962057
-10.420039
-10.793483
-11.097259
-11.344129
-11.544747
-11.707870
-11.700881
-11.808130
-11.648323
-11.453227
-11.214932
-10.923871
-10.568599
-10.135677
-9.609855
-8.974794
-8.214672
-7.317076
-6.277728
-5.107541
-3.853213
-2.621735
-1.525374
-0.624369
0.042813
0.469191
0.680988
0.730530
0.682384
0.597209
0.519730
0.476853
0.481821
0.514817
0.540275
0.508717
0.359746
0.033926
-0.512253
-1.294502
-2.295829
-3.470174
-4.730643
-5.948144
-7.048104
-8.006848
-8.821743
-9.502331
-10.063989
-10.523913
-10.898796
-11.203637
-11.451300
-11.652509
-11.816072
-11.808130
-11.915060
-11.754676
-11.558841
-11.319596
-11.027310
-10.670452
-10.235469
-9.706959
-9.068388
-8.303683
-7.400119
-6.353057
-5.173035
-3.906625
-2.661386
-1.550621
-0.635691
0.043664
0.479403
0.697216
0.749557
0.701708
0.615383
0.536372
0.492422
0.497250
0.530483
0.555575
0.521967
0.368318
0.034665
-0.522431
-1.317977
-2.333828
-3.522657
-4.796218
-6.024417
-7.132677
-8.097718
-8.917331
-9.601427
-10.165682
-10.627527
-11.003831
-11.309725
-11.558170
-11.759960
-11.923956
-11.915060
-12.021672
-11.860716
-11.664150
-11.423965
-11.130466
-10.772036
-10.335010
-9.803836
-9.161783
-8.392528
-7.483038
-6.428314
-5.238514
-3.960079
-2.701122
-1.575964
-0.647079
0.044521
0.489721
0.713654
0.768886
0.721398
0.633954
0.553418
0.508383
0.513052
0.546493
0.571164
0.535427
0.377002
0.035411
-0.532691
-1.341587
-2.371972
-3.575252
-4.861844
-6.100673
-7.217169
-8.188455
-9.012742
-9.700311
-10.267137
-10.730881
-11.108589
-11.415523
-11.664739
-11.867102
-12.031524
-12.021672
-12.127967
-11.966447
-11.769156
-11.528040
-11.233340
-10.873353
-10.434302
-9.900485
-9.254978
-8.481208
-7.565834
-6.503496
-5.303974
-4.013570
-2.740939
-1.601401
-0.658531
0.045386
0.500144
0.730303
0.788517
0.741455
0.652925
0.570870
0.524740
0.529231
0.562847
0.587044
0.549097
0.385798
0.036164
-0.543030
-1.365331
-2.410257
-3.627955
-4.927517
-6.176907
-7.301576
-8.279055
-9.107975
-9.798984
-10.368354
-10.833976
-11.213071
-11.521032
-11.771008
-11.973935
-12.138777
-12.127967
-12.233947
-12.071868
-11.873861
-11.631823
-11.335933
-10.974403
-10.533344
-9.996907
-9.347972
-8.569720
-7.648503
-6.578600
-5.369412
-4.067096
-2.780835
-1.626930
-0.670046
0.046256
0.510671
0.747162
0.808450
0.761880
0.672300
0.588732
0.541498
0.545791
0.579548
0.603215
0.562978
0.394704
0.036926
-0.553449
-1.389205
-2.448680
-3.680762
-4.993231
-6.253115
-7.385897
-8.369518
-9.203029
-9.897444
-10.469332
-10.936812
-11.317278
-11.626252
-11.876978
-12.080462
-12.245716
-12.233947
-12.339613
-12.176981
-11.978265
-11.735315
-11.438245
-11.075187
-10.632137
-10.093100
-9.440765
-8.658064
-7.731044
-6.653625
-5.434825
-4.120652
-2.820805
-1.652547
-0.681624
0.047134
0.521302
0.764231
0.828687
0.782674
0.692079
0.607009
0.558660
0.562735
0.596599
0.619679
0.577070
0.403721
0.037694
-0.563946
-1.413209
-2.487237
-3.733667
-5.058983
-6.329293
-7.470129
-8.459840
-9.297901
-9.995692
-10.570071
-11.039389
-11.421211
-11.731185
-11.982651
-12.186682
-12.352343
-12.339613
-12.444967
-12.281788
-12.082370
-11.838516
-11.540279
-11.175705
-10.730682
-10.189066
-9.533356
-8.746239
-7.813456
-6.728567
-5.500210
-4.174236
-2.860847
-1.678251
-0.693262
0.048017
0.532037
0.781508
0.849226
0.803840
0.712267
0.625704
0.576230
0.580066
0.614002
0.636438
0.591373
0.412848
0.038470
-0.574521
-1.437338
-2.525924
-3.786667
-5.124768
-6.405439
-7.554268
-8.550020
-9.392592
-10.093725
-10.670572
-11.141708
-11.524869
-11.835831
-12.088027
-12.292599
-12.458660
-12.444967
-12.550010
-12.386290
-12.186177
-11.941428
-11.642033
-11.275957
-10.828977
-10.284804
-9.625745
-8.834243
-7.895736
-6.803425
-5.565563
-4.227843
-2.900956
-1.704039
-0.704960
0.048908
0.542874
0.798994
0.870069
0.825379
0.732866
0.644820
0.594211
0.597787
0.631758
0.653491
0.605888
0.422085
0.039254
-0.585172
-1.461592
-2.564737
-3.839756
-5.190582
-6.481548
-7.638311
-8.640057
-9.487100
-10.191545
-10.770835
-11.243769
-11.628254
-11.940192
-12.193108
-12.398212
-12.564666
-12.550010
-12.654744
-12.490488
-12.289688
-12.044052
-11.743511
-11.375945
-10.927025
-10.380315
-9.717932
-8.922076
-7.977883
-6.878195
-5.630882
-4.281470
-2.941131
-1.729909
-0.716716
0.049804
0.553813
0.816687
0.891215
0.847291
0.753878
0.664360
0.612608
0.615902
0.649872
0.670840
0.620613
0.431432
0.040045
-0.595899
-1.485966
-2.603674
-3.892932
-5.256421
-6.557617
-7.722258
-8.729948
-9.581424
-10.289150
-10.870858
-11.345572
-11.731366
-12.044268
-12.297895
-12.503524
-12.670365
-12.654744
-12.759170
-12.594384
-12.392903
-12.146389
-11.844711
-11.475670
-11.024825
-10.475597
-9.809915
-9.009737
-8.059896
-6.952877
-5.696164
-4.335115
-2.981367
-1.755858
-0.728530
0.050707
0.564853
0.834587
0.912664
0.869579
0.775305
0.684328
0.631423
0.634414
0.668343
0.688486
0.635550
0.440888
0.040843
-0.606700
-1.510460
-2.642729
-3.946189
-5.322282
-6.633644
-7.806105
-8.819692
-9.675564
-10.386541
-10.970644
-11.447118
-11.834206
-12.148060
-12.402389
-12.608534
-12.775757
-12.759170
-12.863290
-12.697979
-12.495823
-12.248440
-11.945636
-11.575131
-11.122377
-10.570652
-9.901696
-9.097225
-8.141774
-7.027468
-5.761407
-4.388774
-3.021662
-1.781884
-0.740401
0.051616
0.575993
0.852694
0.934417
0.892242
0.797151
0.704727
0.650661
0.653325
0.687174
0.706429
0.650697
0.450453
0.041649
-0.617575
-1.535071
-2.681901
-3.999524
-5.388159
-6.709624
-7.889849
-8.909288
-9.769517
-10.483716
-11.070191
-11.548407
-11.936775
-12.251570
-12.506591
-12.713246
-12.880844
-12.863290
-12.967104
-12.801274
-12.598451
-12.350206
-12.046286
-11.674330
-11.219683
-10.665479
-9.993273
-9.184540
-8.223514
-7.101966
-5.826607
-4.442443
-3.062012
-1.807985
-0.752326
0.052531
0.587232
0.871005
0.956473
0.915283
0.819416
0.725559
0.670324
0.672638
0.706368
0.724671
0.666057
0.460126
0.042462
-0.628523
-1.559796
-2.721185
-4.052932
-5.454050
-6.785555
-7.973489
-8.998734
-9.863284
-10.580676
-11.169499
-11.649440
-12.039074
-12.354798
-12.610502
-12.817659
-12.985627
-12.967104
-13.070615
-12.904271
-12.700787
-12.451688
-12.146662
-11.773268
-11.316743
-10.760080
-10.084646
-9.271680
-8.305116
-7.176370
-5.891763
-4.496121
-3.102415
-1.834158
-0.764306
0.053452
0.598570
0.889522
0.978832
0.938701
0.842103
0.746829
0.690415
0.692356
0.725925
0.743213
0.681627
0.469908
0.043281
-0.639543
-1.584634
-2.760577
-4.106411
-5.519951
-6.861434
-8.057023
-9.088029
-9.956864
-10.677420
-11.268570
-11.750218
-12.141102
-12.457745
-12.714123
-12.921776
-13.090108
-13.070615
-13.173825
-13.006972
-12.802833
-12.552888
-12.246765
-11.871945
-11.413556
-10.854452
-10.175816
-9.358645
-8.386579
-7.250676
-5.956872
-4.549804
-3.142868
-1.860400
-0.776338
0.054379
0.610006
0.908242
1.001494
0.962498
0.865215
0.768538
0.710938
0.712481
0.745848
0.762054
0.697408
0.479798
0.044108
-0.650633
-1.609581
-2.800075
-4.159954
-5.585858
-6.937259
-8.140448
-9.177171
-10.050256
-10.773949
-11.367403
-11.850739
-12.242862
-12.560412
-12.817456
-13.025597
-13.194287
-13.173825
-13.276733
-13.109377
-12.904589
-12.653806
-12.346597
-11.970361
-11.510125
-10.948598
-10.266781
-9.445435
-8.467901
-7.324884
-6.021931
-4.603489
-3.183367
-1.886711
-0.788423
0.055312
0.621539
0.927165
1.024459
0.986675
0.888752
0.790690
0.731896
0.733017
0.766138
0.781196
0.713400
0.489794
0.044942
-0.661793
-1.634635
-2.839675
-4.213560
-5.651768
-7.013025
-8.223763
-9.266159
-10.143460
-10.870261
-11.465998
-11.951007
-12.344353
-12.662800
-12.920501
-13.129124
-13.298167
-13.276733
-13.379342
-13.211488
-13.006058
-12.754444
-12.446157
-12.068519
-11.606448
-11.042518
-10.357543
-9.532049
-8.549082
-7.398992
-6.086938
-4.657173
-3.223911
-1.913087
-0.800558
0.056250
0.633168
0.946290
1.047725
1.011233
0.912717
0.813286
0.753291
0.753966
0.786797
0.800640
0.729602
0.499897
0.045783
-0.673022
-1.659795
-2.879373
-4.267224
-5.717677
-7.088731
-8.306965
-9.354992
-10.236474
-10.966357
-11.564355
-12.051020
-12.445577
-12.764910
-13.023260
-13.232358
-13.401748
-13.379342
-13.481654
-13.313305
-13.107239
-12.854803
-12.545447
-12.166417
-11.702527
-11.136211
-10.448100
-9.618486
-8.630119
-7.472999
-6.151891
-4.710855
-3.264495
-1.939526
-0.812743
0.057194
0.644892
0.965616
1.071294
1.036171
0.937112
0.836331
0.775127
0.775329
0.807826
0.820384
0.746014
0.510107
0.046631
-0.684318
-1.685057
-2.919167
-4.320943
-5.783583
-7.164374
-8.390053
-9.443669
-10.329299
-11.062237
-11.662476
-12.150779
-12.546535
-12.866743
-13.125733
-13.335300
-13.505032
-13.481654
-13.583669
-13.414832
-13.208135
-12.954883
-12.644469
-12.264058
-11.798363
-11.229677
-10.538452
-9.704745
-8.711013
-7.546902
-6.216788
-4.764530
-3.305119
-1.966027
-0.824976
0.058144
0.656710
0.985142
1.095164
1.061490
0.961937
0.859825
0.797406
0.797110
0.829227
0.840431
0.762637
0.520422
0.047485
-0.695682
-1.710421
-2.959053
-4.374713
-5.849481
-7.239952
-8.473025
-9.532189
-10.421933
-11.157901
-11.760359
-12.250285
-12.647226
-12.968300
-13.227923
-13.437951
-13.608021
-13.583669
-13.685389
-13.516068
-13.308747
-13.054686
-12.743221
-12.361442
-11.893955
-11.322918
-10.628601
-9.790827
-8.791763
-7.620700
-6.281626
-4.818198
-3.345778
-1.992586
-0.837256
0.059099
0.668622
1.004867
1.119335
1.087192
0.987196
0.883772
0.820131
0.819310
0.851000
0.860780
0.779468
0.530842
0.048347
-0.707111
-1.735882
-2.999027
-4.428530
-5.915369
-7.315461
-8.555880
-9.620551
-10.514377
-11.253348
-11.858006
-12.349539
-12.747652
-13.069582
-13.329829
-13.540314
-13.710715
-13.685389
-13.786816
-13.617015
-13.409075
-13.154213
-12.841707
-12.458569
-11.989304
-11.415933
-10.718545
-9.876732
-8.872366
-7.694392
-6.346404
-4.871854
-3.386470
-2.019203
-0.849583
0.060060
0.680626
1.024790
1.143806
1.113275
1.012888
0.908174
0.843304
0.841932
0.873148
0.881431
0.796509
0.541366
0.049215
-0.718605
-1.761439
-3.039087
-4.482391
-5.981244
-7.390901
-8.638615
-9.708753
-10.606630
-11.348579
-11.955417
-12.448541
-12.847815
-13.170590
-13.431454
-13.642388
-13.813116
-13.786816
-13.887950
-13.717675
-13.509122
-13.253465
-12.939927
-12.555441
-12.084412
-11.508723
-10.808284
-9.962457
-8.952824
-7.767977
-6.411120
-4.925497
-3.427194
-2.045874
-0.861955
0.061026
0.692722
1.044909
1.168577
1.139742
1.039016
0.933032
0.866929
0.864978
0.895671
0.902386
0.813759
0.551995
0.050089
-0.730162
-1.787090
-3.079230
-4.536293
-6.047102
-7.466268
-8.721229
-9.796795
-10.698690
-11.443594
-12.052592
-12.547292
-12.947713
-13.271325
-13.532798
-13.744175
-13.915225
-13.887950
-13.988794
-13.818048
-13.608887
-13.352444
-13.037881
-12.652059
-12.179278
-11.601287
-10.897819
-10.048004
-9.033134
-7.841452
-6.475772
-4.979125
-3.467945
-2.072597
-0.874371
0.061997
0.704909
1.065225
1.193647
1.166590
1.065580
0.958350
0.891006
0.888449
0.918571
0.923643
0.831217
0.562727
0.050971
-0.741783
-1.812832
-3.119451
-4.590233
-6.112942
-7.541560
-8.803721
-9.884676
-10.790559
-11.538392
-12.149531
-12.645791
-13.047349
-13.371788
-13.633863
-13.845677
-14.017044
-13.988794
-14.089348
-13.918136
-13.708373
-13.451149
-13.135571
-12.748422
-12.273903
-11.693628
-10.987150
-10.133372
-9.113296
-7.914818
-6.540358
-5.032735
-3.508722
-2.099372
-0.886831
0.062973
0.717185
1.085734
1.219015
1.193822
1.092583
0.984129
0.915539
0.912347
0.941848
0.945204
0.848882
0.573561
0.051858
-0.753465
-1.838664
-3.159749
-4.644206
-6.178759
-7.616776
-8.886090
-9.972395
-10.882236
-11.632973
-12.246235
-12.744041
-13.146723
-13.471980
-13.734648
-13.946894
-14.118573
-14.089348
-14.189613
-14.017940
-13.807581
-13.549583
-13.232997
-12.844532
-12.368288
-11.785743
-11.076277
-10.218560
-9.193310
-7.988071
-6.604876
-5.086324
-3.549523
-2.126195
-0.899332
0.063955
0.729550
1.106437
1.244680
1.221436
1.120024
1.010371
0.940529
0.936675
0.965503
0.967067
0.866754
0.584498
0.052752
-0.765207
-1.864582
-3.200120
-4.698211
-6.244552
-7.691912
-8.968333
-10.059951
-10.973720
-11.727339
-12.342704
-12.842041
-13.245836
-13.571901
-13.835157
-14.047828
-14.219815
-14.189613
-14.289592
-14.117462
-13.906512
-13.647746
-13.330161
-12.940390
-12.462433
-11.877635
-11.165199
-10.303569
-9.273174
-8.061213
-6.669325
-5.139892
-3.590345
-2.153064
-0.911874
0.064941
0.742003
1.127332
1.270641
1.249434
1.147905
1.037077
0.965979
0.961433
0.989538
0.989234
0.884833
0.595536
0.053653
-0.777009
-1.890586
-3.240562
-4.752244
-6.310317
-7.766968
-9.050450
-10.147344
-11.065011
-11.821488
-12.438938
-12.939792
-13.344689
-13.671553
-13.935389
-14.148480
-14.320770
-14.289592
-14.389285
-14.216703
-14.005166
-13.745640
-13.427063
-13.035997
-12.556339
-11.969304
-11.253918
-10.388398
-9.352888
-8.134240
-6.733702
-5.193435
-3.631186
-2.179979
-0.924455
0.065933
0.754543
1.148417
1.296898
1.277813
1.176227
1.064250
0.991890
0.986624
1.013952
1.011704
0.903118
0.606675
0.054559
-0.788870
-1.916671
-3.281070
-4.806301
-6.376053
-7.841940
-9.132439
-10.234573
-11.156108
-11.915421
-12.534939
-13.037295
-13.443283
-13.770938
-14.035346
-14.248851
-14.421440
-14.389285
-14.488694
-14.315663
-14.103546
-13.843265
-13.523705
-13.131352
-12.650007
-12.060749
-11.342432
-10.473047
-9.432451
-8.207153
-6.798007
-5.246951
-3.672043
-2.206936
-0.937076
0.066929
0.767168
1.169691
1.323450
1.306576
1.204990
1.091891
1.018265
1.012249
1.038747
1.034476
0.921607
0.617914
0.055472
-0.800788
-1.942837
-3.321643
-4.860380
-6.441755
-7.916829
-9.214299
-10.321636
-11.247013
-12.009138
-12.630705
-13.134551
-13.541617
-13.870054
-14.135028
-14.348942
-14.521825
-14.488694
-14.587820
-14.414345
-14.201652
-13.940623
-13.620087
-13.226458
-12.743436
-12.151972
-11.430742
-10.557515
-9.511864
-8.279949
-6.862237
-5.300439
-3.712914
-2.233934
-0.949734
0.067930
0.779878
1.191154
1.350295
1.335720
1.234195
1.120001
1.045105
1.038309
1.063923
1.057551
0.940301
0.629252
0.056391
-0.812763
-1.969082
-3.362278
-4.914478
-6.507423
-7.991630
-9.296029
-10.408535
-11.337723
-12.102639
-12.726239
-13.231559
-13.639694
-13.968905
-14.234438
-14.448755
-14.621928
-14.587820
-14.686665
-14.512749
-14.299485
-14.037714
-13.716210
-13.321314
-12.836629
-12.242972
-11.518849
-10.641803
-9.591124
-8.352629
-6.926392
-5.353896
-3.753798
-2.260971
-0.962429
0.068935
0.792672
1.212803
1.377432
1.365246
1.263844
1.148582
1.072412
1.064805
1.089481
1.080928
0.959199
0.640688
0.057317
-0.824793
-1.995402
-3.402971
-4.968592
-6.573054
-8.066343
-9.377628
-10.495267
-11.428240
-12.195925
-12.821539
-13.328321
-13.737514
-14.067490
-14.333576
-14.548291
-14.721749
-14.686665
-14.785229
-14.610876
-14.397047
-14.134540
-13.812076
-13.415922
-12.929585
-12.333750
-11.606752
-10.725910
-9.670232
-8.425191
-6.990469
-5.407322
-3.794691
-2.288045
-0.975159
0.069945
0.805548
1.234637
1.404860
1.395154
1.293935
1.177635
1.100187
1.091739
1.115421
1.104608
0.978299
0.652222
0.058248
-0.836878
-2.021796
-3.443720
-5.022720
-6.638645
-8.140967
-9.459094
-10.581832
-11.518563
-12.288995
-12.916607
-13.424838
-13.835078
-14.165811
-14.432442
-14.647550
-14.821290
-14.785229
-14.883513
-14.708729
-14.494338
-14.231101
-13.907685
-13.510283
-13.022304
-12.424307
-11.694452
-10.809836
-9.749187
-8.497634
-7.054468
-5.460713
-3.835593
-2.315154
-0.987924
0.070960
0.818506
1.256654
1.432578
1.425442
1.324470
1.207161
1.128432
1.119111
1.141744
1.128588
0.997601
0.663854
0.059185
-0.849016
-2.048262
-3.484522
-5.076858
-6.704194
-8.215498
-9.540427
-10.668230
-11.608691
-12.381850
-13.011443
-13.521109
-13.932387
-14.263868
-14.531039
-14.746534
-14.920551
-14.883513
-14.981520
-14.806307
-14.591361
-14.327400
-14.003037
-13.604397
-13.114789
-12.514642
-11.781948
-10.893582
-9.827989
-8.569957
-7.118387
-5.514067
-3.876500
-2.342297
-1.000723
0.071978
0.831545
1.278854
1.460585
1.456110
1.355449
1.237161
1.157149
1.146923
1.168449
1.152870
1.017103
0.675581
0.060127
-0.861206
-2.074797
-3.525374
-5.131004
-6.769698
-8.289937
-9.621625
-10.754460
-11.698626
-12.474489
-13.106048
-13.617136
-14.029441
-14.361663
-14.629367
-14.845245
-15.019535
-14.981520
-15.079250
-14.903613
-14.688115
-14.423436
-14.098135
-13.698264
-13.207038
-12.604757
-11.869241
-10.977146
-9.906637
-8.642160
-7.182224
-5.567385
-3.917412
-2.369472
-1.013554
0.073002
0.844663
1.301234
1.488878
1.487158
1.386872
1.267637
1.186337
1.175176
1.195537
1.177452
1.036806
0.687404
0.061076
-0.873448
-2.101399
-3.566275
-5.185155
-6.835156
-8.364280
-9.702688
-10.840522
-11.788365
-12.566914
-13.200421
-13.712919
-14.126241
-14.459196
-14.727427
-14.943682
-15.118242
-15.079250
-15.176705
-15.000647
-14.784602
-14.519210
-14.192979
-13.791887
-13.299054
-12.694652
-11.956332
-11.060529
-9.985130
-8.714241
-7.245978
-5.620662
-3.958325
-2.396676
-1.026417
0.074029
0.857859
1.323793
1.517458
1.518585
1.418739
1.298589
1.215999
1.203870
1.223007
1.202334
1.056708
0.699321
0.062030
-0.885739
-2.128068
-3.607220
-5.239309
-6.900566
-8.438528
-9.783615
-10.926416
-11.877911
-12.659123
-13.294564
-13.808459
-14.222789
-14.556468
-14.825220
-15.041848
-15.216673
-15.176705
-15.273886
-15.097410
-14.880823
-14.614725
-14.287569
-13.885265
-13.390836
-12.784326
-12.043220
-11.143731
-10.063469
-8.786200
-7.309649
-5.673899
-3.999239
-2.423909
-1.039310
0.075060
0.871133
1.346530
1.546321
1.550390
1.451051
1.330017
1.246136
1.233007
1.250861
1.227515
1.076808
0.711332
0.062990
-0.898080
-2.154799
-3.648208
-5.293462
-6.965926
-8.512677
-9.864404
-11.012140
-11.967262
-12.751119
-13.388477
-13.903756
-14.319084
-14.653481
-14.922748
-15.139744
-15.314830
-15.273886
-15.370793
-15.193904
-14.976780
-14.709980
-14.381907
-13.978399
-13.482385
-12.873782
-12.129906
-11.226752
-10.141653
-8.858035
-7.373235
-5.727093
-4.040151
-2.451168
-1.052232
0.076096
0.884482
1.369442
1.575468
1.582571
1.483807
1.361923
1.276748
1.262586
1.279098
1.252995
1.097104
0.723436
0.063955
-0.910469
-2.181592
-3.689236
-5.347614
-7.031232
-8.586728
-9.945055
-11.097694
-12.056418
-12.842900
-13.482160
-13.998812
-14.415128
-14.750236
-15.020011
-15.237370
-15.412714
-15.370793
-15.467429
-15.290130
-15.072473
-14.804977
-14.475994
-14.071290
-13.573701
-12.963018
-12.216389
-11.309592
-10.219682
-8.929747
-7.436734
-5.780242
-4.081059
-2.478452
-1.065184
0.077135
0.897907
1.392528
1.604895
1.615129
1.517006
1.394308
1.307837
1.292608
1.307717
1.278772
1.117596
0.735632
0.064926
-0.922905
-2.208443
-3.730301
-5.401761
-7.096485
-8.660678
-10.025567
-11.183078
-12.145379
-12.934466
-13.575613
-14.093627
-14.510922
-14.846732
-15.117010
-15.334728
-15.510326
-15.467429
-15.563794
-15.386089
-15.167903
-14.899717
-14.569830
-14.163940
-13.664787
-13.052036
-12.302670
-11.392250
-10.297555
-9.001335
-7.500146
-5.833346
-4.121961
-2.505760
-1.078163
0.078178
0.911406
1.415787
1.634602
1.648061
1.550650
1.427170
1.339402
1.323073
1.336719
1.304846
1.138283
0.747919
0.065902
-0.935387
-2.235352
-3.771401
-5.455900
-7.161681
-8.734526
-10.105940
-11.268292
-12.234146
-13.025819
-13.668838
-14.188201
-14.606466
-14.942971
-15.213747
-15.431819
-15.607667
-15.563794
-15.659890
-15.481782
-15.263072
-14.994201
-14.663417
-14.256348
-13.755641
-13.140837
-12.388750
-11.474727
-10.375272
-9.072797
-7.563469
-5.886402
-4.162857
-2.533089
-1.091168
0.079225
0.924977
1.439216
1.664587
1.681367
1.584737
1.460512
1.371446
1.353983
1.366103
1.331216
1.159164
0.760295
0.066883
-0.947914
-2.262317
-3.812534
-5.510031
-7.226819
-8.808272
-10.186172
-11.353335
-12.322718
-13.116959
-13.761835
-14.282535
-14.701761
-15.038955
-15.310222
-15.528643
-15.704738
-15.659890
-15.755717
-15.577211
-15.357980
-15.088430
-14.756755
-14.348515
-13.846265
-13.229419
-12.474628
-11.557023
-10.452833
-9.144134
-7.626703
-5.939410
-4.203744
-2.560439
-1.104199
0.080276
0.938620
1.462814
1.694847
1.715046
1.619266
1.494333
1.403967
1.385337
1.395869
1.357881
1.180236
0.772762
0.067870
-0.960485
-2.289334
-3.853698
-5.564149
-7.291897
-8.881913
-10.266262
-11.438207
-12.411095
-13.207885
-13.854603
-14.376630
-14.796808
-15.134683
-15.406437
-15.625203
-15.801541
-15.755717
-15.851278
-15.672376
-15.452629
-15.182404
-14.849845
-14.440443
-13.936659
-13.317785
-12.560305
-11.639137
-10.530236
-9.215344
-7.689846
-5.992367
-4.244620
-2.587806
-1.117255
0.081330
0.952333
1.486579
1.725382
1.749095
1.654239
1.528633
1.436967
1.417135
1.426017
1.384840
1.201500
0.785316
0.068861
-0.973098
-2.316403
-3.894889
-5.618254
-7.356913
-8.955448
-10.346211
-11.522908
-12.499278
-13.298598
-13.947145
-14.470487
-14.891608
-15.230157
-15.502392
-15.721498
-15.898076
-15.851278
-15.946573
-15.767278
-15.547019
-15.276125
-14.942688
-14.532131
-14.026824
-13.405934
-12.645782
-11.721070
-10.607483
-9.286427
-7.752898
-6.045272
-4.285485
-2.615191
-1.130335
0.082388
0.966116
1.510509
1.756189
1.783515
1.689652
1.563412
1.470447
1.449378
1.456545
1.412091
1.222953
0.797957
0.069858
-0.985754
-2.343521
-3.936105
-5.672343
-7.421866
-9.028877
-10.426017
-11.607437
-12.587266
-13.389099
-14.039459
-14.564105
-14.986161
-15.325378
-15.598088
-15.817531
-15.994345
-15.946573
-16.041603
-15.861919
-15.641152
-15.369594
-15.035285
-14.623582
-14.116761
-13.493866
-12.731057
-11.802822
-10.684573
-9.357382
-7.815857
-6.098125
-4.326335
-2.642592
-1.143438
0.083449
0.979967
1.534602
1.787267
1.818303
1.725507
1.598670
1.504405
1.482064
1.487453
1.439634
1.244594
0.810685
0.070860
-0.998450
-2.370687
-3.977346
-5.726413
-7.486754
-9.102198
-10.505680
-11.691794
-12.675059
-13.479387
-14.131548
-14.657487
-15.080469
-15.420347
-15.693526
-15.913302
-16.090348
-16.041603
-16.136369
-15.956299
-15.735029
-15.462811
-15.127637
-14.714795
-14.206469
-13.581584
-12.816132
-11.884392
-10.761506
-9.428209
-7.878723
-6.150923
-4.367171
-2.670006
-1.156562
0.084514
0.993885
1.558857
1.818613
1.853457
1.761802
1.634408
1.538842
1.515195
1.518741
1.467468
1.266423
0.823499
0.071866
-1.011186
-2.397898
-4.018607
-5.780464
-7.551575
-9.175410
-10.585198
-11.775979
-12.762658
-13.569463
-14.223410
-14.750632
-15.174532
-15.515064
-15.788708
-16.008812
-16.186088
-16.136369
-16.230873
-16.050420
-15.828650
-15.555778
-15.219745
-14.805771
-14.295951
-13.669085
-12.901007
-11.965782
-10.838281
-9.498907
-7.941494
-6.203666
-4.407989
-2.697433
-1.169708
0.085581
1.007868
1.583272
1.850225
1.888977
1.798537
1.670624
1.573759
1.548770
1.550407
1.495590
1.288436
0.836396
0.072877
-1.023961
-2.425153
-4.059887
-5.834492
-7.616328
-9.248512
-10.664572
-11.859991
-12.850062
-13.659327
-14.315047
-14.843541
-15.268350
-15.609531
-15.883635
-16.104063
-16.281565
-16.230873
-16.325115
-16.144283
-15.922017
-15.648496
-15.311610
-14.896511
-14.385206
-13.756373
-12.985683
-12.046990
-10.914898
-9.569476
-8.004170
-6.256352
-4.448790
-2.724871
-1.182874
0.086652
1.021917
1.607844
1.882102
1.924860
1.835709
1.707319
1.609155
1.582789
1.582451
1.524001
1.310634
0.849377
0.073893
-1.036774
-2.452450
-4.101184
-5.888496
-7.681012
-9.321503
-10.743801
-11.943831
-12.937272
-13.748979
-14.406459
-14.936215
-15.361926
-15.703748
-15.978307
-16.199054
-16.376780
-16.325115
-16.419098
-16.237889
-16.015131
-15.740965
-15.403231
-14.987017
-14.474236
-13.843446
-13.070158
-12.128017
-10.991357
-9.639916
-8.066750
-6.308981
-4.489570
-2.752319
-1.196059
0.087726
1.036028
1.632572
1.914241
1.961105
1.873319
1.744492
1.645030
1.617250
1.614872
1.552697
1.333015
0.862440
0.074913
-1.049623
-2.479786
-4.142495
-5.942474
-7.745624
-9.394383
-10.822884
-12.027498
-13.024287
-13.838420
-14.497647
-15.028655
-15.455259
-15.797716
-16.072725
-16.293788
-16.471734
-16.419098
-16.512821
-16.331240
-16.107993
-15.833186
-15.494612
-15.077287
-14.563040
-13.930305
-13.154435
-12.208864
-11.067658
-9.710224
-8.129233
-6.361550
-4.530330
-2.779775
-1.209262
0.088803
1.050202
1.657453
1.946640
1.997710
1.911364
1.782142
1.681384
1.652154
1.647669
1.581679
1.355576
0.875584
0.075938
-1.062508
-2.507161
-4.183819
-5.996424
-7.810164
-9.467149
-10.901821
-12.110991
-13.111108
-13.927651
-14.588611
-15.120860
-15.548350
-15.891437
-16.166890
-16.388266
-16.566428
-16.512821
-16.606286
-16.424335
-16.200604
-15.925161
-15.585751
-15.167325
-14.651619
-14.016951
-13.238513
-12.289529
-11.143800
-9.780403
-8.191618
-6.414058
-4.571067
-2.807238
-1.222483
0.089883
1.064437
1.682487
1.979296
2.034673
1.949845
1.820269
1.718216
1.687500
1.680840
1.610944
1.378317
0.888808
0.076968
-1.075428
-2.534573
-4.225154
-6.050344
-7.874630
-9.539802
-10.980611
-12.194312
-13.197735
-14.016670
-14.679352
-15.212833
-15.641200
-15.984910
-16.260804
-16.482488
-16.660864
-16.606286
-16.699495
-16.517176
-16.292964
-16.016891
-15.676650
-15.257129
-14.739975
-14.103385
-13.322392
-12.370014
-11.219784
-9.850450
-8.253905
-6.466506
-4.611780
-2.834707
-1.235721
0.090966
1.078732
1.707670
2.012208
2.071991
1.988758
1.858872
1.755526
1.723287
1.714385
1.640491
1.401236
0.902112
0.078001
-1.088381
-2.562019
-4.266497
-6.104233
-7.939020
-9.612340
-11.059254
-12.277459
-13.284167
-14.105480
-14.769870
-15.304573
-15.733810
-16.078138
-16.354466
-16.576456
-16.755042
-16.699495
-16.792448
-16.609764
-16.385076
-16.108376
-15.767310
-15.346701
-14.828107
-14.189606
-13.406073
-12.450318
-11.295609
-9.920365
-8.316093
-6.518891
-4.652468
-2.862181
-1.248975
0.092051
1.093086
1.733000
2.045374
2.109664
2.028104
1.897950
1.793313
1.759515
1.748303
1.670318
1.424331
0.915493
0.079039
-1.101367
-2.589498
-4.307847
-6.158088
-8.003334
-9.684762
-11.137749
-12.360432
-13.370406
-14.194080
-14.860166
-15.396080
-15.826181
-16.171120
-16.447879
-16.670170
-16.848964
-16.792448
-16.885146
-16.702101
-16.476939
-16.199617
-15.857733
-15.436042
-14.916016
-14.275615
-13.489556
-12.530442
-11.371276
-9.990148
-8.378180
-6.571212
-4.693129
-2.889657
-1.262244
0.093139
1.107497
1.758477
2.078790
2.147689
2.067879
1.937502
1.831577
1.796182
1.782591
1.700424
1.447601
0.928952
0.080081
-1.114385
-2.617008
-4.349202
-6.211908
-8.067570
-9.757068
-11.216096
-12.443232
-13.456451
-14.282470
-14.950239
-15.487357
-15.918313
-16.263858
-16.541043
-16.763631
-16.942631
-16.885146
-16.977590
-16.794187
-16.568555
-16.290615
-15.947917
-15.525152
-15.003703
-14.361413
-13.572841
-12.610385
-11.446784
-10.059799
-8.440167
-6.623469
-4.733763
-2.917135
-1.275527
0.094230
1.121965
1.784096
2.112454
2.186063
2.108084
1.977528
1.870317
1.833288
1.817249
1.730807
1.471044
0.942486
0.081127
-1.127434
-2.644548
-4.390559
-6.265691
-8.131726
-9.829257
-11.294295
-12.525857
-13.542302
-14.370650
-15.040092
-15.578403
-16.010207
-16.356352
-16.633959
-16.856841
-17.036043
-16.977590
-17.069782
-16.886024
-16.659924
-16.381371
-16.037865
-15.614033
-15.091169
-14.447000
-13.655929
-12.690148
-11.522133
-10.129318
-8.502052
-6.675661
-4.774368
-2.944614
-1.288823
0.095323
1.136487
1.809857
2.146365
2.224784
2.148715
2.018025
1.909531
1.870831
1.852274
1.761464
1.494658
0.956095
0.082177
-1.140512
-2.672115
-4.431918
-6.319437
-8.195802
-9.901327
-11.372344
-12.608309
-13.627959
-14.458622
-15.129724
-15.669219
-16.101865
-16.448604
-16.726629
-16.949801
-17.129202
-17.069782
-17.161722
-16.977611
-16.751049
-16.471887
-16.127578
-15.702684
-15.178415
-14.532377
-13.738820
-12.769731
-11.597322
-10.198703
-8.563836
-6.727786
-4.814942
-2.972093
-1.302133
0.096418
1.151064
1.835758
2.180518
2.263851
2.189772
2.058993
1.949219
1.908811
1.887667
1.792395
1.518442
0.969777
0.083231
-1.153619
-2.699709
-4.473276
-6.373142
-8.259797
-9.973279
-11.450243
-12.690587
-13.713423
-14.546386
-15.219136
-15.759806
-16.193286
-16.540614
-16.819052
-17.042511
-17.222108
-17.161722
-17.253412
-17.068951
-16.841929
-16.562162
-16.217055
-15.791107
-15.265440
-14.617545
-13.821514
-12.849134
-11.672353
-10.267954
-8.625517
-6.779843
-4.855485
-2.999570
-1.315454
0.097516
1.165693
1.861795
2.214913
2.303260
2.231251
2.100430
1.989380
1.947226
1.923424
1.823597
1.542393
0.983532
0.084289
-1.166754
-2.727328
-4.514631
-6.426805
-8.323709
-10.045112
-11.527993
-12.772690
-13.798694
-14.633941
-15.308328
-15.850165
-16.284471
-16.632383
-16.911230
-17.134972
-17.314764
-17.253412
-17.344853
-17.160045
-16.932566
-16.652198
-16.306299
-15.879302
-15.352245
-14.702503
-13.904013
-12.928357
-11.747224
-10.337072
-8.687094
-6.831832
-4.895996
-3.027043
-1.328786
0.098616
1.180374
1.887967
2.249546
2.343009
2.273152
2.142335
2.030013
1.986074
1.959544
1.855068
1.566510
0.997358
0.085351
-1.179916
-2.754969
-4.555981
-6.480426
-8.387537
-10.116824
-11.605593
-12.854620
-13.883772
-14.721288
-15.397300
-15.940295
-16.375422
-16.723912
-17.003163
-17.227186
-17.407169
-17.344853
-17.436046
-17.250892
-17.022961
-16.741996
-16.395309
-15.967271
-15.438832
-14.787252
-13.986315
-13.007400
-11.821936
-10.406056
-8.748568
-6.883752
-4.936473
-3.054513
-1.342128
0.099718
1.195105
1.914273
2.284414
2.383096
2.315472
2.184706
2.071115
2.025355
1.996025
1.886807
1.590791
1.011254
0.086416
-1.193104
-2.782632
-4.597326
-6.534002
-8.451279
-10.188415
-11.683042
-12.936375
-13.968657
-14.808428
-15.486055
-16.030199
-16.466139
-16.815202
-17.094854
-17.319154
-17.499325
-17.436046
-17.526991
-17.341496
-17.113114
-16.831557
-16.484087
-16.055013
-15.525200
-14.871793
-14.068422
-13.086264
-11.896489
-10.474905
-8.809937
-6.935602
-4.976915
-3.081978
-1.355481
0.100823
1.209885
1.940708
2.319515
2.423518
2.358209
2.227542
2.112687
2.065066
2.032866
1.918811
1.615235
1.025219
0.087485
-1.206317
-2.810315
-4.638663
-6.587532
-8.514936
-10.259884
-11.760340
-13.017955
-14.053348
-14.895361
-15.574591
-16.119875
-16.556623
-16.906253
-17.186302
-17.410876
-17.591233
-17.526991
-17.617690
-17.431855
-17.203027
-16.920881
-16.572633
-16.142530
-15.611351
-14.956126
-14.150333
-13.164948
-11.970882
-10.543619
-8.871202
-6.987381
-5.017322
-3.109437
-1.368842
0.101929
1.224713
1.967273
2.354847
2.464272
2.401361
2.270840
2.154726
2.105207
2.070065
1.951078
1.639838
1.039253
0.088557
-1.219554
-2.838017
-4.679991
-6.641015
-8.578506
-10.331232
-11.837487
-13.099361
-14.137848
-14.982087
-15.662909
-16.209326
-16.646874
-16.997068
-17.277509
-17.502353
-17.682894
-17.617690
-17.708144
-17.521972
-17.292701
-17.009969
-16.660949
-16.229823
-15.697285
-15.040252
-14.232050
-13.243453
-12.045116
-10.612199
-8.932360
-7.039088
-5.057692
-3.136888
-1.382211
0.103037
1.239588
1.993963
2.390405
2.505355
2.444925
2.314600
2.197231
2.145775
2.107619
1.983605
1.664600
1.053352
0.089632
-1.232814
-2.865735
-4.721307
-6.694449
-8.641988
-10.402456
-11.914482
-13.180593
-14.222155
-15.068607
-15.751011
-16.298551
-16.736894
-17.087645
-17.368475
-17.593587
-17.774309
-17.708144
-17.798354
-17.611848
-17.382136
-17.098823
-16.749035
-16.316891
-15.783002
-15.124171
-14.313572
-13.321780
-12.119190
-10.680643
-8.993413
-7.090723
-5.098023
-3.164331
-1.395587
0.104147
1.254508
2.020777
2.426189
2.546766
2.488899
2.358819
2.240200
2.186768
2.145526
2.016392
1.689519
1.067518
0.090711
-1.246096
-2.893469
-4.762611
-6.747833
-8.705380
-10.473557
-11.991325
-13.261650
-14.306269
-15.154921
-15.838896
-16.387552
-16.826683
-17.177987
-17.459202
-17.684578
-17.865479
-17.798354
-17.888320
-17.701483
-17.471334
-17.187444
-16.836892
-16.403737
-15.868504
-15.207884
-14.394900
-13.399927
-12.193105
-10.748951
-9.054359
-7.142284
-5.138316
-3.191764
-1.408971
0.105259
1.269473
2.047714
2.462194
2.588500
2.533281
2.403495
2.283632
2.228186
2.183785
2.049435
1.714592
1.081747
0.091793
-1.259400
-2.921216
-4.803901
-6.801166
-8.768683
-10.544533
-12.068016
-13.342533
-14.390192
-15.241030
-15.926565
-16.476329
-16.916241
-17.268094
-17.549690
-17.775328
-17.956405
-17.888320
-17.978045
-17.790878
-17.560295
-17.275831
-16.924521
-16.490360
-15.953791
-15.291392
-14.476034
-13.477896
-12.266860
-10.817124
-9.115198
-7.193771
-5.178570
-3.219187
-1.422360
0.106373
1.284481
2.074769
2.498418
2.630555
2.578068
2.448626
2.327524
2.270025
2.222393
2.082732
1.739817
1.096040
0.092879
-1.272724
-2.948976
-4.845176
-6.854445
-8.831894
-10.615385
-12.144555
-13.423241
-14.473923
-15.326933
-16.014019
-16.564883
-17.005571
-17.357967
-17.639940
-17.865837
-18.047087
-17.978045
-18.067529
-17.880035
-17.649020
-17.363987
-17.011922
-16.576761
-16.038864
-15.374694
-14.556975
-13.555686
-12.340456
-10.885161
-9.175930
-7.245184
-5.218782
-3.246599
-1.435755
0.107488
1.299531
2.101942
2.534858
2.672929
2.623257
2.494210
2.371875
2.312284
2.261347
2.116281
1.765193
1.110394
0.093967
-1.286068
-2.976748
-4.886433
-6.907671
-8.895014
-10.686112
-12.220941
-13.503775
-14.557462
-15.412631
-16.101258
-16.653214
-17.094672
-17.447607
-17.729954
-17.956106
-18.137528
-18.067529
-18.156772
-17.968954
-17.737511
-17.451911
-17.099097
-16.662942
-16.123722
-15.457792
-14.637723
-13.633299
-12.413892
-10.953062
-9.236553
-7.296521
-5.258953
-3.273999
-1.449154
0.108605
1.314622
2.129230
2.571512
2.715617
2.668845
2.540244
2.416682
2.354960
2.300646
2.150079
1.790717
1.124810
0.095058
-1.299431
-3.004529
-4.927672
-6.960842
-8.958041
-10.756713
-12.297175
-13.584134
-14.640810
-15.498126
-16.188282
-16.741323
-17.183545
-17.537014
-17.819731
-18.046137
-18.227728
-18.156772
-18.245777
-18.057637
-17.825768
-17.539606
-17.186047
-16.748902
-16.208368
-15.540685
-14.718278
-13.710733
-12.487169
-11.020826
-9.297068
-7.347781
-5.299081
-3.301385
-1.462558
0.109723
1.329753
2.156631
2.608375
2.758617
2.714831
2.586726
2.461943
2.398052
2.340287
2.184124
1.816387
1.139285
0.096152
-1.312811
-3.032318
-4.968891
-7.013956
-9.020975
-10.827187
-12.373255
-13.664319
-14.723967
-15.583416
-16.275093
-16.829211
-17.272191
-17.626190
-17.909274
-18.135929
-18.317688
-18.245777
-18.334544
-18.146084
-17.913792
-17.627071
-17.272771
-16.834643
-16.292801
-15.623375
-14.798641
-13.787989
-12.560287
-11.088454
-9.357474
-7.398965
-5.339166
-3.328757
-1.475964
0.110843
1.344922
2.184142
2.645445
2.801925
2.761210
2.633654
2.507657
2.441557
2.380268
2.218414
1.842202
1.153818
0.097249
-1.326209
-3.060115
-5.010089
-7.067013
-9.083814
-10.897535
-12.449181
-13.744329
-14.806932
-15.668502
-16.361691
-16.916879
-17.360611
-17.715136
-17.998583
-18.225485
-18.407408
-18.334544
-18.423073
-18.234296
-18.001585
-17.714307
-17.359271
-16.920166
-16.377023
-15.705862
-14.878812
-13.865068
-12.633245
-11.155945
-9.417771
-7.450071
-5.379206
-3.356115
-1.489374
0.111964
1.360129
2.211761
2.682720
2.845540
2.807980
2.681025
2.553820
2.485472
2.420585
2.252945
1.868158
1.168409
0.098349
-1.339623
-3.087917
-5.051264
-7.120012
-9.146558
-10.967756
-12.524954
-13.824165
-14.889708
-15.753386
-16.448076
-17.004326
-17.448806
-17.803851
-18.087658
-18.314805
-18.496891
-18.423073
-18.511367
-18.322274
-18.089146
-17.801317
-17.445548
-17.005471
-16.461033
-15.788147
-14.958791
-13.941970
-12.706044
-11.223299
-9.477958
-7.501099
-5.419201
-3.383456
-1.502786
0.113087
1.375372
2.239487
2.720195
2.889456
2.855137
2.728836
2.600431
2.529796
2.461237
2.287716
1.894255
1.183055
0.099451
-1.353052
-3.115724
-5.092415
-7.172950
-9.209205
-11.037848
-12.600574
-13.903826
-14.972292
-15.838067
-16.534249
-17.091554
-17.536775
-17.892338
-18.176501
-18.403890
-18.586136
-18.511367
-18.599426
-18.410020
-18.176478
-17.888099
-17.531603
-17.090558
-16.544833
-15.870229
-15.038580
-14.018695
-12.778683
-11.290516
-9.538035
-7.552049
-5.459151
-3.410780
-1.516199
0.114210
1.390650
2.267316
2.757869
2.933671
2.902680
2.777084
2.647486
2.574525
2.502220
2.322723
1.920490
1.197756
0.100556
-1.366496
-3.143534
-5.133541
-7.225828
-9.271756
-11.107813
-12.676039
-13.983313
-15.054687
-15.922545
-16.620210
-17.178564
-17.624521
-17.980596
-18.265113
-18.492741
-18.675146
-18.599426
-18.687250
-18.497534
-18.263580
-17.974656
-17.617436
-17.175429
-16.628423
-15.952110
-15.118178
-14.095242
-12.851163
-11.357595
-9.598001
-7.602918
-5.499053
-3.438087
-1.529614
0.115335
1.405962
2.295246
2.795737
2.978181
2.950603
2.825767
2.694984
2.619658
2.543533
2.357964
1.946860
1.212511
0.101663
-1.379953
-3.171345
-5.174641
-7.278643
-9.334210
-11.177649
-12.751350
-14.062625
-15.136891
-16.006822
-16.705961
-17.265356
-17.712044
-18.068628
-18.353494
-18.581359
-18.763920
-18.687250
-18.774842
-18.584817
-18.350454
-18.060988
-17.703048
-17.260084
-16.711804
-16.033790
-15.197585
-14.171613
-12.923484
-11.424537
-9.657857
-7.653708
-5.538908
-3.465376
-1.543028
0.116461
1.421308
2.323275
2.833797
3.022984
2.998905
2.874882
2.742922
2.665190
2.585171
2.393436
1.973364
1.227318
0.102772
-1.393424
-3.199158
-5.215712
-7.331396
-9.396565
-11.247355
-12.826507
-14.141764
-15.218906
-16.090897
-16.791501
-17.351931
-17.799344
-18.156433
-18.441645
-18.669745
-18.852460
-18.774842
-18.862202
-18.671871
-18.437101
-18.147096
-17.788440
-17.344525
-16.794977
-16.115270
-15.276803
-14.247808
-12.995645
-11.491342
-9.717601
-7.704417
-5.578715
-3.492645
-1.556443
0.117588
1.436685
2.351402
2.872045
3.068075
3.047582
2.924426
2.791296
2.711120
2.627132
2.429137
1.999999
1.242177
0.103884
-1.406907
-3.226970
-5.256755
-7.384085
-9.458822
-11.316932
-12.901510
-14.220728
-15.300732
-16.174771
-16.876831
-17.438289
-17.886423
-18.244012
-18.529568
-18.757900
-18.940767
-18.862202
-18.949330
-18.758695
-18.523522
-18.232981
-17.873613
-17.428751
-16.877941
-16.196550
-15.355831
-14.323826
-13.067648
-11.558009
-9.777234
-7.755045
-5.618473
-3.519894
-1.569856
0.118716
1.452093
2.379623
2.910479
3.113451
3.096630
2.974396
2.840104
2.757445
2.669413
2.465063
2.026763
1.257085
0.104998
-1.420401
-3.254781
-5.297767
-7.436709
-9.520978
-11.386380
-12.976358
-14.299518
-15.382368
-16.258445
-16.961952
-17.524431
-17.973281
-18.331366
-18.617263
-18.845824
-19.028842
-18.949330
-19.036229
-18.845291
-18.609717
-18.318644
-17.958568
-17.512764
-16.960698
-16.277631
-15.434671
-14.399669
-13.139492
-11.624538
-9.836755
-7.805592
-5.658181
-3.547122
-1.583269
0.119845
1.467530
2.407936
2.949095
3.159108
3.146046
3.024787
2.889343
2.804161
2.712012
2.501212
2.053654
1.272042
0.106115
-1.433906
-3.282589
-5.338748
-7.489267
-9.583035
-11.455697
-13.051051
-14.378135
-15.463816
-16.341918
-17.046865
-17.610359
-18.059918
-18.418497
-18.704732
-18.933519
-19.116685
-19.036229
-19.122898
-18.931661
-18.695688
-18.404085
-18.043306
-17.596564
-17.043249
-16.358513
-15.513321
-14.475336
-13.211176
-11.690929
-9.896164
-7.856056
-5.697838
-3.574329
-1.596679
0.120974
1.482996
2.436340
2.987891
3.205044
3.195827
3.075598
2.939009
2.851266
2.754924
2.537581
2.080669
1.287047
0.107233
-1.447420
-3.310392
-5.379697
-7.541758
-9.644990
-11.524883
-13.125589
-14.456577
-15.545075
-16.425192
-17.131569
-17.696071
-18.146337
-18.505404
-18.791974
-19.020986
-19.204299
-19.122898
-19.209340
-19.017804
-18.781436
-18.489306
-18.127826
-17.680153
-17.125594
-16.439197
-15.591784
-14.550828
-13.282702
-11.757182
-9.955460
-7.906437
-5.737444
-3.601513
-1.610087
0.122104
1.498490
2.464831
3.026861
3.251253
3.245968
3.126825
2.989101
2.898756
2.798148
2.574167
2.107808
1.302098
0.108353
-1.460944
-3.338191
-5.420612
-7.594182
-9.706844
-11.593938
-13.199973
-14.534845
-15.626145
-16.508266
-17.216066
-17.781570
-18.232537
-18.592090
-18.878991
-19.108225
-19.291683
-19.209340
-19.295554
-19.103723
-18.866961
-18.574308
-18.212131
-17.763530
-17.207734
-16.519683
-15.670059
-14.626145
-13.354069
-11.823297
-10.014643
-7.956735
-5.776999
-3.628675
-1.623492
0.123235
1.514010
2.493408
3.066005
3.297732
3.296466
3.178464
3.039614
2.946629
2.841679
2.610967
2.135066
1.317194
0.109476
-1.474476
-3.365984
-5.461492
-7.646537
-9.768596
-11.662862
-13.274201
-14.612940
-15.707028
-16.591142
-17.300356
-17.866856
-18.318519
-18.678554
-18.965784
-19.195238
-19.378838
-19.295554
-19.381542
-19.189417
-18.952264
-18.659090
-18.296221
-17.846697
-17.289669
-16.599972
-15.748146
-14.701287
-13.425278
-11.889274
-10.073714
-8.006950
-5.816501
-3.655812
-1.636894
0.124367
1.529555
2.522068
3.105318
3.344479
3.347317
3.230512
3.090545
2.994880
2.885515
2.647978
2.162442
1.332335
0.110600
-1.488016
-3.393770
-5.502337
-7.698823
-9.830245
-11.731654
-13.348274
-14.690862
-15.787723
-16.673820
-17.384439
-17.951930
-18.404284
-18.764797
-19.052353
-19.282026
-19.465767
-19.381542
-19.467305
-19.274888
-19.037346
-18.743655
-18.380097
-17.929654
-17.371400
-16.680065
-15.826047
-14.776255
-13.496328
-11.955112
-10.132671
-8.057080
-5.855950
-3.682926
-1.650292
0.125499
1.545125
2.550809
3.144797
3.391488
3.398518
3.282965
3.141891
3.043508
2.929652
2.685197
2.189934
1.347518
0.111726
-1.501563
-3.421547
-5.543145
-7.751038
-9.891790
-11.800314
-13.422192
-14.768609
-15.868231
-16.756299
-17.468317
-18.036792
-18.489833
-18.850821
-19.138700
-19.368588
-19.552469
-19.467305
-19.552844
-19.360137
-19.122208
-18.828003
-18.463759
-18.012402
-17.452928
-16.759962
-15.903761
-14.851048
-13.567220
-12.020812
-10.191514
-8.107125
-5.895345
-3.710014
-1.663685
0.126632
1.560718
2.579629
3.184439
3.438756
3.450064
3.335819
3.193649
3.092507
2.974086
2.722622
2.217539
1.362743
0.112853
-1.515117
-3.449315
-5.583915
-7.803182
-9.953232
-11.868842
-13.495955
-14.846184
-15.948552
-16.838582
-17.551990
-18.121443
-18.575167
-18.936626
-19.224826
-19.454927
-19.638945
-19.552844
-19.638160
-19.445164
-19.206851
-18.912134
-18.547208
-18.094942
-17.534254
-16.839664
-15.981289
-14.925668
-13.637953
-12.086374
-10.250243
-8.157086
-5.934686
-3.737076
-1.677073
0.127765
1.576333
2.608526
3.224240
3.486279
3.501951
3.389072
3.245814
3.141875
3.018816
2.760248
2.245256
1.378008
0.113982
-1.528676
-3.477073
-5.624647
-7.855255
-10.014569
-11.937237
-13.569562
-14.923585
-16.028686
-16.920667
-17.635458
-18.205884
-18.660285
-19.022212
-19.310730
-19.541043
-19.725197
-19.638160
-19.723253
-19.529971
-19.291277
-18.996050
-18.630446
-18.177275
-17.615378
-16.919171
-16.058632
-15.000114
-13.708529
-12.151797
-10.308859
-8.206961
-5.973972
-3.764112
-1.690456
0.128899
1.591970
2.637498
3.264198
3.534054
3.554176
3.442718
3.298383
3.191609
3.063836
2.798074
2.273081
1.393313
0.115113
-1.542239
-3.504820
-5.665339
-7.907254
-10.075801
-12.005500
-13.643014
-15.000814
-16.108634
-17.002556
-17.718722
-18.290115
-18.745190
-19.107582
-19.396415
-19.626938
-19.811225
-19.723253
-19.808125
-19.614559
-19.375485
-19.079752
-18.713473
-18.259401
-17.696300
-16.998483
-16.135789
-15.074387
-13.778946
-12.217082
-10.367360
-8.256750
-6.013203
-3.791121
-1.703833
0.130033
1.607627
2.666541
3.304308
3.582076
3.606735
3.496754
3.351353
3.241704
3.109143
2.836095
2.301012
1.408656
0.116245
-1.555808
-3.532554
-5.705990
-7.959181
-10.136928
-12.073629
-13.716310
-15.077869
-16.188395
-17.084249
-17.801783
-18.374137
-18.829882
-19.192735
-19.481881
-19.712611
-19.897031
-19.808125
-19.892776
-19.698928
-19.459477
-19.163241
-18.796290
-18.341321
-17.777022
-17.077602
-16.212762
-15.148486
-13.849206
-12.282229
-10.425746
-8.306452
-6.052377
-3.818103
-1.717204
0.131167
1.623303
2.695655
3.344568
3.630341
3.659623
3.551177
3.404720
3.292156
3.154734
2.874309
2.329048
1.424036
0.117379
-1.569379
-3.560275
-5.746599
-8.011033
-10.197949
-12.141625
-13.789451
-15.154752
-16.267971
-17.165746
-17.884641
-18.457951
-18.914362
-19.277673
-19.567129
-19.798064
-19.982615
-19.892776
-19.977208
-19.783079
-19.543253
-19.246517
-18.878897
-18.423036
-17.857545
-17.156529
-16.289551
-15.222414
-13.919308
-12.347236
-10.484018
-8.356068
-6.091495
-3.845056
-1.730567
0.132302
1.638998
2.724837
3.384975
3.678846
3.712836
3.605981
3.458479
3.342963
3.200606
2.912712
2.357186
1.439452
0.118513
-1.582954
-3.587983
-5.787166
-8.062810
-10.258863
-12.209487
-13.862436
-15.231463
-16.347362
-17.247049
-17.967297
-18.541557
-18.998630
-19.362396
-19.652160
-19.883298
-20.067978
-19.977208
-20.061422
-19.867014
-19.626815
-19.329581
-18.961296
-18.504547
-17.937868
-17.235262
-16.366157
-15.296169
-13.989252
-12.412106
-10.542175
-8.405597
-6.130556
-3.871980
-1.743924
0.133437
1.654710
2.754084
3.425525
3.727586
3.766370
3.661164
3.512628
3.394121
3.246754
2.951302
2.385424
1.454902
0.119650
-1.596531
-3.615675
-5.827690
-8.114511
-10.319670
-12.277215
-13.935266
-15.308001
-16.426567
-17.328157
-18.049751
-18.624957
-19.082687
-19.446905
-19.736975
-19.968314
-20.153122
-20.061422
-20.145418
-19.950733
-19.710164
-19.412434
-19.043487
-18.585854
-18.017992
-17.313804
-16.442579
-15.369752
-14.059039
-12.476836
-10.600216
-8.455038
-6.169559
-3.898875
-1.757273
0.134572
1.670439
2.783395
3.466215
3.776557
3.820220
3.716720
3.567161
3.445624
3.293176
2.990075
2.413759
1.470386
0.120787
-1.610110
-3.643352
-5.868169
-8.166136
-10.380370
-12.344809
-14.007940
-15.384367
-16.505588
-17.409071
-18.132005
-18.708151
-19.166535
-19.531201
-19.821574
-20.053113
-20.238046
-20.145418
-20.229198
-20.034237
-19.793299
-19.495077
-19.125472
-18.666958
-18.097919
-17.392155
-16.518818
-15.443163
-14.128669
-12.541429
-10.658142
-8.504392
-6.208504
-3.925740
-1.770614
0.135707
1.686183
2.812768
3.507041
3.825756
3.874383
3.772645
3.622075
3.497471
3.339866
3.029027
2.442189
1.485903
0.121925
-1.623691
-3.671011
-5.908603
-8.217685
-10.440962
-12.412268
-14.080459
-15.460561
-16.584425
-17.489791
-18.214058
-18.791139
-19.250173
-19.615286
-19.905959
-20.137695
-20.322753
-20.229198
-20.312761
-20.117527
-19.876223
-19.577510
-19.207250
-18.747860
-18.177649
-17.470315
-16.594875
-15.516403
-14.198142
-12.605882
-10.715953
-8.553657
-6.247390
-3.952575
-1.783947
0.136842
1.701942
2.842200
3.548001
3.875178
3.928854
3.828936
3.677366
3.549655
3.386822
3.068157
2.470712
1.501451
0.123065
-1.637271
-3.698654
-5.948992
-8.269155
-10.501445
-12.479593
-14.152822
-15.536583
-16.663077
-17.570319
-18.295912
-18.873923
-19.333603
-19.699158
-19.990130
-20.222062
-20.407243
-20.312761
-20.396110
-20.200605
-19.958936
-19.659736
-19.288824
-18.828561
-18.257183
-17.548285
-16.670750
-15.589473
-14.267459
-12.670197
-10.773648
-8.602834
-6.286217
-3.979378
-1.797270
0.137977
1.717714
2.871690
3.589091
3.924819
3.983628
3.885587
3.733030
3.602175
3.434039
3.107460
2.499326
1.517030
0.124205
-1.650852
-3.726277
-5.989334
-8.320547
-10.561820
-12.546784
-14.225029
-15.612434
-16.741547
-17.650654
-18.377567
-18.956503
-19.416825
-19.782821
-20.074089
-20.306214
-20.491517
-20.396110
-20.479246
-20.283470
-20.041439
-19.741754
-19.370192
-18.909061
-18.336520
-17.626066
-16.746444
-15.662371
-14.336619
-12.734374
-10.831227
-8.651921
-6.324985
-4.006150
-1.810584
0.139112
1.733500
2.901234
3.630307
3.974675
4.038701
3.942594
3.789062
3.655024
3.481514
3.146933
2.528028
1.532637
0.125347
-1.664432
-3.753882
-6.029628
-8.371861
-10.622086
-12.613839
-14.297081
-15.688113
-16.819833
-17.730798
-18.459023
-19.038880
-19.499840
-19.866273
-20.157835
-20.390153
-20.575575
-20.479246
-20.562168
-20.366124
-20.123733
-19.823565
-19.451358
-18.989362
-18.415663
-17.703658
-16.821958
-15.735100
-14.405622
-12.798412
-10.888689
-8.700920
-6.363692
-4.032890
-1.823889
0.140247
1.749297
2.930832
3.671647
4.024742
4.094069
3.999954
3.845457
3.708200
3.529243
3.186574
2.556816
1.548273
0.126489
-1.678011
-3.781467
-6.069874
-8.423095
-10.682242
-12.680759
-14.368978
-15.763621
-16.897936
-17.810750
-18.540282
-19.121054
-19.582650
-19.949517
-20.241371
-20.473879
-20.659420
-20.562168
-20.644879
-20.448568
-20.205819
-19.905171
-19.532320
-19.069463
-18.494612
-17.781062
-16.897291
-15.807659
-14.474469
-12.862311
-10.946036
-8.749829
-6.402339
-4.059597
-1.837184
0.141382
1.765105
2.960482
3.713108
4.075015
4.149727
4.057660
3.902212
3.761697
3.577223
3.226378
2.585687
1.563936
0.127632
-1.691588
-3.809031
-6.110071
-8.474249
-10.742288
-12.747544
-14.440719
-15.838959
-16.975857
-17.890511
-18.621343
-19.203027
-19.665254
-20.032553
-20.324696
-20.557393
-20.743051
-20.644879
-20.727379
-20.530803
-20.287698
-19.986571
-19.613081
-19.149367
-18.573367
-17.858278
-16.972444
-15.880048
-14.543161
-12.926073
-11.003267
-8.798648
-6.440925
-4.086272
-1.850468
0.142516
1.780924
2.990180
3.754685
4.125492
4.205670
4.115710
3.959322
3.815512
3.625448
3.266342
2.614641
1.579625
0.128776
-1.705163
-3.836573
-6.150219
-8.525322
-10.802224
-12.814194
-14.512305
-15.914126
-17.053596
-17.970082
-18.702209
-19.284799
-19.747654
-20.115382
-20.407813
-20.640696
-20.826470
-20.727379
-20.809668
-20.612829
-20.369370
-20.067768
-19.693640
-19.229072
-18.651929
-17.935307
-17.047418
-15.952268
-14.611696
-12.989696
-11.060381
-8.847377
-6.479450
-4.112913
-1.863742
0.143651
1.796752
3.019926
3.796377
4.176167
4.261893
4.174097
4.016783
3.869641
3.673915
3.306464
2.643673
1.595339
0.129920
-1.718735
-3.864093
-6.190316
-8.576314
-10.862050
-12.880708
-14.583735
-15.989122
-17.131153
-18.049463
-18.782878
-19.366370
-19.829850
-20.198005
-20.490721
-20.723789
-20.909677
-20.809668
-20.891749
-20.694648
-20.450836
-20.148762
-19.773999
-19.308582
-18.730299
-18.012150
-17.122213
-16.024320
-14.680077
-13.053180
-11.117378
-8.896016
-6.517913
-4.139520
-1.877004
0.144785
1.812588
3.049717
3.838179
4.227036
4.318393
4.232817
4.074589
3.924078
3.722620
3.346739
2.672783
1.611076
0.131066
-1.732304
-3.891590
-6.230362
-8.627224
-10.921764
-12.947086
-14.655010
-16.063948
-17.208529
-18.128655
-18.863352
-19.447742
-19.911843
-20.280422
-20.573421
-20.806673
-20.992674
-20.891749
-20.973621
-20.776260
-20.532098
-20.229553
-19.854159
-19.387895
-18.808477
-18.088807
-17.196831
-16.096203
-14.748302
-13.116527
-11.174259
-8.944564
-6.556314
-4.166092
-1.890255
0.145918
1.828432
3.079551
3.880089
4.278095
4.375165
4.291866
4.132737
3.978820
3.771559
3.387165
2.701967
1.626837
0.132211
-1.745869
-3.919063
-6.270356
-8.678052
-10.981367
-13.013329
-14.726130
-16.138605
-17.285724
-18.207658
-18.943632
-19.528915
-19.993634
-20.362635
-20.655915
-20.889349
-21.075462
-20.973621
-21.055286
-20.857666
-20.613156
-20.310142
-19.934120
-19.467013
-18.886465
-18.165279
-17.271270
-16.167918
-14.816372
-13.179735
-11.231024
-8.993021
-6.594652
-4.192630
-1.903494
0.147052
1.844283
3.109427
3.922103
4.329340
4.432203
4.351239
4.191222
4.033862
3.820728
3.427739
2.731224
1.642619
0.133357
-1.759430
-3.946512
-6.310297
-8.728797
-11.040859
-13.079435
-14.797095
-16.213092
-17.362739
-18.286473
-19.023718
-19.609890
-20.075224
-20.444644
-20.738203
-20.971817
-21.158041
-21.055286
-21.136744
-20.938868
-20.694011
-20.390532
-20.013883
-19.545936
-18.964263
-18.241567
-17.345532
-16.239466
-14.884287
-13.242805
-11.287671
-9.041387
-6.632928
-4.219132
-1.916722
0.148185
1.860140
3.139342
3.964218
4.380767
4.489503
4.410930
4.250038
4.089200
3.870123
3.468456
2.760552
1.658423
0.134504
-1.772985
-3.973936
-6.350186
-8.779459
-11.100238
-13.145406
-14.867905
-16.287409
-17.439575
-18.365100
-19.103610
-19.690667
-20.156614
-20.526450
-20.820287
-21.054079
-21.240412
-21.136744
-21.217998
-21.019866
-20.774664
-20.470721
-20.093450
-19.624667
-19.041871
-18.317670
-17.419618
-16.310846
-14.952048
-13.305737
-11.344201
-9.089662
-6.671139
-4.245599
-1.929936
0.149317
1.876003
3.169295
4.006431
4.432372
4.547061
4.470936
4.309182
4.144829
3.919740
3.509314
2.789948
1.674246
0.135651
-1.786536
-4.001334
-6.390021
-8.830037
-11.159506
-13.211240
-14.938560
-16.361558
-17.516230
-18.443541
-19.183311
-19.771248
-20.237803
-20.608054
-20.902166
-21.136136
-21.322576
-21.217998
