-0.231722
-0.226101
-0.219638
-0.212275
-0.203973
-0.194717
-0.184506
-0.173346
-0.161226
-0.148088
-0.133799
-0.118145
-0.100843
-0.081839
-0.061711
-0.040967
-0.019753
0.001651
0.022828
0.043212
0.062054
0.078376
0.090919
0.098073
0.098073
0.090919
0.078376
0.062054
0.043212
0.022828
0.001651
-0.019750
-0.040953
-0.061659
-0.081682
-0.100475
-0.117440
-0.132643
-0.146412
-0.159031
-0.170703
-0.181538
-0.191573
-0.200801
-0.209197
-0.216749
-0.223459
-0.229357
-0.231722
-0.427277
-0.416442
-0.403801
-0.389176
-0.372426
-0.353480
-0.332358
-0.309181
-0.284159
-0.257533
-0.229478
-0.199995
-0.168826
-0.135883
-0.101929
-0.067479
-0.032494
0.002714
0.037526
0.071030
0.101999
0.128828
0.149446
0.161204
0.161204
0.149446
0.128828
0.101999
0.071029
0.037523
0.002713
-0.032473
-0.067370
-0.101562
-0.134915
-0.166825
-0.196612
-0.224537
-0.251111
-0.276565
-0.300862
-0.323792
-0.345088
-0.364524
-0.381964
-0.397378
-0.410827
-0.422439
-0.427277
-0.612956
-0.597304
-0.578921
-0.557486
-0.532727
-0.504469
-0.472683
-0.437539
-0.399420
-0.358882
-0.316527
-0.272796
-0.227766
-0.181574
-0.135238
-0.089140
-0.042823
0.003573
0.049375
0.093443
0.134178
0.169469
0.196590
0.212058
0.212058
0.196590
0.169468
0.134176
0.093437
0.049363
0.003570
-0.042747
-0.088784
-0.134164
-0.179004
-0.222921
-0.265252
-0.306272
-0.346365
-0.385404
-0.422898
-0.458215
-0.490788
-0.520230
-0.546370
-0.569235
-0.588994
-0.605906
-0.612956
-0.794061
-0.773932
-0.750186
-0.722360
-0.690038
-0.652916
-0.610881
-0.564096
-0.513056
-0.458575
-0.401662
-0.343265
-0.283947
-0.224293
-0.165768
-0.108672
-0.052032
0.004333
0.059834
0.113201
0.162530
0.205271
0.238121
0.256855
0.256855
0.238120
0.205269
0.162522
0.113180
0.059800
0.004326
-0.051846
-0.107877
-0.163561
-0.219413
-0.275368
-0.330680
-0.385389
-0.439526
-0.492464
-0.543213
-0.590754
-0.634281
-0.673315
-0.707710
-0.737585
-0.763239
-0.785077
-0.794061
-0.972631
-0.948316
-0.919541
-0.885694
-0.846209
-0.800638
-0.748758
-0.690684
-0.626968
-0.558628
-0.487039
-0.413655
-0.339599
-0.266055
-0.195122
-0.127150
-0.060629
0.005037
0.069461
0.131339
0.188532
0.238095
0.276193
0.297922
0.297922
0.276192
0.238089
0.188511
0.131287
0.069382
0.005022
-0.060264
-0.125702
-0.191372
-0.258267
-0.326639
-0.395491
-0.464417
-0.532952
-0.599911
-0.663821
-0.723323
-0.777438
-0.825653
-0.867881
-0.904361
-0.935540
-0.961973
-0.972631
-1.149605
-1.121360
-1.087845
-1.048302
-1.002007
-0.948358
-0.886997
-0.817960
-0.741815
-0.659731
-0.573405
-0.484780
-0.395576
-0.307680
-0.223991
-0.145049
-0.068840
0.005701
0.078490
0.148283
0.212779
0.268685
0.311667
0.336185
0.336184
0.311664
0.268669
0.212730
0.148173
0.078333
0.005675
-0.068216
-0.142726
-0.218312
-0.296478
-0.377743
-0.460681
-0.544270
-0.627459
-0.708485
-0.785418
-0.856615
-0.920972
-0.977988
-1.027669
-1.070397
-1.106773
-1.137509
-1.149605
-1.325455
-1.293505
-1.255507
-1.210555
-1.157764
-1.096367
-1.025856
-0.946159
-0.857819
-0.762115
-0.661024
-0.556955
-0.452242
-0.349550
-0.252718
-0.162617
-0.076785
0.006336
0.087038
0.164240
0.235552
0.297381
0.344933
0.372062
0.372061
0.344924
0.297345
0.235450
0.164031
0.086763
0.006293
-0.075814
-0.159197
-0.244753
-0.334502
-0.429148
-0.526672
-0.625302
-0.723338
-0.818436
-0.908242
-0.990871
-1.065150
-1.130621
-1.187415
-1.236069
-1.277352
-1.312133
-1.325455
-1.500426
-1.464971
-1.422719
-1.372616
-1.313612
-1.244768
-1.165409
-1.075333
-0.975027
-0.865835
-0.749977
-0.630302
-0.509765
-0.391870
-0.281505
-0.180009
-0.084540
0.006948
0.095185
0.179337
0.257013
0.324377
0.376208
0.405786
0.405783
0.376188
0.324305
0.256824
0.178975
0.094739
0.006882
-0.083132
-0.175276
-0.270930
-0.372605
-0.481104
-0.593663
-0.707650
-0.820676
-0.929821
-1.032339
-1.126151
-1.210049
-1.283658
-1.347254
-1.401545
-1.447473
-1.486068
-1.500426
-1.674648
-1.635867
-1.589567
-1.534546
-1.469587
-1.393572
-1.305648
-1.205460
-1.093409
-0.970869
-0.840264
-0.704859
-0.568231
-0.434760
-0.310487
-0.197337
-0.092165
0.007541
0.102989
0.193674
0.277285
0.349811
0.405643
0.437516
0.437509
0.405604
0.349680
0.276962
0.193092
0.102312
0.007447
-0.090228
-0.191085
-0.297010
-0.410966
-0.533760
-0.661751
-0.791357
-0.919475
-1.042617
-1.157679
-1.262427
-1.355659
-1.437111
-1.507224
-1.566888
-1.617225
-1.659426
-1.674648
-1.848185
-1.806241
-1.756079
-1.696353
-1.625677
-1.542746
-1.446522
-1.336477
-1.212899
-1.077160
-0.931851
-0.780626
-0.627676
-0.478296
-0.339760
-0.214686
-0.099708
0.008120
0.110503
0.207337
0.296477
0.373803
0.433366
0.467384
0.467370
0.433294
0.373578
0.295957
0.206457
0.109530
0.007990
-0.097152
-0.206723
-0.323122
-0.449712
-0.587211
-0.730980
-0.876421
-1.019696
-1.156763
-1.284193
-1.399635
-1.501929
-1.590947
-1.667311
-1.732106
-1.786635
-1.832253
-1.848185
-2.021065
-1.976105
-1.922255
-1.858019
-1.781844
-1.692238
-1.587963
-1.468306
-1.333418
-1.184637
-1.024686
-0.857579
-0.688116
-0.522528
-0.369393
-0.232124
-0.107208
0.008687
0.117776
0.220408
0.314686
0.396461
0.459489
0.495507
0.495481
0.459365
0.396097
0.313896
0.219137
0.116435
0.008516
-0.103945
-0.222274
-0.349368
-0.488935
-0.641515
-0.801367
-0.962818
-1.121282
-1.272182
-1.411796
-1.537694
-1.648788
-1.745109
-1.827478
-1.897179
-1.955701
-2.004564
-2.021065
-2.193295
-2.145457
-2.088075
-2.019511
-1.938042
-1.841984
-1.729895
-1.600863
-1.454880
-1.293220
-1.118706
-0.935684
-0.749548
-0.567485
-0.399439
-0.249706
-0.114700
0.009247
0.124852
0.232963
0.332011
0.417890
0.484122
0.521992
0.521947
0.483918
0.417331
0.330862
0.231202
0.123068
0.009028
-0.110647
-0.237808
-0.375831
-0.528704
-0.696709
-0.872909
-1.050507
-1.224165
-1.388790
-1.540398
-1.676516
-1.796157
-1.899534
-1.987676
-2.062074
-2.124406
-2.176354
-2.193295
-2.364873
-2.314281
-2.253513
-2.180789
-2.094216
-1.991918
-1.872241
-1.734064
-1.577199
-1.402829
-1.213847
-1.014899
-0.811959
-0.613184
-0.429936
-0.267474
-0.122213
0.009803
0.131772
0.245077
0.348543
0.438189
0.507365
0.546943
0.546869
0.507049
0.437368
0.346935
0.242714
0.129467
0.009528
-0.117290
-0.253383
-0.402574
-0.569071
-0.752814
-0.945592
-1.139443
-1.328274
-1.506499
-1.669906
-1.816011
-1.943955
-2.054152
-2.147850
-2.226751
-2.292723
-2.347609
-2.364873
-2.535789
-2.482558
-2.418540
-2.341812
-2.250314
-2.141976
-2.014927
-1.867825
-1.700288
-1.513384
-1.310041
-1.095178
-0.875330
-0.659632
-0.460911
-0.285464
-0.129769
0.010356
0.138572
0.256816
0.364371
0.457459
0.529321
0.570458
0.570343
0.528849
0.456294
0.362191
0.253736
0.135668
0.010020
-0.123905
-0.269050
-0.429649
-0.610069
-0.809839
-1.019393
-1.229573
-1.433537
-1.625224
-1.800231
-1.956093
-2.092106
-2.208898
-2.307946
-2.391168
-2.460622
-2.518310
-2.535789
-2.706031
-2.650268
-2.583126
-2.502540
-2.406285
-2.292094
-2.157878
-2.002067
-1.824067
-1.624806
-1.407222
-1.176473
-0.939637
-0.706828
-0.492383
-0.303701
-0.137390
0.010908
0.145286
0.268245
0.379580
0.475792
0.550083
0.592631
0.592458
0.549405
0.474193
0.376706
0.264327
0.141706
0.010505
-0.130518
-0.284850
-0.457097
-0.651726
-0.867782
-1.094283
-1.320845
-1.539879
-1.744881
-1.931285
-2.096679
-2.240534
-2.363706
-2.467911
-2.555284
-2.628071
-2.688435
-2.706031
-2.875585
-2.817391
-2.747240
-2.662934
-2.562079
-2.442214
-2.301029
-2.136715
-1.948457
-1.737022
-1.505325
-1.258736
-1.004850
-0.754767
-0.524364
-0.322206
-0.145091
0.011462
0.151944
0.279423
0.394251
0.493281
0.569746
0.613552
0.613303
0.568800
0.491143
0.390553
0.274544
0.147611
0.010987
-0.137149
-0.300816
-0.484950
-0.694057
-0.926638
-1.170229
-1.413202
-1.647230
-1.865389
-2.062986
-2.237690
-2.389167
-2.518517
-2.627695
-2.719058
-2.795041
-2.857964
-2.875585
-3.044438
-2.983905
-2.910856
-2.822957
-2.717651
-2.592282
-2.444315
-2.271699
-2.073384
-1.849957
-1.604285
-1.341916
-1.070942
-0.803440
-0.556862
-0.340996
-0.152886
0.012020
0.158573
0.290405
0.408461
0.510013
0.588401
0.633310
0.632960
0.587117
0.507224
0.403801
0.284439
0.153412
0.011466
-0.143818
-0.316977
-0.513230
-0.737072
-0.986394
-1.247198
-1.506590
-1.755519
-1.986671
-2.195258
-2.379053
-2.537942
-2.673273
-2.787252
-2.882454
-2.961504
-3.026877
-3.044438
-3.212578
-3.149793
-3.073948
-2.982577
-2.872960
-2.742247
-2.587677
-2.406955
-2.198781
-1.963546
-1.704041
-1.425966
-1.137879
-0.852832
-0.589879
-0.360082
-0.160786
0.012582
0.165195
0.301240
0.422281
0.526072
0.606132
0.651989
0.651512
0.604434
0.522509
0.416516
0.294063
0.159136
0.011945
-0.150542
-0.333356
-0.541957
-0.780774
-1.047034
-1.325152
-1.600954
-1.864679
-2.108653
-2.328025
-2.520700
-2.686795
-2.827923
-2.946538
-3.045438
-3.127434
-3.195153
-3.212578
-3.379993
-3.315037
-3.236493
-3.141763
-3.027967
-2.892062
-2.731063
-2.542420
-2.324581
-2.077722
-1.804534
-1.510837
-1.205630
-0.902931
-0.623415
-0.379473
-0.168799
0.013149
0.171833
0.311973
0.435779
0.541540
0.623026
0.669671
0.669035
0.620826
0.537072
0.428762
0.303462
0.164806
0.012425
-0.157334
-0.349971
-0.571142
-0.825163
-1.108541
-1.404054
-1.696240
-1.974645
-2.231267
-2.461219
-2.662567
-2.835673
-2.982419
-3.105515
-3.207980
-3.292807
-3.362778
-3.379993
-3.546675
-3.479624
-3.398471
-3.300488
-3.182639
-3.041687
-2.874421
-2.678039
-2.450724
-2.192424
-1.905707
-1.596481
-1.274162
-0.953718
-0.657468
-0.399175
-0.176934
0.013724
0.178503
0.322645
0.449015
0.556490
0.639162
0.686434
0.685607
0.636366
0.550982
0.440599
0.312679
0.170444
0.012907
-0.164206
-0.366836
-0.600795
-0.870236
-1.170892
-1.483865
-1.792394
-2.085355
-2.354445
-2.594778
-2.804595
-2.984523
-3.136719
-3.264148
-3.370050
-3.457603
-3.529734
-3.546675
-3.712614
-3.643539
-3.559862
-3.458727
-3.336943
-3.191082
-3.017707
-2.813760
-2.577155
-2.307594
-2.007504
-1.682854
-1.343442
-1.005175
-0.692033
-0.419191
-0.185195
0.014305
0.185223
0.333293
0.462048
0.570996
0.654618
0.702356
0.701299
0.651126
0.564306
0.452084
0.321755
0.176069
0.013393
-0.171167
-0.383963
-0.630922
-0.915987
-1.234068
-1.564546
-1.889366
-2.196749
-2.478127
-2.728639
-2.946730
-3.133297
-3.290781
-3.422404
-3.531624
-3.621802
-3.696010
-3.712614
-3.877804
-3.806772
-3.720650
-3.616460
-3.490852
-3.340212
-3.160879
-2.949535
-2.703819
-2.423179
-2.109875
-1.769909
-1.413437
-1.057284
-0.727103
-0.439524
-0.193586
0.014895
0.192004
0.343950
0.474930
0.585124
0.669467
0.717509
0.716183
0.665175
0.577106
0.463270
0.330725
0.181698
0.013883
-0.178225
-0.401362
-0.661524
-0.962406
-1.298043
-1.646061
-1.987105
-2.308770
-2.602253
-2.862749
-3.088921
-3.281953
-3.444571
-3.580254
-3.692681
-3.785388
-3.861594
-3.877804
-4.042239
-3.969313
-3.880823
-3.773665
-3.644341
-3.489047
-3.303900
-3.085320
-2.830669
-2.539126
-2.212769
-1.857605
-1.484114
-1.110025
-0.762671
-0.460174
-0.202112
0.015494
0.198860
0.354643
0.487709
0.598939
0.683782
0.731966
0.730328
0.678577
0.589446
0.474207
0.339624
0.187348
0.014379
-0.185387
-0.419038
-0.692604
-1.009484
-1.362794
-1.728370
-2.085562
-2.421364
-2.726770
-2.997055
-3.231124
-3.430452
-3.598056
-3.737674
-3.853200
-3.948348
-4.026476
-4.042239
-4.205915
-4.131155
-4.040367
-3.930328
-3.797387
-3.637558
-3.446734
-3.221076
-2.957659
-2.655389
-2.316140
-1.945899
-1.555441
-1.163378
-0.798727
-0.481139
-0.210774
0.016102
0.205801
0.365400
0.500429
0.612498
0.697628
0.745795
0.743800
0.691397
0.601381
0.484943
0.348482
0.193030
0.014881
-0.192659
-0.436997
-0.724159
-1.057209
-1.428296
-1.811437
-2.184691
-2.534480
-2.851624
-3.131510
-3.373294
-3.578757
-3.751207
-3.894640
-4.013164
-4.110668
-4.190649
-4.205915
-4.368828
-4.292291
-4.199273
-4.086432
-3.949971
-3.785721
-3.589350
-3.356764
-3.084747
-2.771921
-2.419942
-2.034751
-1.627388
-1.217323
-0.835264
-0.502419
-0.219574
0.016719
0.212835
0.376244
0.513130
0.625857
0.711069
0.759062
0.756665
0.703696
0.612969
0.495520
0.357327
0.198758
0.015389
-0.200045
-0.455243
-0.756188
-1.105569
-1.494525
-1.895225
-2.284447
-2.648067
-2.976768
-3.266068
-3.515394
-3.726836
-3.903998
-4.051132
-4.172559
-4.272338
-4.354105
-4.368828
-4.530978
-4.452716
-4.357531
-4.241966
-4.102076
-3.933511
-3.731721
-3.492350
-3.211894
-2.888681
-2.524134
-2.124122
-1.699922
-1.271839
-0.872269
-0.524011
-0.228514
0.017346
0.219969
0.387194
0.525849
0.639067
0.724167
0.771831
0.768984
0.715534
0.624260
0.505979
0.366184
0.204543
0.015905
-0.207549
-0.473777
-0.788685
-1.154551
-1.561455
-1.979697
-2.384785
-2.762081
-3.102157
-3.400689
-3.657388
-3.874660
-4.056406
-4.207132
-4.331370
-4.433350
-4.516840
-4.530978
-4.692362
-4.612426
-4.515135
-4.396918
-4.253685
-4.080908
-3.873820
-3.627804
-3.339064
-3.005629
-2.628674
-2.213975
-1.773014
-1.326906
-0.909734
-0.545912
-0.237593
0.017983
0.227211
0.398268
0.538617
0.652176
0.736979
0.784163
0.780817
0.726967
0.635304
0.516357
0.375075
0.210393
0.016429
-0.215174
-0.492601
-0.821648
-1.204140
-1.629061
-2.064818
-2.485665
-2.876476
-3.227748
-3.535334
-3.799243
-4.022202
-4.208409
-4.362624
-4.489588
-4.593697
-4.678850
-4.692362
-4.852980
-4.771418
-4.672079
-4.551278
-4.404785
-4.227895
-4.015624
-3.763097
-3.466224
-3.122729
-2.733526
-2.304275
-1.846634
-1.382504
-0.947647
-0.568118
-0.246812
0.018631
0.234564
0.409482
0.551465
0.665226
0.749558
0.796117
0.792224
0.738049
0.646147
0.526690
0.384022
0.216317
0.016961
-0.222921
-0.511714
-0.855070
-1.254322
-1.697319
-2.150555
-2.587046
-2.991212
-3.353501
-3.669968
-3.940930
-4.169438
-4.359988
-4.517594
-4.647202
-4.753372
-4.840132
-4.852980
-5.012835
-4.929691
-4.828359
-4.705040
-4.555365
-4.374456
-4.157112
-3.898202
-3.593343
-3.239946
-2.838652
-2.394986
-1.920754
-1.438612
-0.985997
-0.590624
-0.256171
0.019289
0.242035
0.420849
0.564419
0.678258
0.761955
0.807749
0.803259
0.748832
0.656834
0.537008
0.393043
0.222322
0.017501
-0.230793
-0.531118
-0.888944
-1.305082
-1.766204
-2.236873
-2.688889
-3.106248
-3.479380
-3.804559
-4.082420
-4.316345
-4.511128
-4.672031
-4.804204
-4.912370
-5.000684
-5.012835
-5.171926
-5.087244
-4.983970
-4.858196
-4.705415
-4.520575
-4.298265
-4.033097
-3.720392
-3.357247
-2.944019
-2.486077
-1.995345
-1.495210
-1.024772
-0.613428
-0.265669
0.019957
0.249626
0.432382
0.577503
0.691308
0.774219
0.819112
0.813977
0.759366
0.667406
0.547341
0.402154
0.228415
0.018050
-0.238791
-0.550809
-0.923265
-1.356406
-1.835691
-2.323741
-2.791158
-3.221548
-3.605350
-3.939076
-4.223690
-4.462905
-4.661812
-4.825923
-4.960588
-5.070689
-5.160507
-5.171926
-5.330255
-5.244077
-5.138910
-5.010740
-4.854924
-4.666240
-4.439066
-4.167759
-3.847345
-3.474602
-3.049595
-2.577516
-2.070381
-1.552280
-1.063962
-0.636522
-0.275305
0.020636
0.257342
0.444091
0.590738
0.704412
0.786393
0.830256
0.824429
0.769698
0.677900
0.557715
0.411371
0.234600
0.018607
-0.246916
-0.570788
-0.958025
-1.408278
-1.905755
-2.411126
-2.893818
-3.337076
-3.731378
-4.073491
-4.364715
-4.609099
-4.812028
-4.979261
-5.116348
-5.228325
-5.319598
-5.330255
-5.487827
-5.400191
-5.293179
-5.162670
-5.003887
-4.811440
-4.579499
-4.302168
-3.974177
-3.591984
-3.155349
-2.669273
-2.145836
-1.609800
-1.103554
-0.659904
-0.285078
0.021326
0.265183
0.455985
0.604144
0.717599
0.798519
0.841231
0.834664
0.779873
0.688354
0.568157
0.420706
0.240883
0.019174
-0.255168
-0.591051
-0.993216
-1.460683
-1.976374
-2.498999
-2.996834
-3.452800
-3.857434
-4.207779
-4.505476
-4.754911
-4.961765
-5.132039
-5.271479
-5.385278
-5.477960
-5.487827
-5.644643
-5.555586
-5.446774
-5.313980
-5.152296
-4.956165
-4.719551
-4.436307
-4.100867
-3.709366
-3.261253
-2.761319
-2.221684
-1.667754
-1.143538
-0.683567
-0.294987
0.022026
0.273153
0.468072
0.617737
0.730899
0.810637
0.852083
0.844729
0.789932
0.698800
0.578687
0.430171
0.247268
0.019751
-0.263547
-0.611596
-1.028832
-1.513606
-2.047524
-2.587330
-3.100176
-3.568687
-3.983491
-4.341916
-4.645954
-4.900328
-5.111011
-5.284249
-5.425979
-5.541545
-5.635593
-5.644643
-5.800707
-5.710266
-5.599695
-5.464669
-5.300146
-5.100406
-4.859209
-4.570159
-4.227394
-3.826724
-3.367279
-2.853627
-2.297900
-1.726121
-1.183901
-0.707506
-0.305032
0.022737
0.281254
0.480358
0.631532
0.744337
0.822784
0.862854
0.854670
0.799918
0.709271
0.589326
0.439778
0.253759
0.020336
-0.272054
-0.632421
-1.064862
-1.567032
-2.119182
-2.676090
-3.203811
-3.684708
-4.109521
-4.475880
-4.786131
-5.045335
-5.259759
-5.435885
-5.579843
-5.697128
-5.792500
-5.800707
-5.956024
-5.864231
-5.751945
-5.614735
-5.447432
-5.244156
-4.998463
-4.703708
-4.353739
-3.944035
-3.473403
-2.946171
-2.374462
-1.784883
-1.224632
-0.731716
-0.315209
0.023459
0.289486
0.492850
0.645545
0.757938
0.834992
0.873585
0.864529
0.809867
0.719795
0.600094
0.449536
0.260358
0.020932
-0.280688
-0.653522
-1.101301
-1.620944
-2.191326
-2.765253
-3.307712
-3.800836
-4.235502
-4.609651
-4.925992
-5.189923
-5.408000
-5.586944
-5.733072
-5.852026
-5.948683
-5.956024
-6.110597
-6.017486
-5.903522
-5.764176
-5.594153
-5.387409
-5.137302
-4.836942
-4.479884
-4.061277
-3.579601
-3.038926
-2.451346
-1.844023
-1.265720
-0.756192
-0.325518
0.024191
0.297850
0.505553
0.659786
0.771722
0.847293
0.884316
0.874345
0.819815
0.730399
0.611008
0.459453
0.267069
0.021537
-0.289450
-0.674896
-1.138138
-1.675329
-2.263933
-2.854790
-3.411850
-3.917045
-4.361409
-4.743211
-5.065522
-5.334080
-5.555729
-5.737422
-5.885663
-6.006241
-6.104145
-6.110597
-6.264431
-6.170033
-6.054429
-5.912993
-5.740303
-5.530158
-5.275718
-4.969849
-4.605813
-4.178432
-3.685849
-3.131870
-2.528530
-1.903523
-1.307154
-0.780927
-0.335958
0.024934
0.306348
0.518470
0.674267
0.785710
0.859718
0.895083
0.884159
0.829796
0.741109
0.622083
0.469537
0.273893
0.022151
-0.298337
-0.696540
-1.175367
-1.730171
-2.336982
-2.944677
-3.516199
-4.033309
-4.487222
-4.876542
-5.204709
-5.477798
-5.702938
-5.887315
-6.037617
-6.159774
-6.258888
-6.264431
-6.417532
-6.321875
-6.204669
-6.061186
-5.885882
-5.672400
-5.413703
-5.102416
-4.731512
-4.295481
-3.792127
-3.224978
-2.605993
-1.963367
-1.348921
-0.805916
-0.346526
0.025687
0.314980
0.531607
0.688997
0.799920
0.872292
0.905920
0.894004
0.839843
0.751949
0.633334
0.479795
0.280832
0.022775
-0.307351
-0.718451
-1.212977
-1.785456
-2.410453
-3.034890
-3.620733
-4.149605
-4.612921
-5.009629
-5.343542
-5.621069
-5.849624
-6.036623
-6.188933
-6.312628
-6.412918
-6.417532
-6.569903
-6.473018
-6.354242
-6.208755
-6.030888
-5.814131
-5.551251
-5.234635
-4.856967
-4.412407
-3.898414
-3.318230
-2.683715
-2.023536
-1.391012
-0.831153
-0.357220
0.026451
0.323746
0.544965
0.703986
0.814369
0.885042
0.916859
0.903916
0.849984
0.762940
0.644773
0.490232
0.287889
0.023409
-0.316489
-0.740624
-1.250962
-1.841168
-2.484324
-3.125403
-3.725429
-4.265913
-4.738488
-5.142459
-5.482009
-5.763885
-5.995782
-6.185342
-6.339612
-6.464804
-6.566237
-6.569903
-6.721551
-6.623464
-6.503153
-6.355701
-6.175320
-5.955346
-5.688355
-5.366496
-4.982166
-4.529195
-4.004693
-3.411606
-2.761676
-2.084016
-1.433415
-0.856633
-0.368040
0.027225
0.332647
0.558548
0.719240
0.829071
0.897990
0.927931
0.913927
0.860248
0.774102
0.656414
0.500855
0.295064
0.024053
-0.325751
-0.763055
-1.289311
-1.897293
-2.558575
-3.216195
-3.830264
-4.382210
-4.863905
-5.275017
-5.620101
-5.906241
-6.141410
-6.333473
-6.489655
-6.616305
-6.718850
-6.721551
-6.872481
-6.773219
-6.651404
-6.502026
-6.319178
-6.096044
-5.825011
-5.497991
-5.107097
-4.645828
-4.110946
-3.505087
-2.839858
-2.144790
-1.476120
-0.882349
-0.378982
0.028010
0.341681
0.572358
0.734768
0.844040
0.911159
0.939163
0.924067
0.870661
0.785454
0.668266
0.511668
0.302360
0.024706
-0.335137
-0.785742
-1.328017
-1.953817
-2.633189
-3.307244
-3.935216
-4.498479
-4.989159
-5.407291
-5.757810
-6.048132
-6.286504
-6.481016
-6.639064
-6.767136
-6.870761
-6.872481
-7.022699
-6.922286
-6.798998
-6.647732
-6.462462
-6.236224
-5.961214
-5.629114
-5.231750
-4.762295
-4.217156
-3.598653
-2.918242
-2.205843
-1.519115
-0.908298
-0.390046
0.028804
0.350851
0.586397
0.750574
0.859290
0.924568
0.950581
0.934363
0.881246
0.797013
0.680339
0.522675
0.309776
0.025369
-0.344645
-0.808680
-1.367072
-2.010726
-2.708144
-3.398528
-4.040264
-4.614701
-5.114232
-5.539271
-5.895129
-6.189552
-6.431063
-6.627969
-6.787841
-6.917298
-7.021975
-7.022699
-7.172209
-7.070671
-6.945940
-6.792821
-6.605173
-6.375882
-6.096961
-5.759856
-5.356116
-4.878582
-4.323307
-3.692289
-2.996810
-2.267161
-1.562390
-0.934472
-0.401228
0.029609
0.360154
0.600667
0.766666
0.874831
0.938236
0.962211
0.944843
0.892028
0.808795
0.692644
0.533881
0.317314
0.026042
-0.354274
-0.831865
-1.406466
-2.068006
-2.783425
-3.490028
-4.145390
-4.730859
-5.239113
-5.670948
-6.032050
-6.330498
-6.575085
-6.774335
-6.935988
-7.066796
-7.172497
-7.172209
-7.321019
-7.218378
-7.092232
-6.937295
-6.747311
-6.515019
-6.232248
-5.890214
-5.480186
-4.994678
-4.429385
-3.785976
-3.075547
-2.328728
-1.605935
-0.960865
-0.412528
0.030424
0.369591
0.615168
0.783047
0.890674
0.952180
0.974076
0.955532
0.903027
0.820816
0.705187
0.545288
0.324975
0.026724
-0.364022
-0.855293
-1.446191
-2.125644
-2.859011
-3.581723
-4.250575
-4.846938
-5.363788
-5.802310
-6.168568
-6.470967
-6.718569
-6.920113
-7.083507
-7.215634
-7.322331
-7.321019
-7.469133
-7.365413
-7.237879
-7.081158
-6.888877
-6.653634
-6.367072
-6.020181
-5.603952
-5.110572
-4.535378
-3.879700
-3.154436
-2.390530
-1.649741
-0.987474
-0.423944
0.031249
0.379161
0.629902
0.799722
0.906828
0.966417
0.986196
0.966451
0.914264
0.833088
0.717978
0.556900
0.332759
0.027416
-0.373890
-0.878960
-1.486239
-2.183626
-2.934887
-3.673596
-4.355800
-4.962922
-5.488247
-5.933351
-6.304678
-6.610955
-6.861514
-7.065305
-7.230402
-7.363815
-7.471483
-7.469133
-7.616558
-7.511780
-7.382885
-7.224411
-7.029874
-6.791726
-6.501432
-6.149754
-5.727407
-5.226253
-4.641271
-3.973447
-3.233462
-2.452555
-1.693796
-1.014291
-0.435472
0.032083
0.388864
0.644870
0.816695
0.923303
0.980960
0.998592
0.977624
0.925755
0.845625
0.731021
0.568720
0.340666
0.028117
-0.383876
-0.902863
-1.526602
-2.241938
-3.011036
-3.765628
-4.461051
-5.078797
-5.612478
-6.064063
-6.440374
-6.750462
-7.003921
-7.209913
-7.376674
-7.511344
-7.619958
-7.616558
-7.763299
-7.657485
-7.527254
-7.367059
-7.170303
-6.929297
-6.635325
-6.278928
-5.850545
-5.341714
-4.747053
-4.067201
-3.312611
-2.514789
-1.738092
-1.041312
-0.447112
0.032927
0.398700
0.660073
0.833970
0.940106
0.995824
1.011282
0.989070
0.937520
0.858438
0.744326
0.580749
0.348697
0.028829
-0.393977
-0.926996
-1.567271
-2.300569
-3.087441
-3.857803
-4.566310
-5.194551
-5.736471
-6.194439
-6.575652
-6.889484
-7.145790
-7.353938
-7.522329
-7.658226
-7.767761
-7.763299
-7.909364
-7.802532
-7.670991
-7.509104
-7.310166
-7.066346
-6.768752
-6.407701
-5.973360
-5.456945
-4.852713
-4.160950
-3.391867
-2.577218
-1.782619
-1.068531
-0.458862
0.033781
0.408667
0.675510
0.851549
0.957246
1.011021
1.024283
1.000807
0.949573
0.871538
0.757895
0.592991
0.356852
0.029549
-0.404194
-0.951356
-1.608238
-2.359505
-3.164087
-3.950103
-4.671564
-5.310172
-5.860217
-6.324473
-6.710510
-7.028021
-7.287121
-7.497383
-7.667368
-7.804463
-7.914898
-7.909364
-8.054757
-7.946928
-7.814100
-7.650551
-7.449465
-7.202875
-6.901710
-6.536068
-6.095847
-5.571939
-4.958240
-4.254681
-3.471219
-2.639832
-1.827367
-1.095942
-0.470718
0.034645
0.418765
0.691182
0.869436
0.974728
1.026562
1.037612
1.012854
0.961929
0.884936
0.771737
0.605447
0.365131
0.030280
-0.414525
-0.975939
-1.649494
-2.418734
-3.240958
-4.042515
-4.776797
-5.425647
-5.983709
-6.454160
-6.844944
-7.166072
-7.427916
-7.640250
-7.811795
-7.950062
-8.061373
-8.054757
-8.199484
-8.090678
-7.956585
-7.791402
-7.588204
-7.338884
-7.034199
-6.664029
-6.218001
-5.686688
-5.063626
-4.348383
-3.550652
-2.702617
-1.872327
-1.123541
-0.482681
0.035518
0.428994
0.707090
0.887634
0.992559
1.042459
1.051282
1.025226
0.974602
0.898640
0.785854
0.618119
0.373535
0.031019
-0.424969
-1.000740
-1.691033
-2.478244
-3.318041
-4.135021
-4.881998
-5.540967
-6.106938
-6.583494
-6.978951
-7.303636
-7.568174
-7.782542
-7.955615
-8.095027
-8.207193
-8.199484
-8.343552
-8.233786
-8.098452
-7.931662
-7.726384
-7.474375
-7.166220
-6.791580
-6.339817
-5.801185
-5.168860
-4.442044
-3.630155
-2.765562
-1.917491
-1.151322
-0.494747
0.036400
0.439352
0.723233
0.906143
1.010744
1.058722
1.065309
1.037939
0.987606
0.912658
0.800253
0.631009
0.382063
0.031768
-0.435524
-1.025756
-1.732846
-2.538024
-3.395320
-4.227609
-4.987152
-5.656121
-6.229897
-6.712470
-7.112530
-7.440713
-7.707898
-7.924260
-8.098831
-8.239362
-8.352362
-8.343552
-8.486967
-8.376259
-8.239705
-8.071333
-7.864008
-7.609350
-7.297771
-6.918720
-6.461292
-5.915426
-5.273934
-4.535653
-3.709716
-2.828657
-1.962850
-1.179279
-0.506914
0.037291
0.449839
0.739612
0.924968
1.029290
1.075359
1.079704
1.051007
1.000951
0.927000
0.814936
0.644117
0.390715
0.032526
-0.446189
-1.050983
-1.774924
-2.598062
-3.472781
-4.320264
-5.092249
-5.771101
-6.352580
-6.841086
-7.245678
-7.577304
-7.847090
-8.065409
-8.241446
-8.383073
-8.496887
-8.486967
-8.629735
-8.518102
-8.380348
-8.210421
-8.001079
-7.743810
-7.428854
-7.045448
-6.582424
-6.029403
-5.378841
-4.629201
-3.789324
-2.891889
-2.008394
-1.207409
-0.519181
0.038191
0.460454
0.756226
0.944108
1.048200
1.092379
1.094480
1.064442
1.014649
0.941672
0.829908
0.657446
0.399492
0.033294
-0.456963
-1.076417
-1.817262
-2.658346
-3.550413
-4.412974
-5.197277
-5.885897
-6.474980
-6.969337
-7.378395
-7.713408
-7.985751
-8.205991
-8.383466
-8.526163
-8.640772
-8.629735
-8.771861
-8.659319
-8.520387
-8.348929
-8.137601
-7.877756
-7.559469
-7.171762
-6.703208
-6.143113
-5.483573
-4.722679
-3.868968
-2.955250
-2.054117
-1.235705
-0.531546
0.039101
0.471197
0.773075
0.963566
1.067479
1.109791
1.109648
1.078256
1.028711
0.956682
0.845173
0.670996
0.408392
0.034071
-0.467844
-1.102053
-1.859850
-2.718865
-3.628202
-4.505726
-5.302225
-6.000502
-6.597093
-7.097221
-7.510679
-7.849026
-8.123883
-8.346009
-8.524893
-8.668638
-8.784023
-8.771861
-8.913352
-8.799918
-8.659826
-8.486862
-8.273576
-8.011193
-7.689617
-7.297662
-6.823642
-6.256550
-5.588122
-4.816076
-3.948638
-3.018728
-2.100010
-1.264162
-0.544007
0.040019
0.482066
0.790159
0.983344
1.087132
1.127601
1.125217
1.092461
1.043144
0.972035
0.860733
0.684768
0.417417
0.034857
-0.478831
-1.127887
-1.902681
-2.779610
-3.706135
-4.598508
-5.407084
-6.114907
-6.718913
-7.224734
-7.642529
-7.984159
-8.261488
-8.485467
-8.665733
-8.810504
-8.926647
-8.913352
-9.054213
-8.939902
-8.798670
-8.624222
-8.409008
-8.144120
-7.819298
-7.423148
-6.943724
-6.369710
-5.692484
-4.909386
-4.028325
-3.082314
-2.146065
-1.292777
-0.556561
0.040946
0.493061
0.807477
1.003442
1.107162
1.145817
1.141198
1.107068
1.057960
0.987738
0.876592
0.698764
0.426566
0.035652
-0.489923
-1.153916
-1.945749
-2.840568
-3.784200
-4.691309
-5.511845
-6.229107
-6.840436
-7.351875
-7.773944
-8.118808
-8.398568
-8.624367
-8.805988
-8.951763
-9.068647
-9.054213
-9.194450
-9.079278
-8.936924
-8.761015
-8.543900
-8.276541
-7.948515
-7.548219
-7.063452
-6.482590
-5.796652
-5.002600
-4.108018
-3.145999
-2.192274
-1.321543
-0.569208
0.041882
0.504180
0.825030
1.023862
1.127573
1.164445
1.157599
1.122085
1.073164
1.003796
0.892752
0.712984
0.435839
0.036456
-0.501119
-1.180136
-1.989045
-2.901731
-3.862387
-4.784119
-5.616497
-6.343094
-6.961658
-7.478641
-7.904926
-8.252974
-8.535127
-8.762714
-8.945664
-9.092423
-9.210030
-9.194450
-9.334070
-9.218050
-9.074592
-8.897245
-8.678256
-8.408459
-8.077268
-7.672875
-7.182825
-6.595185
-5.900620
-5.095710
-4.187709
-3.209774
-2.238629
-1.350457
-0.581944
0.042826
0.515424
0.842816
1.044604
1.148368
1.183490
1.174428
1.137522
1.088766
1.020214
0.909216
0.727428
0.445235
0.037269
-0.512417
-1.206542
-2.032562
-2.963088
-3.940685
-4.876925
-5.721033
-6.456863
-7.082574
-7.605030
-8.035473
-8.386658
-8.671166
-8.900510
-9.084765
-9.232487
-9.350801
-9.334070
-9.473078
-9.356225
-9.211681
-9.032915
-8.812078
-8.539875
-8.205558
-7.797116
-7.301841
-6.707494
-6.004383
-5.188710
-4.267390
-3.273630
-2.285124
-1.379513
-0.594768
0.043779
0.526790
0.860835
1.065670
1.169550
1.202959
1.191693
1.153388
1.104772
1.036997
0.925987
0.742097
0.454754
0.038091
-0.523815
-1.233131
-2.076294
-3.024630
-4.019081
-4.969720
-5.825446
-6.570408
-7.203182
-7.731042
-8.165585
-8.519863
-8.806688
-9.037760
-9.223295
-9.371960
-9.490966
-9.473078
-9.611479
-9.493807
-9.348193
-9.168031
-8.945371
-8.670793
-8.333388
-7.920943
-7.420499
-6.819512
-6.107937
-5.281593
-4.347052
-3.337558
-2.331751
-1.408706
-0.607679
0.044740
0.538279
0.879087
1.087060
1.191121
1.222857
1.209402
1.169689
1.121189
1.054149
0.943066
0.756993
0.464395
0.038921
-0.535313
-1.259899
-2.120233
-3.086346
-4.097567
-5.062494
-5.929727
-6.683724
-7.323479
-7.856675
-8.295264
-8.652589
-8.941696
-9.174466
-9.361258
-9.510848
-9.630529
-9.611479
-9.749280
-9.630802
-9.484135
-9.302596
-9.078137
-8.801215
-8.460759
-8.044357
-7.538798
-6.931238
-6.211277
-5.374352
-4.426689
-3.401551
-2.378504
-1.438033
-0.620675
0.045709
0.549888
0.897570
1.108775
1.213085
1.243187
1.227560
1.186433
1.138023
1.071675
0.960455
0.772114
0.474160
0.039761
-0.546909
-1.286842
-2.164373
-3.148229
-4.176132
-5.155237
-6.033869
-6.796806
-7.443462
-7.981928
-8.424510
-8.784839
-9.076193
-9.310633
-9.498659
-9.649155
-9.769497
-9.749280
-9.886486
-9.767215
-9.619510
-9.436614
-9.210381
-8.931144
-8.587673
-8.167357
-7.656738
-7.042669
-6.314399
-5.466983
-4.506292
-3.465601
-2.425375
-1.467489
-0.633752
0.046686
0.561618
0.916285
1.130815
1.235444
1.263955
1.246174
1.203626
1.155279
1.089577
0.978158
0.787462
0.484046
0.040609
-0.558602
-1.313956
-2.208707
-3.210268
-4.254767
-5.247941
-6.137867
-6.909649
-7.563127
-8.106800
-8.553323
-8.916614
-9.210181
-9.446264
-9.635502
-9.786886
-9.907875
-9.886486
-10.023102
-9.903052
-9.754325
-9.570090
-9.342106
-9.060582
-8.714132
-8.289945
-7.774318
-7.153803
-6.417300
-5.559478
-4.585854
-3.529700
-2.472358
-1.497069
-0.646911
0.047671
0.573468
0.935231
1.153181
1.258199
1.285165
1.265249
1.221276
1.172963
1.107861
0.996174
0.803037
0.494055
0.041466
-0.570390
-1.341238
-2.253228
-3.272456
-4.333462
-5.340598
-6.241713
-7.022250
-7.682475
-8.231291
-8.681704
-9.047917
-9.343663
-9.581363
-9.771791
-9.924046
-10.045667
-10.023102
-10.159134
-10.038316
-9.888582
-9.703028
-9.473316
-9.189533
-8.840138
-8.412122
-7.891537
-7.264639
-6.519976
-5.651835
-4.665370
-3.593842
-2.519447
-1.526770
-0.660148
0.048665
0.585435
0.954406
1.175873
1.281353
1.306821
1.284792
1.239387
1.191080
1.126529
1.014506
0.818840
0.504184
0.042331
-0.582272
-1.368683
-2.297929
-3.334783
-4.412210
-5.433201
-6.345403
-7.134605
-7.801501
-8.355400
-8.809655
-9.178750
-9.476643
-9.715933
-9.907531
-10.060640
-10.182880
-10.159134
-10.294589
-10.173015
-10.022288
-9.835432
-9.604015
-9.318000
-8.965693
-8.533889
-8.008396
-7.375174
-6.622423
-5.744046
-4.744833
-3.658018
-2.566635
-1.556586
-0.673463
0.049665
0.597520
0.973810
1.198892
1.304908
1.328925
1.304806
1.257965
1.209634
1.145584
1.033156
0.834869
0.514435
0.043205
-0.594246
-1.396288
-2.342805
-3.397243
-4.491000
-5.525742
-6.448931
-7.246711
-7.920205
-8.479129
-8.937176
-9.309114
-9.609124
-9.849979
-10.042726
-10.196672
-10.319518
-10.294589
-10.429470
-10.307152
-10.155447
-9.967307
-9.734205
-9.445986
-9.090799
-8.655247
-8.124895
-7.485409
-6.724640
-5.836109
-4.824237
-3.722224
-2.613917
-1.586514
-0.686853
0.050674
0.609722
0.993443
1.222237
1.328865
1.351483
1.325297
1.277015
1.228630
1.165030
1.052124
0.851126
0.524806
0.044087
-0.606312
-1.424049
-2.387850
-3.459825
-4.569826
-5.618214
-6.552291
-7.358563
-8.038586
-8.602475
-9.064269
-9.439012
-9.741108
-9.983503
-10.177380
-10.332148
-10.455586
-10.429470
-10.563784
-10.440732
-10.288064
-10.098656
-9.863891
-9.573493
-9.215459
-8.776197
-8.241034
-7.595340
-6.826623
-5.928018
-4.903576
-3.786451
-2.661286
-1.616549
-0.700316
0.051690
0.622038
1.013303
1.245909
1.353227
1.374496
1.346268
1.296542
1.248072
1.184868
1.071412
0.867610
0.535298
0.044978
-0.618468
-1.451963
-2.433056
-3.522524
-4.648679
-5.710611
-6.655478
-7.470160
-8.156641
-8.725440
-9.190935
-9.568446
-9.872599
-10.116511
-10.311497
-10.467072
-10.591091
-10.563784
-10.697535
-10.573761
-10.420142
-10.229484
-9.993076
-9.700524
-9.339674
-8.896741
-8.356813
-7.704968
-6.928370
-6.019770
-4.982845
-3.850695
-2.708736
-1.646689
-0.713851
0.052713
0.634470
1.033390
1.269908
1.377994
1.397968
1.367724
1.316550
1.267963
1.205101
1.091021
0.884322
0.545909
0.045877
-0.630713
-1.480026
-2.478418
-3.585331
-4.727552
-5.802926
-6.758490
-7.581498
-8.274371
-8.848025
-9.317175
-9.697419
-10.003599
-10.249004
-10.445083
-10.601449
-10.726036
-10.697535
-10.830730
-10.706244
-10.551688
-10.359795
-10.121765
-9.827084
-9.463447
-9.016880
-8.472232
-7.814292
-7.029878
-6.111360
-5.062039
-3.914949
-2.756264
-1.676927
-0.727457
0.053744
0.647014
1.053702
1.294234
1.403167
1.421901
1.389669
1.337042
1.288307
1.225733
1.110952
0.901262
0.556640
0.046784
-0.643045
-1.508234
-2.523931
-3.648238
-4.806437
-5.895153
-6.861320
-7.692576
-8.391774
-8.970228
-9.442991
-9.825933
-10.134113
-10.380989
-10.578140
-10.735283
-10.860427
-10.830730
-10.963373
-10.838186
-10.682705
-10.489594
-10.249960
-9.953174
-9.586780
-9.136616
-8.587292
-7.923311
-7.131147
-6.202787
-5.141152
-3.979207
-2.803862
-1.707262
-0.741131
0.054782
0.659671
1.074239
1.318886
1.428748
1.446298
1.412105
1.358024
1.309107
1.246764
1.131206
0.918429
0.567489
0.047699
-0.655462
-1.536583
-2.569587
-3.711240
-4.885328
-5.987287
-6.963966
-7.803390
-8.508849
-9.092052
-9.568386
-9.953991
-10.264142
-10.512467
-10.710674
-10.868579
-10.994268
-10.963373
-11.095469
-10.969591
-10.813197
-10.618883
-10.377666
-10.078798
-9.709677
-9.255950
-8.701995
-8.032024
-7.232173
-6.294045
-5.220181
-4.043465
-2.851526
-1.737689
-0.754871
0.055827
0.672439
1.095000
1.343864
1.454739
1.471161
1.435038
1.379498
1.330367
1.268197
1.151784
0.935823
0.578456
0.048622
-0.667964
-1.565071
-2.615382
-3.774329
-4.964218
-6.079323
-7.066423
-7.913940
-8.625596
-9.213497
-9.693359
-10.081595
-10.393691
-10.643443
-10.842689
-11.001343
-11.127566
-11.095469
-11.227024
-11.100464
-10.943170
-10.747668
-10.504885
-10.203959
-9.832138
-9.374884
-8.816340
-8.140431
-7.332955
-6.385132
-5.299121
-4.107717
-2.899250
-1.768204
-0.768676
0.056878
0.685318
1.115983
1.369169
1.481139
1.496493
1.458468
1.401467
1.352088
1.290034
1.172686
0.953445
0.589541
0.049553
-0.680550
-1.593694
-2.661311
-3.837498
-5.043101
-6.171254
-7.168688
-8.024223
-8.742015
-9.334563
-9.817914
-10.208747
-10.522763
-10.773921
-10.974188
-11.133577
-11.260324
-11.227024
-11.358042
-11.230811
-11.072628
-10.875953
-10.631622
-10.328660
-9.954168
-9.493420
-8.930328
-8.248533
-7.433492
-6.476046
-5.377967
-4.171957
-2.947030
-1.798804
-0.782545
0.057937
0.698306
1.137188
1.394800
1.507950
1.522295
1.482400
1.423936
1.374274
1.312276
1.193914
0.971293
0.600743
0.050492
-0.693217
-1.622447
-2.707366
-3.900740
-5.121970
-6.263077
-7.270758
-8.134237
-8.858105
-9.455251
-9.942051
-10.335450
-10.651360
-10.903904
-11.105177
-11.265288
-11.392547
-11.358042
-11.488529
-11.360635
-11.201576
-11.003741
-10.757881
-10.452904
-10.075767
-9.611559
-9.043960
-8.356328
-7.533782
-6.566783
-5.456717
-4.236182
-2.994861
-1.829485
-0.796475
0.059003
0.711401
1.158614
1.420757
1.535173
1.548569
1.506835
1.446906
1.396928
1.334926
1.215467
0.989368
0.612061
0.051439
-0.705965
-1.651329
-2.753544
-3.964050
-5.200819
-6.354787
-7.372630
-8.243982
-8.973866
-9.575563
-10.065774
-10.461708
-10.779486
-11.033396
-11.235658
-11.396479
-11.524241
-11.488529
-11.618489
-11.489941
-11.330016
-11.131037
-10.883664
-10.576694
-10.196939
-9.729304
-9.157238
-8.463816
-7.633825
-6.657342
-5.535365
-4.300386
-3.042739
-1.860244
-0.810465
0.060075
0.724604
1.180259
1.447038
1.562808
1.575318
1.531777
1.470380
1.420050
1.357984
1.237347
1.007670
0.623496
0.052394
-0.718792
-1.680335
-2.799839
-4.027422
-5.279644
-6.446380
-7.474302
-8.353455
-9.089299
-9.695499
-10.189083
-10.587521
-10.907144
-11.162400
-11.365637
-11.527154
-11.655410
-11.618489
-11.747928
-11.618735
-11.457955
-11.257844
-11.008976
-10.700034
-10.317687
-9.846656
-9.270162
-8.570999
-7.733618
-6.747719
-5.613909
-4.364565
-3.090658
-1.891077
-0.824514
0.061153
0.737913
1.202123
1.473645
1.590856
1.602542
1.557228
1.494361
1.443645
1.381453
1.259554
1.026198
0.635046
0.053356
-0.731696
-1.709462
-2.846245
-4.090849
-5.358437
-6.537851
-7.575770
-8.462656
-9.204402
-9.815060
-10.311980
-10.712894
-11.034337
-11.290921
-11.495116
-11.657319
-11.786058
-11.747928
-11.876849
-11.747020
-11.585396
-11.384166
-11.133819
-10.822926
-10.438012
-9.963617
-9.382733
-8.677876
-7.833162
-6.837913
-5.692345
-4.428715
-3.138615
-1.921981
-0.838619
0.062238
0.751327
1.224204
1.500576
1.619317
1.630244
1.583190
1.518851
1.467713
1.405332
1.282088
1.044952
0.646711
0.054326
-0.744677
-1.738706
-2.892758
-4.154326
-5.437195
-6.629196
-7.677032
-8.571584
-9.319177
-9.934248
-10.434468
-10.837828
-11.161069
-11.418962
-11.624102
-11.786978
-11.916191
-11.876849
-12.005259
-11.874801
-11.712344
-11.510009
-11.258198
-10.945374
-10.557918
-10.080189
-9.494953
-8.784447
-7.932456
-6.927921
-5.770670
-4.492832
-3.186606
-1.952952
-0.852780
0.063329
0.764845
1.246501
1.527830
1.648191
1.658424
1.609664
1.543852
1.492256
1.429625
1.304949
1.063931
0.658490
0.055304
-0.757733
-1.768065
-2.939373
-4.217847
-5.515912
-6.720412
-7.778086
-8.680238
-9.433624
-10.053064
-10.556549
-10.962327
-11.287342
-11.546527
-11.752596
-11.916134
-12.045812
-12.005259
-12.133160
-12.002083
-11.838802
-11.635374
-11.382117
-11.067381
-10.677407
-10.196373
-9.606822
-8.890713
-8.031498
-7.017743
-5.848881
-4.556911
-3.234625
-1.983988
-0.866994
0.064427
0.778465
1.269013
1.555407
1.677480
1.687084
1.636653
1.569367
1.517277
1.454331
1.328138
1.083135
0.670382
0.056288
-0.770863
-1.797535
-2.986085
-4.281406
-5.594584
-6.811495
-7.878930
-8.788617
-9.547743
-10.171510
-10.678224
-11.086392
-11.413161
-11.673619
-11.880604
-12.044793
-12.174927
-12.133160
-12.260559
-12.128870
-11.964775
-11.760267
-11.505577
-11.188949
-10.796481
-10.312173
-9.718343
-8.996673
-8.130288
-7.107376
-5.926976
-4.620950
-3.282670
-2.015085
-0.881260
0.065530
0.792187
1.291738
1.583307
1.707183
1.716225
1.664159
1.595397
1.542776
1.479451
1.351655
1.102563
0.682387
0.057281
-0.784066
-1.827114
-3.032889
-4.344999
-5.673205
-6.902442
-7.979562
-8.896720
-9.661534
-10.289585
-10.799496
-11.210027
-11.538527
-11.800241
-12.008128
-12.172958
-12.303540
-12.260559
-12.387460
-12.255166
-12.090267
-11.884690
-11.628584
-11.310082
-10.915143
-10.427590
-9.829515
-9.102329
-8.228826
-7.196818
-6.004950
-4.684944
-3.330737
-2.046241
-0.895577
0.066639
0.806010
1.314676
1.611528
1.737300
1.745847
1.692183
1.621944
1.568756
1.504987
1.375500
1.122215
0.694504
0.058280
-0.797339
-1.856797
-3.079781
-4.408621
-5.751771
-6.993250
-8.079980
-9.004547
-9.774998
-10.407293
-10.920367
-11.333235
-11.663445
-11.926398
-12.135174
-12.300633
-12.431655
-12.387460
-12.513867
-12.380976
-12.215282
-12.008649
-11.751140
-11.430783
-11.033396
-10.542625
-9.940342
-9.207682
-8.327111
-7.286068
-6.082803
-4.748890
-3.378821
-2.077451
-0.909943
0.067755
0.819931
1.337825
1.640070
1.767832
1.775953
1.720726
1.649010
1.595218
1.530939
1.399674
1.142091
0.706733
0.059287
-0.810682
-1.886581
-3.126756
-4.472266
-5.830279
-7.083916
-8.180183
-9.112097
-9.888136
-10.524633
-11.040839
-11.456017
-11.787917
-12.052093
-12.261745
-12.427824
-12.559277
-12.513867
-12.639785
-12.506304
-12.339825
-12.132145
-11.873250
-11.551054
-11.151242
-10.657281
-10.050823
-9.312730
-8.425144
-7.375126
-6.160531
-4.812785
-3.426919
-2.108714
-0.924356
0.068875
0.833951
1.361183
1.668932
1.798777
1.806542
1.749791
1.676595
1.622162
1.557308
1.424175
1.162190
0.719073
0.060300
-0.824093
-1.916464
-3.173809
-4.535930
-5.908724
-7.174437
-8.280169
-9.219371
-10.000948
-10.641609
-11.160914
-11.578377
-11.911946
-12.177330
-12.387845
-12.554533
-12.686409
-12.639785
-12.765217
-12.631154
-12.463898
-12.255185
-11.994915
-11.670900
-11.268683
-10.771560
-10.160961
-9.417477
-8.522923
-7.463988
-6.238133
-4.876626
-3.475028
-2.140026
-0.938815
0.070002
0.848067
1.384749
1.698113
1.830137
1.837615
1.779377
1.704703
1.649591
1.584094
1.449004
1.182510
0.731522
0.061321
-0.837572
-1.946443
-3.220937
-4.599608
-5.987102
-7.264810
-8.379937
-9.326368
-10.113435
-10.758221
-11.280593
-11.700317
-12.035536
-12.302111
-12.513478
-12.680765
-12.813057
-12.765217
-12.890169
-12.755531
-12.587506
-12.377770
-12.116140
-11.790322
-11.385723
-10.885465
-10.270756
-9.521921
-8.620449
-7.552656
-6.315605
-4.940409
-3.523145
-2.171385
-0.953319
0.071134
0.862279
1.408523
1.727612
1.861912
1.869174
1.809487
1.733333
1.677504
1.611299
1.474161
1.203052
0.744081
0.062349
-0.851116
-1.976514
-3.268135
-4.663296
-6.065409
-7.355033
-8.479485
-9.433087
-10.225598
-10.874470
-11.399880
-11.821841
-12.158689
-12.426441
-12.638646
-12.806524
-12.939225
-12.890169
-13.014645
-12.879438
-12.710653
-12.499905
-12.236928
-11.909324
-11.502364
-10.998996
-10.380211
-9.626064
-8.717721
-7.641126
-6.392947
-5.004132
-3.571265
-2.202788
-0.967866
0.072271
0.876586
1.432501
1.757428
1.894100
1.901218
1.840121
1.762487
1.705904
1.638922
1.499646
1.223815
0.756748
0.063383
-0.864724
-2.006674
-3.315399
-4.726989
-6.143643
-7.445103
-8.578812
-9.539529
-10.337437
-10.990358
-11.518776
-11.942949
-12.281409
-12.550323
-12.763355
-12.931814
-13.064916
-13.014645
-13.138649
-13.002879
-12.833344
-12.621592
-12.357283
-12.027909
-11.618609
-11.112156
-10.489327
-9.729906
-8.814739
-7.729399
-6.470156
-5.067791
-3.619387
-2.234231
-0.982455
0.073414
0.890986
1.456683
1.787559
1.926701
1.933747
1.871281
1.792166
1.734791
1.666964
1.525458
1.244798
0.769523
0.064425
-0.878395
-2.036921
-3.362725
-4.790683
-6.221798
-7.535019
-8.677918
-9.645693
-10.448953
-11.105888
-11.637284
-12.063646
-12.403699
-12.673759
-12.887608
-13.056639
-13.190136
-13.138649
-13.262186
-13.125859
-12.955580
-12.742837
-12.477207
-12.146080
-11.734459
-11.224947
-10.598104
-9.833449
-8.911505
-7.817474
-6.547230
-5.131385
-3.667506
-2.265713
-0.997084
0.074562
0.905478
1.481068
1.818006
1.959715
1.966763
1.902966
1.822372
1.764165
1.695425
1.551597
1.265999
0.782404
0.065472
-0.892129
-2.067252
-3.410108
-4.854375
-6.299874
-7.624778
-8.776801
-9.751581
-10.560148
-11.221059
-11.755406
-12.183934
-12.525562
-12.796755
-13.011408
-13.181002
-13.314887
-13.262186
-13.385258
-13.248382
-13.077367
-12.863642
-12.596704
-12.263839
-11.849917
-11.337371
-10.706546
-9.936693
-9.008017
-7.905350
-6.624167
-5.194911
-3.715620
-2.297232
-1.011753
0.075715
0.920061
1.505653
1.848765
1.993142
2.000265
1.935179
1.853104
1.794028
1.724305
1.578062
1.287420
0.795392
0.066527
-0.905922
-2.097663
-3.457546
-4.918060
-6.377865
-7.714378
-8.875460
-9.857191
-10.671022
-11.335875
-11.873143
-12.303815
-12.647000
-12.919312
-13.134759
-13.304908
-13.439174
-13.385258
-13.507871
-13.370451
-13.198709
-12.984011
-12.715777
-12.381190
-11.964987
-11.449431
-10.814653
-10.039639
-9.104276
-7.993026
-6.700967
-5.258366
-3.763727
-2.328783
-1.026458
0.076872
0.934733
1.530437
1.879837
2.026981
2.034254
1.967919
1.884364
1.824380
1.753604
1.604854
1.309057
0.808485
0.067588
-0.919775
-2.128152
-3.505034
-4.981734
-6.455769
-7.803817
-8.973895
-9.962524
-10.781576
-11.450336
-11.990498
-12.423292
-12.768017
-13.041434
-13.257665
-13.428361
-13.563001
-13.507871
-13.630029
-13.492071
-13.319608
-13.103947
-12.834429
-12.498135
-12.079670
-11.561128
-10.922426
-10.142288
-9.200282
-8.080501
-6.777627
-5.321748
-3.811822
-2.360366
-1.041200
0.078035
0.949494
1.555419
1.911221
2.061231
2.068729
2.001186
1.916152
1.855221
1.783324
1.631972
1.330911
0.821682
0.068655
-0.933685
-2.158716
-3.552569
-5.045394
-6.533584
-7.893094
-9.072105
-10.067580
-10.891810
-11.564444
-12.107473
-12.542368
-12.888616
-13.163125
-13.380129
-13.551364
-13.686372
-13.630029
-13.751735
-13.613244
-13.440068
-13.223454
-12.952663
-12.614677
-12.193969
-11.672464
-11.029868
-10.244641
-9.296035
-8.167776
-6.854146
-5.385054
-3.859904
-2.391977
-1.055977
0.079202
0.964342
1.580597
1.942913
2.095892
2.103691
2.034983
1.948470
1.886552
1.813462
1.659414
1.352981
0.834982
0.069729
-0.947652
-2.189353
-3.600146
-5.109036
-6.611306
-7.982207
-9.170090
-10.172360
-11.001728
-11.678202
-12.224071
-12.661045
-13.008800
-13.284388
-13.502154
-13.673920
-13.809291
-13.751735
-13.872994
-13.733976
-13.560094
-13.342535
-13.070484
-12.730820
-12.307886
-11.783441
-11.136979
-10.346699
-9.391535
-8.254849
-6.930523
-5.448283
-3.907970
-2.423614
-1.070787
0.080374
0.979276
1.605968
1.974914
2.130962
2.139140
2.069307
1.981316
1.918373
1.844020
1.687181
1.375265
0.848386
0.070809
-0.961674
-2.220059
-3.647763
-5.172658
-6.688934
-8.071154
-9.267848
-10.276863
-11.111328
-11.791609
-12.340293
-12.779326
-13.128571
-13.405226
-13.623745
-13.796034
-13.931761
-13.872994
-13.993809
-13.854270
-13.679688
-13.461193
-13.187893
-12.846565
-12.421425
-11.894062
-11.243762
-10.448463
-9.486784
-8.341720
-7.006757
-5.511433
-3.956018
-2.455275
-1.085630
0.081551
0.994294
1.631532
2.007221
2.166442
2.175074
2.104161
2.014693
1.950685
1.874997
1.715272
1.397763
0.861890
0.071895
-0.975749
-2.250832
-3.695416
-5.236254
-6.766463
-8.159934
-9.365380
-10.381091
-11.220612
-11.904669
-12.456141
-12.897213
-13.247933
-13.525642
-13.744904
-13.917710
-14.053787
-13.993809
-14.114184
-13.974129
-13.798855
-13.579433
-13.304893
-12.961917
-12.534586
-12.004329
-11.350218
-10.549934
-9.581781
-8.428389
-7.082845
-5.574501
-4.004045
-2.486958
-1.100503
0.082731
1.009396
1.657287
2.039833
2.202329
2.211495
2.139545
2.048600
1.983488
1.906393
1.743685
1.420473
0.875496
0.072987
-0.989878
-2.281669
-3.743102
-5.299823
-6.843893
-8.248546
-9.462684
-10.485043
-11.329582
-12.017382
-12.571618
-13.014709
-13.366888
-13.645639
-13.865636
-14.038950
-14.175373
-14.114184
-14.234124
-14.093558
-13.917597
-13.697256
-13.421489
-13.076876
-12.647373
-12.114242
-11.456349
-10.651113
-9.676527
-8.514855
-7.158788
-5.637485
-4.052048
-2.518661
-1.115406
0.083916
1.024579
1.683230
2.072749
2.238623
2.248401
2.175457
2.083037
2.016780
1.938207
1.772421
1.443395
0.889201
0.074084
-1.004057
-2.312568
-3.790817
-5.363362
-6.921220
-8.336987
-9.559761
-10.588720
-11.438238
-12.129751
-12.686726
-13.131817
-13.485439
-13.765220
-13.985942
-14.159758
-14.296521
-14.234124
-14.353631
-14.212559
-14.035919
-13.814667
-13.537682
-13.191447
-12.759789
-12.223806
-11.562156
-10.752001
-9.771021
-8.601118
-7.234584
-5.700385
-4.100026
-2.550381
-1.130338
0.085106
1.039844
1.709361
2.105967
2.275323
2.285792
2.211899
2.118005
2.050564
1.970440
1.801478
1.466526
0.903005
0.075188
-1.018287
-2.343526
-3.838559
-5.426866
-6.998442
-8.425258
-9.656610
-10.692123
-11.546581
-12.241777
-12.801467
-13.248538
-13.603590
-13.884390
-14.105828
-14.280138
-14.417236
-14.353631
-14.472710
-14.331137
-14.153823
-13.931668
-13.653477
-13.305632
-12.871835
-12.333020
-11.667640
-10.852599
-9.865266
-8.687179
-7.310232
-5.763198
-4.147976
-2.582116
-1.145297
0.086299
1.055187
1.735676
2.139485
2.312428
2.323668
2.248869
2.153504
2.084838
2.003090
1.830856
1.489867
0.916906
0.076298
-1.032565
-2.374541
-3.886323
-5.490334
-7.075558
-8.513356
-9.753232
-10.795251
-11.654614
-12.353462
-12.915843
-13.364876
-13.721342
-14.003149
-14.225295
-14.400094
-14.537521
-14.472710
-14.591364
-14.449294
-14.271313
-14.048264
-13.768875
-13.419433
-12.983514
-12.441888
-11.772804
-10.952908
-9.959260
-8.773036
-7.385732
-5.825922
-4.195897
-2.613864
-1.160282
0.087496
1.070609
1.762175
2.173301
2.349937
2.362027
2.286369
2.189533
2.119603
2.036157
1.860553
1.513415
0.930905
0.077413
-1.046891
-2.405610
-3.934108
-5.553762
-7.152566
-8.601281
-9.849625
-10.898107
-11.762336
-12.464807
-13.029856
-13.480832
-13.838699
-14.121503
-14.344348
-14.519629
-14.657381
-14.591364
-14.709598
-14.567035
-14.388393
-14.164456
-13.883879
-13.532854
-13.094828
-12.550412
-11.877648
-11.052929
-10.053005
-8.858689
-7.461081
-5.888556
-4.243785
-2.645624
-1.175292
0.088698
1.086107
1.788855
2.207413
2.387847
2.400870
2.324398
2.226093
2.154858
2.069641
1.890569
1.537170
0.944999
0.078533
-1.061263
-2.436730
-3.981909
-5.617148
-7.229463
-8.689032
-9.945789
-11.000689
-11.869749
-12.575814
-13.143508
-13.596410
-13.955663
-14.239453
-14.462989
-14.638746
-14.776817
-14.709598
-14.827413
-14.684363
-14.505065
-14.280248
-13.998494
-13.645896
-13.205780
-12.658593
-11.982175
-11.152664
-10.146502
-8.944140
-7.536281
-5.951099
-4.291640
-2.677394
-1.190326
0.089903
1.101681
1.815714
2.241820
2.426158
2.440195
2.362955
2.263183
2.190602
2.103541
1.920901
1.561130
0.959188
0.079659
-1.075679
-2.467899
-4.029725
-5.680489
-7.306247
-8.776608
-10.041726
-11.102999
-11.976854
-12.686485
-13.256802
-13.711612
-14.072237
-14.357003
-14.581222
-14.757448
-14.895835
-14.827413
-14.944815
-14.801282
-14.621334
-14.395644
-14.112721
-13.758564
-13.316371
-12.766434
-12.086386
-11.252113
-10.239750
-9.029386
-7.611329
-6.013548
-4.339458
-2.709170
-1.205382
0.091111
1.117329
1.842750
2.276519
2.464869
2.480002
2.402039
2.300803
2.226836
2.137856
1.951550
1.585293
0.973470
0.080791
-1.090140
-2.499115
-4.077552
-5.743783
-7.382917
-8.864008
-10.137434
-11.205037
-12.083653
-12.796822
-13.369739
-13.826440
-14.188425
-14.474155
-14.699049
-14.875739
-15.014437
-14.944815
-15.061806
-14.917794
-14.737201
-14.510646
-14.226564
-13.870858
-13.426606
-12.873936
-12.190283
-11.351278
-10.332750
-9.114430
-7.686225
-6.075903
-4.387239
-2.740953
-1.220460
0.092323
1.133050
1.869962
2.311509
2.503977
2.520289
2.441652
2.338954
2.263559
2.172585
1.982514
1.609659
0.987846
0.081928
-1.104643
-2.530376
-4.125388
-5.807026
-7.459472
-8.951231
-10.232913
-11.306805
-12.190146
-12.906825
-13.482321
-13.940896
-14.304228
-14.590913
-14.816475
-14.993623
-15.132628
-15.061806
-15.178391
-15.033904
-14.852671
-14.625257
-14.340024
-13.982782
-13.536484
-12.981102
-12.293866
-11.450160
-10.425503
-9.199269
-7.760969
-6.138163
-4.434981
-2.772739
-1.235558
0.093539
1.148842
1.897347
2.346788
2.543481
2.561056
2.481791
2.377633
2.300770
2.207727
2.013791
1.634226
1.002312
0.083070
-1.119187
-2.561679
-4.173229
-5.870218
-7.535909
-9.038276
-10.328164
-11.408301
-12.296335
-13.016498
-13.594551
-14.054984
-14.419649
-14.707280
-14.933502
-15.111102
-15.250409
-15.178391
-15.294572
-15.149613
-14.967747
-14.739480
-14.453106
-14.094339
-13.646010
-13.087933
-12.397139
-11.548759
-10.518010
-9.283905
-7.835560
-6.200326
-4.482681
-2.804528
-1.250676
0.094758
1.164704
1.924903
2.382353
2.583379
2.602301
2.522456
2.416841
2.338469
2.243282
2.045380
1.658992
1.016869
0.084217
-1.133771
-2.593022
-4.221074
-5.933355
-7.612227
-9.125143
-10.423186
-11.509529
-12.402221
-13.125841
-13.706431
-14.168704
-14.534691
-14.823258
-15.050133
-15.228180
-15.367785
-15.294572
-15.410352
-15.264927
-15.082431
-14.853319
-14.565812
-14.205530
-13.755184
-13.194431
-12.500102
-11.647077
-10.610271
-9.368338
-7.909997
-6.262390
-4.530339
-2.836317
-1.265811
0.095980
1.180635
1.952628
2.418202
2.623670
2.644023
2.563646
2.456578
2.376655
2.279248
2.077281
1.683956
1.031516
0.085368
-1.148394
-2.624402
-4.268919
-5.996436
-7.688424
-9.211831
-10.517980
-11.610487
-12.507805
-13.234856
-13.817962
-14.282061
-14.649356
-14.938850
-15.166371
-15.344860
-15.484760
-15.410352
-15.525736
-15.379848
-15.196727
-14.966776
-14.678144
-14.316359
-13.864010
-13.300599
-12.602756
-11.745116
-10.702286
-9.452568
-7.984280
-6.324356
-4.577952
-2.868105
-1.280964
0.097205
1.196633
1.980520
2.454333
2.664352
2.686221
2.605361
2.496842
2.415328
2.315625
2.109490
1.709117
1.046250
0.086525
-1.163054
-2.655818
-4.316763
-6.059457
-7.764500
-9.298340
-10.612546
-11.711177
-12.613089
-13.343544
-13.929147
-14.395055
-14.763648
-15.054059
-15.282219
-15.461145
-15.601335
-15.525736
-15.640727
-15.494378
-15.310639
-15.079854
-14.790106
-14.426828
-13.972490
-13.406438
-12.705104
-11.842876
-10.794057
-9.536594
-8.058409
-6.386221
-4.625519
-2.899890
-1.296132
0.098434
1.212697
2.008576
2.490743
2.705423
2.728893
2.647600
2.537633
2.454485
2.352410
2.142008
1.734472
1.061071
0.087687
-1.177751
-2.687267
-4.364602
-6.122418
-7.840452
-9.384668
-10.706883
-11.811599
-12.718073
-13.451908
-14.039987
-14.507690
-14.877568
-15.168888
-15.397681
-15.577038
-15.717515
-15.640727
-15.755327
-15.608522
-15.424168
-15.192557
-14.901699
-14.536939
-14.080625
-13.511949
-12.807147
-11.940358
-10.885585
-9.620417
-8.132382
-6.447984
-4.673039
-2.931670
-1.311316
0.099665
1.228826
2.036795
2.527431
2.746880
2.772038
2.690361
2.578950
2.494127
2.389603
2.174832
1.760020
1.075979
0.088853
-1.192484
-2.718748
-4.412435
-6.185315
-7.916280
-9.470816
-10.800993
-11.911755
-12.822759
-13.559949
-14.150485
-14.619968
-14.991119
-15.283340
-15.512758
-15.692542
-15.833303
-15.755327
-15.869541
-15.722283
-15.537318
-15.304886
-15.012927
-14.646695
-14.188419
-13.617136
-12.908887
-12.037563
-10.976869
-9.704037
-8.206200
-6.509645
-4.720509
-2.963445
-1.326514
0.100899
1.245018
2.065174
2.564393
2.788722
2.815655
2.733643
2.620793
2.534253
2.427202
2.207960
1.785760
1.090971
0.090024
-1.207250
-2.750257
-4.460259
-6.248148
-7.991983
-9.556783
-10.894875
-12.011644
-12.927148
-13.667669
-14.260643
-14.731890
-15.104304
-15.397417
-15.627455
-15.807661
-15.948702
-15.869541
-15.983370
-15.835663
-15.650092
-15.416845
-15.123793
-14.756099
-14.295873
-13.722000
-13.010324
-12.134494
-11.067911
-9.787455
-8.279862
-6.571203
-4.767929
-2.995213
-1.341725
0.102136
1.261272
2.093712
2.601628
2.830947
2.859742
2.777446
2.663159
2.574860
2.465206
2.241391
1.811689
1.106046
0.091199
-1.222049
-2.781794
-4.508072
-6.310914
-8.067558
-9.642568
-10.988529
-12.111268
-13.031242
-13.775069
-14.370462
-14.843460
-15.217126
-15.511121
-15.741774
-15.922397
-16.063715
-15.983370
-16.096819
-15.948666
-15.762493
-15.528436
-15.234299
-14.865152
-14.402989
-13.826542
-13.111461
-12.231150
-11.158711
-9.870670
-8.353367
-6.632657
-4.815298
-3.026971
-1.356948
0.103375
1.277587
2.122405
2.639133
2.873552
2.904296
2.821767
2.706048
2.615949
2.503614
2.275123
1.837806
1.121204
0.092379
-1.236880
-2.813356
-4.555872
-6.373612
-8.143006
-9.728171
-11.081956
-12.210628
-13.135041
-13.882151
-14.479945
-14.954679
-15.329586
-15.624457
-15.855717
-16.036754
-16.178345
-16.096819
-16.209891
-16.061294
-15.874524
-15.639663
-15.344447
-14.973857
-14.509769
-13.930765
-13.212300
-12.327533
-11.249270
-9.953683
-8.426717
-6.694005
-4.862613
-3.058719
-1.372182
0.104617
1.293961
2.151251
2.676905
2.916535
2.949317
2.866606
2.749459
2.657518
2.542424
2.309155
1.864109
1.136442
0.093563
-1.251741
-2.844941
-4.603656
-6.436239
-8.218324
-9.813593
-11.175156
-12.309724
-13.238547
-13.988917
-14.589093
-15.065549
-15.441687
-15.737426
-15.969288
-16.150734
-16.292595
-16.209891
-16.322588
-16.173551
-15.986187
-15.750528
-15.454240
-15.082216
-14.616217
-14.034671
-13.312841
-12.423644
-11.339589
-10.036494
-8.499909
-6.755248
-4.909874
-3.090456
-1.387427
0.105862
1.310392
2.180249
2.714941
2.959894
2.994802
2.911961
2.793391
2.699564
2.581634
2.343484
1.890596
1.151761
0.094751
-1.266632
-2.876547
-4.651422
-6.498794
-8.293513
-9.898831
-11.268129
-12.408557
-13.341761
-14.095367
-14.697908
-15.176074
-15.553433
-15.850031
-16.082490
-16.264341
-16.406469
-16.322588
-16.434914
-16.285440
-16.097486
-15.861034
-15.563681
-15.190233
-14.722333
-14.138260
-13.413086
-12.519485
-11.429668
-10.119104
-8.572945
-6.816384
-4.957079
-3.122180
-1.402680
0.107109
1.326881
2.209395
2.753240
3.003625
3.040750
2.957831
2.837841
2.742088
2.621242
2.378109
1.917266
1.167158
0.095943
-1.281551
-2.908173
-4.699169
-6.561276
-8.368570
-9.983887
-11.360876
-12.507128
-13.444684
-14.201505
-14.806393
-15.286255
-15.664824
-15.962275
-16.195324
-16.377576
-16.519969
-16.434914
-16.546872
-16.396964
-16.208424
-15.971183
-15.672772
-15.297908
-14.828119
-14.241536
-13.513036
-12.615055
-11.519508
-10.201511
-8.645823
-6.877413
-5.004227
-3.153889
-1.417942
0.108358
1.343424
2.238688
2.791798
3.047728
3.087158
3.004213
2.882810
2.785088
2.661247
2.413027
1.944116
1.182633
0.097139
-1.296498
-2.939816
-4.746895
-6.623683
-8.443496
-10.068759
-11.453397
-12.605437
-13.547317
-14.307331
-14.914550
-15.396093
-15.775863
-16.074160
-16.307795
-16.490444
-16.633099
-16.546872
-16.658465
-16.508125
-16.319003
-16.080978
-15.781516
-15.405245
-14.933579
-14.344500
-13.612694
-12.710358
-11.609111
-10.283718
-8.718544
-6.938333
-5.051318
-3.185583
-1.433212
0.109610
1.360021
2.268125
2.830612
3.092198
3.134023
3.051107
2.928295
2.828561
2.701648
2.448236
1.971145
1.198183
0.098339
-1.311470
-2.971474
-4.794597
-6.686012
-8.518288
-10.153449
-11.545692
-12.703486
-13.649663
-14.412846
-15.022379
-15.505593
-15.886554
-16.185689
-16.419904
-16.602947
-16.745861
-16.658465
-16.769695
-16.618926
-16.429225
-16.190422
-15.889916
-15.512246
-15.038714
-14.447153
-13.712061
-12.805393
-11.698475
-10.365724
-8.791107
-6.999144
-5.098350
-3.217260
-1.448488
0.110863
1.376671
2.297703
2.869679
3.137034
3.181345
3.098509
2.974294
2.872506
2.742441
2.483734
1.998351
1.213809
0.099543
-1.326468
-3.003147
-4.842273
-6.748264
-8.592948
-10.237954
-11.637761
-12.801275
-13.751721
-14.518054
-15.129884
-15.614755
-15.996898
-16.296865
-16.531655
-16.715087
-16.858258
-16.769695
-16.880566
-16.729371
-16.539095
-16.299518
-15.997972
-15.618913
-15.143526
-14.549498
-13.811138
-12.900162
-11.787604
-10.447530
-8.863512
-7.059846
-5.145321
-3.248918
-1.463771
0.112119
1.393371
2.327421
2.908998
3.182232
3.229120
3.146420
3.020807
2.916922
2.783625
2.519520
2.025731
1.229508
0.100751
-1.341490
-3.034831
-4.889923
-6.810437
-8.667472
-10.322276
-11.729605
-12.898806
-13.853494
-14.622954
-15.237065
-15.723581
-16.106897
-16.407689
-16.643050
-16.826869
-16.970293
-16.880566
-16.991081
-16.839461
-16.648614
-16.408267
-16.105689
-15.725248
-15.248017
-14.651536
-13.909926
-12.994666
-11.876497
-10.529135
-8.935760
-7.120438
-5.192231
-3.280558
-1.479058
0.113376
1.410122
2.357275
2.948564
3.227790
3.277347
3.194835
3.067830
2.961806
2.825198
2.555590
2.053283
1.245279
0.101962
-1.356535
-3.066526
-4.937544
-6.872528
-8.741862
-10.406414
-11.821224
-12.996078
-13.954982
-14.727549
-15.343925
-15.832075
-16.216555
-16.518165
-16.754092
-16.938293
-17.081969
-16.991081
-17.101242
-16.949201
-16.757785
-16.516674
-16.213069
-15.831254
-15.352189
-14.753269
-14.008428
-13.088907
-11.965154
-10.610540
-9.007849
-7.180919
-5.239080
-3.312178
-1.494349
0.114635
1.426921
2.387264
2.988375
3.273705
3.326022
3.243754
3.115363
3.007157
2.867157
2.591943
2.081006
1.261121
0.103177
-1.371602
-3.098229
-4.985134
-6.934537
-8.816115
-10.490369
-11.912620
-13.093094
-14.056187
-14.831841
-15.450466
-15.940237
-16.325872
-16.628294
-16.864783
-17.049364
-17.193289
-17.101242
-17.211052
-17.058592
-16.866611
-16.624739
-16.320113
-15.936932
-15.456044
-14.854699
-14.106644
-13.182884
-12.053577
-10.691746
-9.079781
-7.241289
-5.285865
-3.343775
-1.509644
0.115896
1.443766
2.417385
3.028428
3.319974
3.375142
3.293174
3.163403
3.052972
2.909501
2.628576
2.108898
1.277033
0.104395
-1.386689
-3.129940
-5.032692
-6.996463
-8.890232
-10.574138
-12.003791
-13.189852
-14.157109
-14.935830
-15.556689
-16.048071
-16.434852
-16.738080
-16.975125
-17.160083
-17.304255
-17.211052
-17.320514
-17.167637
-16.975094
-16.732466
-16.426825
-16.042285
-15.559585
-14.955828
-14.204576
-13.276600
-12.141767
-10.772753
-9.151554
-7.301548
-5.332586
-3.375351
-1.524941
0.117159
1.460658
2.447636
3.068719
3.366593
3.424707
3.343093
3.211949
3.099250
2.952228
2.665487
2.136955
1.293014
0.105616
-1.401797
-3.161656
-5.080215
-7.058304
-8.964212
-10.657724
-12.094738
-13.286356
-14.257751
-15.039519
-15.662597
-16.155577
-16.543497
-16.847525
-17.085123
-17.270454
-17.414871
-17.320514
-17.429631
-17.276340
-17.083237
-16.839857
-16.533207
-16.147316
-15.662812
-15.056657
-14.302226
-13.370056
-12.229724
-10.853561
-9.223169
-7.361693
-5.379242
-3.406903
-1.540240
0.118423
1.477594
2.478013
3.109246
3.413561
3.474711
3.393509
3.260998
3.145988
2.995334
2.702673
2.165177
1.309061
0.106841
-1.416923
-3.193376
-5.127704
-7.120059
-9.038054
-10.741126
-12.185463
-13.382604
-14.358113
-15.142908
-15.768191
-16.262759
-16.651809
-16.956631
-17.194777
-17.380479
-17.525139
-17.429631
-17.538406
-17.384702
-17.191043
-16.946914
-16.639260
-16.252026
-15.765729
-15.157188
-14.399594
-13.463252
-12.317450
-10.934171
-9.294626
-7.421727
-5.425833
-3.438430
-1.555541
0.119689
1.494574
2.508515
3.150005
3.460872
3.525154
3.444418
3.310548
3.193185
3.038817
2.740132
2.193561
1.325175
0.108069
-1.432067
-3.225098
-5.175155
-7.181727
-9.111758
-10.824343
-12.275965
-13.478599
-14.458196
-15.246000
-15.873473
-16.369617
-16.759790
-17.065401
-17.304091
-17.490161
-17.635062
-17.538406
-17.646841
-17.492727
-17.298514
-17.053641
-16.744988
-16.356417
-15.868337
-15.257423
-14.496683
-13.556190
-12.404943
-11.014583
-9.365924
-7.481646
-5.472357
-3.469932
-1.570841
0.120956
1.511595
2.539139
3.190994
3.508525
3.576031
3.495819
3.360596
3.240836
3.082675
2.777861
2.222104
1.341352
0.109299
-1.447228
-3.256821
-5.222568
-7.243306
-9.185322
-10.907376
-12.366245
-13.574341
-14.558003
-15.348796
-15.978444
-16.476155
-16.867443
-17.173836
-17.413067
-17.599502
-17.744642
-17.646841
-17.754939
-17.600416
-17.405653
-17.160039
-16.850392
-16.460492
-15.970638
-15.357363
-14.593494
-13.648871
-12.492207
-11.094797
-9.437064
-7.541453
-5.518813
-3.501407
-1.586142
0.122225
1.528656
2.569883
3.232209
3.556515
3.627340
3.547709
3.411141
3.288941
3.126905
2.815857
2.250804
1.357593
0.110533
-1.462406
-3.288543
-5.269941
-7.304797
-9.258747
-10.990224
-12.456302
-13.669831
-14.657533
-15.451297
-16.083107
-16.582375
-16.974770
-17.281940
-17.521708
-17.708505
-17.853882
-17.754939
-17.862703
-17.707773
-17.512462
-17.266111
-16.955476
-16.564252
-16.072633
-15.457010
-14.690028
-13.741296
-12.579241
-11.174814
-9.508046
-7.601145
-5.565201
-3.532854
-1.601441
0.123494
1.545757
2.600744
3.273646
3.604841
3.679077
3.600085
3.462179
3.337497
3.171505
2.854118
2.279660
1.373896
0.111770
-1.477598
-3.320263
-5.317273
-7.366197
-9.332032
-11.072888
-12.546139
-13.765070
-14.756788
-15.553506
-16.187464
-16.688277
-17.081772
-17.389715
-17.630015
-17.817172
-17.962786
-17.862703
-17.970135
-17.814801
-17.618944
-17.371859
-17.060240
-16.667701
-16.174325
-15.556366
-14.786287
-13.833466
-12.666046
-11.254635
-9.578870
-7.660723
-5.611521
-3.564274
-1.616738
0.124765
1.562896
2.631719
3.315303
3.653497
3.731240
3.652944
3.513709
3.386501
3.216471
2.892642
2.308669
1.390259
0.113009
-1.492804
-3.351979
-5.364562
-7.427507
-9.405177
-11.155368
-12.635755
-13.860058
-14.855770
-15.655422
-16.291515
-16.793865
-17.188453
-17.497162
-17.737992
-17.925507
-18.071354
-17.970135
-18.077238
-17.921501
-17.725101
-17.477286
-17.164688
-16.770839
-16.275717
-15.655433
-14.882272
-13.925383
-12.752623
-11.334259
-9.649535
-7.720186
-5.657771
-3.595663
-1.632033
0.126037
1.580072
2.662806
3.357177
3.702480
3.783825
3.706284
3.565727
3.435950
3.261801
2.931424
2.337828
1.406682
0.114251
-1.508023
-3.383690
-5.411806
-7.488724
-9.478180
-11.237663
-12.725150
-13.954797
-14.954479
-15.757049
-16.395264
-16.899139
-17.294813
-17.604285
-17.845641
-18.033511
-18.179591
-18.077238
-18.184014
-18.027876
-17.830936
-17.582394
-17.268822
-16.873669
-16.376808
-15.754212
-14.977984
-14.017047
-12.838973
-11.413687
-9.720042
-7.779533
-5.703950
-3.627023
-1.647325
0.127310
1.597283
2.694003
3.399263
3.751788
3.836828
3.760101
3.618231
3.485842
3.307492
2.970463
2.367135
1.423162
0.115495
-1.523255
-3.415395
-5.459005
-7.549847
-9.551042
-11.319775
-12.814325
-14.049287
-15.052917
-15.858388
-16.498711
-17.004103
-17.400856
-17.711085
-17.952965
-18.141187
-18.287498
-18.184014
-18.290467
-18.133929
-17.936451
-17.687186
-17.372643
-16.976194
-16.477602
-15.852705
-15.073426
-14.108460
-12.925097
-11.492920
-9.790391
-7.838766
-5.750058
-3.658352
-1.662614
0.128584
1.614528
2.725306
3.441558
3.801415
3.890247
3.814393
3.671218
3.536173
3.353541
3.009756
2.396588
1.439699
0.116742
-1.538498
-3.447092
-5.506158
-7.610877
-9.623762
-11.401702
-12.903281
-14.143529
-15.151085
-15.959439
-16.601858
-17.108758
-17.506584
-17.817566
-18.059964
-18.248538
-18.395079
-18.290467
-18.396598
-18.239662
-18.041648
-17.791662
-17.476154
-17.078414
-16.578101
-15.950913
-15.168597
-14.199622
-13.010995
-11.571958
-9.860582
-7.897882
-5.796095
-3.689649
-1.677898
0.129859
1.631806
2.756714
3.484059
3.851359
3.944078
3.869155
3.724685
3.586941
3.399945
3.049299
2.426185
1.456291
0.117992
-1.553752
-3.478780
-5.553263
-7.671812
-9.696340
-11.483445
-12.992019
-14.237524
-15.248985
-16.060205
-16.704707
-17.213106
-17.611998
-17.923728
-18.166643
-18.355565
-18.502335
-18.396598
-18.502411
-18.345078
-18.146530
-17.895827
-17.579358
-17.180332
-16.678306
-16.048838
-15.263501
-14.290535
-13.096668
-11.650801
-9.930615
-7.956882
-5.842059
-3.720913
-1.693177
0.131135
1.649116
2.788225
3.526763
3.901616
3.998316
3.924385
3.778628
3.638143
3.446701
3.089089
2.455923
1.472937
0.119243
-1.569015
-3.510458
-5.600318
-7.732651
-9.768776
-11.565004
-13.080537
-14.331273
-15.346616
-16.160687
-16.807260
-17.317149
-17.717100
-18.029575
-18.273003
-18.462272
-18.609269
-18.502411
-18.607907
-18.450179
-18.251099
-17.999682
-17.682256
-17.281951
-16.778218
-16.146482
-15.358137
-14.381200
-13.182117
-11.729451
-10.000490
-8.015766
-5.887951
-3.752144
-1.708450
0.132411
1.666456
2.819834
3.569667
3.952182
4.052960
3.980080
3.833045
3.689775
3.493805
3.129125
2.485799
1.489635
0.120497
-1.584287
-3.542125
-5.647324
-7.793394
-9.841068
-11.646379
-13.168838
-14.424778
-15.443981
-16.260886
-16.909518
-17.420889
-17.821894
-18.135108
-18.379047
-18.568661
-18.715883
-18.607907
-18.713089
-18.554968
-18.355358
-18.103229
-17.784850
-17.383271
-16.877841
-16.243847
-15.452508
-14.471618
-13.267342
-11.807906
-10.070207
-8.074533
-5.933769
-3.783340
-1.723717
0.133688
1.683826
2.851541
3.612765
4.003053
4.108003
4.036236
3.887933
3.741835
3.541255
3.169402
2.515811
1.506385
0.121753
-1.599566
-3.573778
-5.694278
-7.854039
-9.913218
-11.727570
-13.256922
-14.518037
-15.541081
-16.360804
-17.011484
-17.524327
-17.926380
-18.240329
-18.484777
-18.674734
-18.822181
-18.713089
-18.817959
-18.659446
-18.459308
-18.206471
-17.887143
-17.484296
-16.977175
-16.340933
-15.546615
-14.561790
-13.352345
-11.886169
-10.139767
-8.133184
-5.979512
-3.814502
-1.738978
0.134966
1.701224
2.883342
3.656056
4.054225
4.163444
4.092849
3.943288
3.794319
3.589047
3.209917
2.545958
1.523184
0.123011
-1.614853
-3.605418
-5.741179
-7.914587
-9.985224
-11.808578
-13.344788
-14.611054
-15.637917
-16.460442
-17.113158
-17.627466
-18.030561
-18.345242
-18.590195
-18.780493
-18.928164
-18.817959
-18.922521
-18.763617
-18.562953
-18.309410
-17.989136
-17.585026
-17.076222
-16.437743
-15.640458
-14.651717
-13.437127
-11.964239
-10.209169
-8.191717
-6.025182
-3.845629
-1.754231
0.136244
1.718648
2.915235
3.699535
4.105694
4.219277
4.149915
3.999106
3.847223
3.637177
3.250667
2.576235
1.540032
0.124271
-1.630146
-3.637043
-5.788027
-7.975035
-10.057086
-11.889402
-13.432438
-14.703827
-15.734489
-16.559802
-17.214543
-17.730307
-18.134438
-18.449847
-18.695303
-18.885941
-19.033835
-18.922521
-19.026775
-18.867482
-18.666294
-18.412048
-18.090832
-17.685465
-17.174985
-16.534278
-15.734041
-14.741400
-13.521688
-12.042116
-10.278413
-8.250133
-6.070776
-3.876719
-1.769477
0.137523
1.736098
2.947217
3.743200
4.157456
4.275499
4.207432
4.055385
3.900545
3.685643
3.291649
2.606642
1.556928
0.125533
-1.645445
-3.668651
-5.834820
-8.035384
-10.128804
-11.970043
-13.519873
-14.796359
-15.830801
-16.658885
-17.315641
-17.832853
-18.238015
-18.554148
-18.800104
-18.991080
-19.139195
-19.026775
-19.130726
-18.971044
-18.769334
-18.514387
-18.192233
-17.785613
-17.273465
-16.630540
-15.827363
-14.830841
-13.606028
-12.119802
-10.347501
-8.308432
-6.116294
-3.907772
-1.784714
0.138802
1.753573
2.979287
3.787045
4.209507
4.332106
4.265395
4.112121
3.954280
3.734440
3.332860
2.637175
1.573869
0.126796
-1.660749
-3.700242
-5.881558
-8.095634
-10.200378
-12.050501
-13.607092
-14.888650
-15.926851
-16.757693
-17.416451
-17.935105
-18.341292
-18.658146
-18.904600
-19.095913
-19.244249
-19.130726
-19.234374
-19.074305
-18.872074
-18.616429
-18.293341
-17.885474
-17.371663
-16.726530
-15.920427
-14.920040
-13.690149
-12.197297
-10.416431
-8.366612
-6.161737
-3.938787
-1.799942
0.140081
1.771072
3.011441
3.831069
4.261842
4.389093
4.323800
4.169309
4.008425
3.783566
3.374297
2.667831
1.590855
0.128062
-1.676056
-3.731815
-5.928239
-8.155782
-10.271807
-12.130776
-13.694096
-14.980702
-16.022642
-16.856227
-17.516978
-18.037065
-18.444272
-18.761843
-19.008793
-19.200441
-19.348997
-19.234374
-19.337723
-19.177268
-18.974518
-18.718177
-18.394158
-17.985048
-17.469582
-16.822250
-16.013233
-15.008999
-13.774052
-12.274601
-10.485204
-8.424675
-6.207102
-3.969764
-1.815161
0.141361
1.788592
3.043677
3.875267
4.314459
4.446457
4.382644
4.226947
4.062977
3.833015
3.415956
2.698609
1.607885
0.129329
-1.691367
-3.763368
-5.974863
-8.215829
-10.343092
-12.210868
-13.780887
-15.072514
-16.118175
-16.954489
-17.617221
-18.138735
-18.546957
-18.865242
-19.112685
-19.304667
-19.453443
-19.337723
-19.440774
-19.279934
-19.076667
-18.819632
-18.494685
-18.084337
-17.567223
-16.917702
-16.105784
-15.097718
-13.857737
-12.351714
-10.553820
-8.482620
-6.252391
-4.000703
-1.830370
0.142641
1.806134
3.075992
3.919636
4.367351
4.504192
4.441921
4.285030
4.117930
3.882785
3.457833
2.729506
1.624956
0.130597
-1.706680
-3.794900
-6.021428
-8.275774
-10.414231
-12.290777
-13.867463
-15.164088
-16.213451
-17.052479
-17.717184
-18.240116
-18.649349
-18.968344
-19.216279
-19.408594
-19.557587
-19.440774
-19.543531
-19.382307
-19.178523
-18.920797
-18.594926
-18.183344
-17.664589
-17.012887
-16.198079
-15.186199
-13.941205
-12.428638
-10.622280
-8.540446
-6.297602
-4.031602
-1.845568
0.143921
1.823696
3.108385
3.964171
4.420516
4.562296
4.501629
4.343554
4.173283
3.932873
3.499926
2.760519
1.642068
0.131867
-1.721994
-3.826411
-6.067934
-8.335616
-10.485226
-12.370504
-13.953827
-15.255424
-16.308470
-17.150200
-17.816866
-18.341211
-18.751450
-19.071152
-19.319576
-19.512222
-19.661434
-19.543531
-19.645994
-19.484387
-19.280089
-19.021674
-18.694881
-18.282071
-17.761680
-17.107806
-16.290121
-15.274443
-14.024457
-12.505373
-10.690583
-8.598154
-6.342736
-4.062461
-1.860756
0.145201
1.841277
3.140853
4.008871
4.473949
4.620762
4.561762
4.402516
4.229030
3.983273
3.542231
2.791646
1.659220
0.133138
-1.737310
-3.857900
-6.114380
-8.395355
-10.556075
-12.450048
-14.039978
-15.346524
-16.403236
-17.247652
-17.916271
-18.442020
-18.853260
-19.173667
-19.422579
-19.615555
-19.764984
-19.645994
-19.748167
-19.586178
-19.381367
-19.122264
-18.794553
-18.380518
-17.858498
-17.202461
-16.381911
-15.362450
-14.107494
-12.581918
-10.758730
-8.655744
-6.387791
-4.093279
-1.875932
0.146481
1.858876
3.173393
4.053730
4.527645
4.679587
4.622317
4.461911
4.285168
4.033983
3.584745
2.822885
1.676410
0.134411
-1.752626
-3.889365
-6.160764
-8.454991
-10.626778
-12.529411
-14.125917
-15.437389
-16.497747
-17.344837
-18.015399
-18.542547
-18.954784
-19.275892
-19.525289
-19.718595
-19.868241
-19.748167
-19.850051
-19.687681
-19.482359
-19.222571
-18.893944
-18.478689
-17.955046
-17.296853
-16.473451
-15.450223
-14.190316
-12.658276
-10.826721
-8.713215
-6.432767
-4.124057
-1.891097
0.147761
1.876491
3.206003
4.098745
4.581600
4.738767
4.683289
4.521735
4.341693
4.084997
3.627464
2.854232
1.693637
0.135684
-1.767942
-3.920805
-6.207087
-8.514523
-10.697336
-12.608592
-14.211645
-15.528019
-16.592006
-17.441757
-18.114253
-18.642793
-19.056022
-19.377828
-19.627710
-19.821344
-19.971206
-19.850051
-19.951649
-19.788899
-19.583066
-19.322595
-18.993056
-18.576585
-18.051324
-17.390985
-16.564740
-15.537762
-14.272925
-12.734445
-10.894556
-8.770567
-6.477664
-4.154792
-1.906249
0.149041
1.894123
3.238681
4.143913
4.635810
4.798295
4.744673
4.581984
4.398600
4.136313
3.670384
2.885685
1.710899
0.136959
-1.783257
-3.952221
-6.253347
-8.573949
-10.767749
-12.687591
-14.297161
-15.618415
-16.686014
-17.538413
-18.212833
-18.742759
-19.156976
-19.479478
-19.729842
-19.923804
-20.073881
-19.951649
-20.052963
-19.889833
-19.683492
-19.422339
-19.091890
-18.674207
-18.147335
-17.484858
-16.655782
-15.625067
-14.355320
-12.810428
-10.962235
-8.827801
-6.522482
-4.185486
-1.921389
0.150321
1.911769
3.271423
4.189229
4.690270
4.858169
4.806465
4.642653
4.455885
4.187927
3.713503
2.917242
1.728197
0.138235
-1.798570
-3.983610
-6.299544
-8.633271
-10.838015
-12.766409
-14.382468
-15.708578
-16.779772
-17.634806
-18.311142
-18.842448
-19.257648
-19.580844
-19.831689
-20.025977
-20.176270
-20.052963
-20.153995
-19.990487
-19.783637
-19.521805
-19.190449
-18.771558
-18.243080
-17.578472
-16.746577
-15.712141
-14.437504
-12.886223
-11.029759
-8.884916
-6.567220
-4.216137
-1.936515
0.151600
1.929429
3.304229
4.234691
4.744976
4.918382
4.868661
4.703738
4.513544
4.239833
3.756816
2.948901
1.745527
0.139512
-1.813881
-4.014972
-6.345676
-8.692487
-10.908136
-12.845046
-14.467565
-15.798508
-16.873280
-17.730938
-18.409180
-18.941860
-19.358041
-19.681927
-19.933251
-20.127865
-20.278373
-20.153995
-20.254748
-20.090861
-19.883505
-19.620995
-19.288735
-18.868639
-18.338560
-17.671831
-16.837127
-15.798984
-14.519476
-12.961833
-11.097127
-8.941911
-6.611878
-4.246745
-1.951628
0.152880
1.947102
3.337096
4.280295
4.799923
4.978931
4.931255
4.765234
4.571572
4.292028
3.800320
2.980658
1.762889
0.140790
-1.829189
-4.046306
-6.391744
-8.751597
-10.978110
-12.923502
-14.552453
-15.888208
-16.966541
-17.826810
-18.506950
-19.040998
-19.458155
-19.782730
-20.034531
-20.229470
-20.380192
-20.254748
-20.355222
-20.190958
-19.983097
-19.719911
-19.386749
-18.965452
-18.433779
-17.764934
-16.927432
-15.885597
-14.601238
-13.037256
-11.164341
-8.998788
-6.656456
-4.277309
-1.966728
0.154159
1.964786
3.370020
4.326037
4.855107
5.039810
4.994243
4.827138
4.629966
4.344508
3.844012
3.012511
1.780282
0.142069
-1.844493
-4.077611
-6.437746
-8.810601
-11.047938
-13.001777
-14.637132
-15.977678
-17.059555
-17.922423
-18.604454
-19.139863
-19.557993
-19.883254
-20.135532
-20.330795
-20.481731
-20.355222
-20.455422
-20.290781
-20.082415
-19.818555
-19.484493
-19.062000
-18.528736
-17.857784
-17.017494
-15.971982
-14.682790
-13.112495
-11.231399
-9.055546
-6.700953
-4.307829
-1.981813
0.155438
1.982481
3.403001
4.371914
4.910523
5.101015
5.057619
4.889443
4.688720
4.397269
3.887888
3.044458
1.797705
0.143348
-1.859793
-4.108887
-6.483682
-8.869498
-11.117620
-13.079872
-14.721603
-16.066917
-17.152324
-18.017780
-18.701691
-19.238458
-19.657557
-19.983501
-20.236255
-20.431841
-20.582991
-20.455422
-20.555347
-20.390331
-20.181461
-19.916928
-19.581969
-19.158282
-18.623434
-17.950382
-17.107315
-16.058139
-14.764133
-13.187548
-11.298303
-9.112184
-6.745369
-4.338305
-1.996883
0.156716
2.000186
3.436035
4.417921
4.966167
5.162540
5.121380
4.952146
4.747829
4.450306
3.931943
3.076496
1.815156
0.144629
-1.875088
-4.140132
-6.529550
-8.928287
-11.187156
-13.157787
-14.805867
-16.155929
-17.244848
-18.112880
-18.798665
-19.336784
-19.756848
-20.083474
-20.336701
-20.532611
-20.683975
-20.555347
-20.655001
-20.489609
-20.280237
-20.015033
-19.679179
-19.254302
-18.717875
-18.042730
-17.196895
-16.144070
-14.845268
-13.262418
-11.365053
-9.168704
-6.789703
-4.368736
-2.011938
0.157994
2.017900
3.469121
4.464056
5.022034
5.224380
5.185519
5.015241
4.807290
4.503615
3.976176
3.108623
1.832634
0.145909
-1.890378
-4.171346
-6.575352
-8.986969
-11.256546
-13.235523
-14.889924
-16.244713
-17.337129
-18.207725
-18.895377
-19.434841
-19.855868
-20.183173
-20.436874
-20.633105
-20.784683
-20.655001
-20.754386
-20.588619
-20.378746
-20.112871
-19.776125
-19.350062
-18.812059
-18.134828
-17.286236
-16.229775
-14.926196
-13.337104
-11.431649
-9.225104
-6.833956
-4.399121
-2.026978
0.159271
2.035622
3.502256
4.510315
5.078120
5.286531
5.250032
5.078724
4.867098
4.557191
4.020581
3.140835
1.850139
0.147191
-1.905662
-4.202529
-6.621085
-9.045543
-11.325789
-13.313079
-14.973775
-16.333269
-17.429167
-18.302318
-18.991828
-19.532634
-19.954619
-20.282602
-20.536774
-20.733328
-20.885119
-20.754386
-20.853503
-20.687362
-20.476988
-20.210445
-19.872809
-19.445562
-18.905989
-18.226679
-17.375339
-16.315255
-15.006918
-13.411607
-11.498090
-9.281384
-6.878127
-4.429461
-2.042003
0.160548
2.053351
3.535439
4.556693
5.134419
5.348987
5.314914
5.142590
4.927248
4.611031
4.065156
3.173132
1.867668
0.148473
-1.920939
-4.233678
-6.666749
-9.104009
-11.394886
-13.390456
-15.057421
-16.421600
-17.520965
-18.396659
-19.088020
-19.630162
-20.053103
-20.381762
-20.636405
-20.833280
-20.985284
-20.853503
-20.952355
-20.785840
-20.574966
-20.307756
-19.969231
-19.540804
-18.999667
-18.318284
-17.464206
-16.400513
-15.087434
-13.485927
-11.564379
-9.337546
-6.922216
-4.459754
-2.057011
0.161824
2.071086
3.568666
4.603189
5.190928
5.411744
5.380160
5.206833
4.987734
4.665129
4.109897
3.205510
1.885221
0.149755
-1.936210
-4.264795
-6.712343
-9.162366
-11.463836
-13.467654
-15.140861
-16.509706
-17.612523
-18.490749
-19.183954
-19.727427
-20.151321
-20.480654
-20.735767
-20.932963
-21.085180
-20.952355
-21.050943
-20.884056
-20.672682
-20.404807
-20.065396
-19.635791
-19.093093
-18.409645
-17.552837
-16.485547
-15.167745
-13.560065
-11.630513
-9.393589
-6.966223
-4.490001
-2.072002
0.163100
2.088826
3.601936
4.649797
5.247642
5.474795
5.445763
5.271449
5.048553
4.719482
4.154800
3.237967
1.902797
0.151038
-1.951473
-4.295877
-6.757868
-9.220614
-11.532640
-13.544673
-15.224098
-16.597588
-17.703842
-18.584590
-19.279631
-19.824432
-20.249275
-20.579281
-20.834863
-21.032379
-21.184810
-21.050943
-21.149270
-20.982010
-20.770138
-20.501598
-20.161303
-19.730524
-19.186269
-18.500762
-17.641235
-16.570361
-15.247852
-13.634022
-11.696495
-9.449512
-7.010147
-4.520202
-2.086978
0.164375
2.106570
3.635247
4.696516
5.304555
5.538137
5.511720
5.336432
5.109699
4.774085
4.199861
3.270500
1.920394
0.152321
-1.966727
-4.326925
-6.803322
-9.278753
-11.601298
-13.621514
-15.307130
-16.685247
-17.794923
-18.678184
-19.375054
-19.921177
-20.346968
-20.677644
-20.933694
-21.131531
-21.284175
-21.149270
-21.247337
-21.079705
-20.867336
-20.598132
-20.256954
-19.825004
-19.279197
-18.591637
-17.729399
-16.654955
-15.327755
-13.707798
-11.762324
-9.505316
-7.053988
-4.550355
-2.101936
0.165649
2.124318
3.668596
4.743340
5.361665
5.601763
5.578024
5.401777
5.171167
4.828933
4.245077
3.303107
1.938011
0.153604
-1.981974
-4.357937
-6.848705
-9.336782
-11.669809
-13.698177
-15.389959
-16.772683
-17.885768
-18.771531
-19.470224
-20.017665
-20.444400
-20.775746
-21.032263
-21.230420
-21.383277
-21.247337
-21.345147
-21.177143
-20.964277
-20.694411
-20.352353
-19.919234
-19.371879
-18.682272
-17.817333
-16.739329
-15.407457
-13.781393
-11.828001
-9.561000
-7.097747
-4.580460
-2.116876
0.166923
2.142069
3.701982
4.790267
5.418965
5.665668
5.644671
5.467479
5.232952
4.884022
4.290444
3.335785
1.955648
0.154888
-1.997211
-4.388914
-6.894017
-9.394701
-11.738174
-13.774663
-15.472586
-16.859898
-17.976378
-18.864633
-19.565143
-20.113897
-20.541574
-20.873587
-21.130571
-21.329047
-21.482118
-21.345147
-21.442700
-21.274325
-21.060964
-20.790437
-20.447499
-20.013215
-19.464316
-18.772668
-17.905036
-16.823485
-15.486957
-13.854809
-11.893525
-9.616566
-7.141422
-4.610518
-2.131799
0.168196
2.159822
3.735402
4.837294
5.476451
5.729848
5.711654
5.533533
5.295050
4.939347
4.335959
3.368533
1.973303
0.156172
-2.012438
-4.419854
-6.939256
-9.452510
-11.806392
-13.850972
-15.555011
-16.946892
-18.066753
-18.957491
-19.659811
-20.209874
-20.638491
-20.971171
-21.228620
-21.427416
-21.580700
-21.442700
-21.540000
-21.371254
-21.157397
-20.886210
-20.542396
-20.106948
-19.556510
-18.862827
-17.992509
-16.907424
-15.566256
-13.928046
-11.958898
-9.672012
-7.185013
-4.640527
-2.146704
0.169467
2.177575
3.768855
4.884416
5.534119
5.794296
5.778969
5.599934
5.357455
4.994904
4.381617
3.401348
1.990975
0.157455
-2.027656
-4.450756
-6.984423
-9.510209
-11.874465
-13.927103
-15.637235
-17.033666
-18.156895
-19.050106
-19.754230
-20.305599
-20.735153
-21.068498
-21.326413
-21.525528
-21.679025
-21.540000
-21.637048
-21.467932
-21.253580
-20.981734
-20.637044
-20.200435
-19.648461
-18.952750
-18.079755
-16.991147
-15.645355
-14.001104
-12.024119
-9.727339
-7.228522
-4.670488
-2.161591
0.170738
2.195329
3.802338
4.931631
5.591965
5.859008
5.846609
5.666675
5.420161
5.050688
4.427416
3.434226
2.008663
0.158739
-2.042862
-4.481621
-7.029516
-9.567797
-11.942391
-14.003058
-15.719258
-17.120222
-18.246806
-19.142481
-19.848402
-20.401073
-20.831561
-21.165570
-21.423950
-21.623384
-21.777094
-21.637048
-21.733846
-21.564359
-21.349513
-21.077010
-20.731446
-20.293679
-19.740172
-19.042437
-18.166775
-17.074655
-15.724255
-14.073983
-12.089188
-9.782547
-7.271946
-4.700400
-2.176460
0.172008
2.213082
3.835850
4.978935
5.649982
5.923978
5.914570
5.733751
5.483165
5.106695
4.473351
3.467167
2.026366
0.160023
-2.058058
-4.512448
-7.074537
-9.625274
-12.010170
-14.078837
-15.801082
-17.206560
-18.336485
-19.234615
-19.942328
-20.496297
-20.927718
-21.262389
-21.521233
-21.720986
-21.874911
-21.733846
-21.830396
-21.660539
-21.445199
-21.172038
-20.825602
-20.386680
-19.831645
-19.131892
-18.253569
-17.157949
-15.802956
-14.146685
-12.154107
-9.837636
-7.315286
-4.730262
-2.191309
0.173278
2.230834
3.869388
5.026324
5.708168
5.989201
5.982845
5.801157
5.546460
5.162920
4.519420
3.500168
2.044084
0.161306
-2.073243
-4.543236
-7.119483
-9.682641
-12.077804
-14.154440
-15.882705
-17.292680
-18.425934
-19.326511
-20.036010
-20.591273
-21.023624
-21.358957
-21.618265
-21.818337
-21.972475
-21.830396
-21.926699
-21.756472
-21.540639
-21.266823
-20.919516
-20.479440
-19.922880
-19.221114
-18.340139
-17.241030
-15.881460
-14.219211
-12.218875
-9.892606
-7.358543
-4.760076
-2.206140
0.174546
2.248584
3.902951
5.073796
5.766517
6.054672
6.051429
5.868888
5.610042
5.219358
4.565617
3.533226
2.061814
0.162590
-2.088415
-4.573984
-7.164355
-9.739896
-12.145291
-14.229867
-15.964131
-17.378585
-18.515155
-19.418170
-20.129449
-20.686003
-21.119282
-21.455276
-21.715047
-21.915438
-22.069790
-21.926699
-22.022757
-21.852161
-21.635836
-21.361364
-21.013187
-20.571960
-20.013879
-19.310106
-18.426487
-17.323900
-15.959768
-14.291559
-12.283492
-9.947457
-7.401715
-4.789839
-2.220951
0.175813
2.266332
3.936537
5.121348
5.825025
6.120384
6.120316
5.936937
5.673904
5.276004
4.611941
3.566339
2.079556
0.163873
-2.103576
-4.604692
-7.209152
-9.797039
-12.212633
-14.305119
-16.045358
-17.464274
-18.604149
-19.509593
-20.222646
-20.780488
-21.214694
-21.551346
-21.811581
-22.012291
-22.166857
-22.022757
-22.118573
-21.947607
-21.730790
-21.455664
-21.106619
-20.664243
-20.104644
-19.398869
-18.512612
-17.406558
-16.037879
-14.363732
-12.347959
-10.002190
-7.444803
-4.819553
-2.235743
0.177079
2.284075
3.970144
5.168975
5.883687
6.186333
6.189501
6.005299
5.738043
5.332855
4.658386
3.599505
2.097310
0.165156
-2.118723
-4.635360
-7.253873
-9.854071
-12.279829
-14.380197
-16.126387
-17.549749
-18.692916
-19.600781
-20.315604
-20.874730
-21.309860
-21.647171
-21.907868
-22.108898
-22.263678
-22.118573
-22.214147
-22.042813
-21.825504
-21.549724
-21.199813
-20.756290
-20.195177
-19.487404
-18.598518
-17.489007
-16.115796
-14.435730
-12.412277
-10.056803
-7.487806
-4.849216
-2.250515
0.178344
2.301815
4.003769
5.216675
5.942499
6.252514
6.258978
6.073969
5.802452
5.389905
4.704950
3.632722
2.115073
0.166439
-2.133858
-4.665986
-7.298520
-9.910991
-12.346878
-14.455100
-16.207220
-17.635011
-18.781457
-19.691736
-20.408322
-20.968730
-21.404782
-21.742751
-22.003911
-22.205259
-22.360255
-22.214147
-22.309482
-22.137779
-21.919979
-21.643547
-21.292770
-20.848102
-20.285477
-19.575713
-18.684204
-17.571247
-16.193518
-14.507553
-12.476445
-10.111298
-7.530725
-4.878829
-2.265267
0.179608
2.319550
4.037413
5.264445
6.001456
6.318920
6.328740
6.142940
5.867126
5.447150
4.751630
3.665987
2.132846
0.167721
-2.148979
-4.696571
-7.343090
-9.967799
-12.413782
-14.529829
-16.287857
-17.720060
-18.869775
-19.782458
-20.500804
-21.062489
-21.499463
-21.838089
-22.099711
-22.301378
-22.456589
-22.309482
-22.404580
-22.232508
-22.014218
-21.737133
-21.385492
-20.939681
-20.375548
-19.663796
-18.769672
-17.653279
-16.271047
-14.579202
-12.540464
-10.165674
-7.573559
-4.908391
-2.279998
0.180870
2.337279
4.071071
5.312281
6.060554
6.385547
6.398783
6.212208
5.932060
5.504585
4.798420
3.699299
2.150627
0.169003
-2.164086
-4.727115
-7.387584
-10.024495
-12.480541
-14.604384
-16.368298
-17.804897
-18.957869
-19.872950
-20.593050
-21.156010
-21.593903
-21.933186
-22.195269
-22.397256
-22.552682
-22.404580
-22.499441
-22.327001
-22.108220
-21.830484
-21.477980
-21.031029
-20.465391
-19.751656
-18.854923
-17.735104
-16.348383
-14.650677
-12.604334
-10.219932
-7.616309
-4.937903
-2.294710
0.182132
2.355001
4.104744
5.360180
6.119789
6.452389
6.469101
6.281765
5.997249
5.562205
4.845319
3.732654
2.168415
0.170285
-2.179179
-4.757615
-7.432001
-10.081079
-12.547154
-14.678766
-16.448545
-17.889523
-19.045742
-19.963213
-20.685062
-21.249294
-21.688105
-22.028043
-22.290588
-22.492895
-22.648536
-22.499441
-22.594068
-22.421261
-22.201990
-21.923603
-21.570237
-21.122147
-20.555007
-19.839293
-18.939959
-17.816724
-16.425527
-14.721980
-12.668056
-10.274071
-7.658973
-4.967363
-2.309400
0.183392
2.372717
4.138428
5.408139
6.179155
6.519441
6.539687
6.351608
6.062686
5.620007
4.892322
3.766051
2.186210
0.171566
-2.194257
-4.788073
-7.476341
-10.137550
-12.613621
-14.752975
-16.528597
-17.973940
-19.133393
-20.053247
-20.776841
-21.342343
-21.782070
-22.122662
-22.385670
-22.588296
-22.744153
-22.594068
-22.688463
-22.515288
-22.295527
-22.016490
-21.662264
-21.213036
-20.644397
-19.926710
-19.024781
-17.898139
-16.502481
-14.793110
-12.731630
-10.328092
-7.701552
-4.996771
-2.324070
0.184651
2.390426
4.172123
5.456156
6.238649
6.586698
6.610536
6.421729
6.128368
5.677985
4.939426
3.799489
2.204010
0.172846
-2.209320
-4.818488
-7.520604
-10.193909
-12.679944
-14.827012
-16.608456
-18.058148
-19.220825
-20.143054
-20.868388
-21.435157
-21.875799
-22.217046
-22.480514
-22.683460
-22.839534
-22.688463
-22.782627
-22.609084
-22.388834
-22.109148
-21.754062
-21.303699
-20.733563
-20.013906
-19.109389
-17.979351
-16.579244
-14.864068
-12.795056
-10.381995
-7.744046
-5.026128
-2.338718
0.185908
2.408126
4.205827
5.504227
6.298267
6.654154
6.681642
6.492123
6.194287
5.736134
4.986628
3.832964
2.221815
0.174126
-2.224368
-4.848859
-7.564789
-10.250155
-12.746121
-14.900877
-16.688122
-18.142148
-19.308038
-20.232636
-20.959706
-21.527738
-21.969294
-22.311195
-22.575125
-22.778391
-22.934681
-22.782627
-22.876561
-22.702651
-22.481912
-22.201577
-21.845632
-21.394136
-20.822506
-20.100884
-19.193785
-18.060360
-16.655818
-14.934855
-12.858335
-10.435780
-7.786456
-5.055433
-2.353346
0.187165
2.425818
4.239538
5.552349
6.358003
6.721803
6.753000
6.562784
6.260440
5.794450
5.033924
3.866474
2.239623
0.175405
-2.239400
-4.879186
-7.608896
-10.306288
-12.812153
-14.974570
-16.767596
-18.225941
-19.395034
-20.321993
-21.050794
-21.620088
-22.062557
-22.405111
-22.669502
-22.873089
-23.029595
-22.876561
-22.970269
-22.795991
-22.574763
-22.293780
-21.936978
-21.484349
-20.911228
-20.187646
-19.277971
-18.141167
-16.732204
-15.005472
-12.921467
-10.489447
-7.828779
-5.084687
-2.367951
0.188420
2.443500
4.273255
5.600520
6.417854
6.789641
6.824603
6.633706
6.326821
5.852929
5.081311
3.900019
2.257435
0.176684
-2.254417
-4.909468
-7.652925
-10.362309
-12.878041
-15.048093
-16.846879
-18.309527
-19.481813
-20.411127
-21.141656
-21.712209
-22.155589
-22.498795
-22.763649
-22.967555
-23.124279
-22.970269
-23.063750
-22.889105
-22.667389
-22.385758
-22.028099
-21.574340
-20.999731
-20.274191
-19.361947
-18.221774
-16.808402
-15.075919
-12.984452
-10.542996
-7.871018
-5.113888
-2.382536
0.189674
2.461172
4.306975
5.648735
6.477815
6.857662
6.896445
6.704885
6.393423
5.911566
5.128785
3.933595
2.275248
0.177962
-2.269416
-4.939705
-7.696875
-10.418216
-12.943784
-15.121444
-16.925970
-18.392908
-19.568377
-20.500039
-21.232291
-21.804102
-22.248391
-22.592250
-22.857565
-23.061793
-23.218734
-23.063750
-23.157007
-22.981995
-22.759791
-22.477513
-22.118998
-21.664111
-21.088015
-20.360522
-19.445714
-18.302182
-16.884413
-15.146196
-13.047291
-10.596427
-7.913171
-5.143036
-2.397098
0.190926
2.478834
4.340698
5.696994
6.537883
6.925861
6.968522
6.776312
6.460242
5.970356
5.176343
3.967200
2.293063
0.179239
-2.284400
-4.969897
-7.740746
-10.474011
-13.009382
-15.194625
-17.004872
-18.476085
-19.654727
-20.588730
-21.322702
-21.895767
-22.340966
-22.685477
-22.951254
-23.155802
-23.312962
-23.157007
-23.250041
-23.074662
-22.851970
-22.569046
-22.209676
-21.753661
-21.176082
-20.446640
-19.529275
-18.382391
-16.960238
-15.216305
-13.109984
-10.649741
-7.955238
-5.172132
-2.411638
0.192177
2.496484
4.374422
5.745292
6.598052
6.994233
7.040827
6.847984
6.527273
6.029295
5.223982
4.000833
2.310879
0.180515
-2.299366
-5.000043
-7.784538
-10.529692
-13.074837
-15.267636
-17.083584
-18.559058
-19.740863
-20.677202
-21.412889
-21.987208
-22.433314
-22.778477
-23.044716
-23.249585
-23.406963
-23.250041
-23.342854
-23.167108
-22.943929
-22.660358
-22.300134
-21.842994
-21.263934
-20.532546
-19.612629
-18.462402
-17.035879
-15.286246
-13.172531
-10.702938
-7.997220
-5.201176
-2.426156
0.193426
2.514124
4.408146
5.793627
6.658320
7.062772
7.113353
6.919894
6.594510
6.088379
5.271699
4.034492
2.328694
0.181791
-2.314315
-5.030143
-7.828251
-10.585260
-13.140147
-15.340477
-17.162108
-18.641829
-19.826788
-20.765456
-21.502855
-22.078424
-22.525438
-22.871253
-23.137953
-23.343144
-23.500741
-23.342854
-23.435448
-23.259335
-23.035668
-22.751452
-22.390375
-21.932110
-21.351571
-20.618242
-19.695779
-18.542217
-17.111334
-15.356019
-13.234934
-10.756017
-8.039117
-5.230166
-2.440652
0.194674
2.531750
4.441867
5.841996
6.718681
7.131474
7.186097
6.992036
6.661947
6.147602
5.319489
4.068175
2.346508
0.183065
-2.329246
-5.060197
-7.871885
-10.640715
-13.205313
-15.413150
-17.240443
-18.724398
-19.912501
-20.853493
-21.592601
-22.169419
-22.617339
-22.963804
-23.230966
-23.436480
-23.594296
-23.435448
-23.527823
-23.351344
-23.127190
-22.842329
-22.480399
-22.021011
-21.438996
-20.703728
-19.778724
-18.621837
-17.186607
-15.425625
-13.297191
-10.808979
-8.080928
-5.259104
-2.455125
0.195921
2.549365
4.475585
5.890397
6.779132
7.200333
7.259051
7.064405
6.729580
6.206961
5.367351
4.101880
2.364320
0.184339
-2.344160
-5.090204
-7.915438
-10.696057
-13.270335
-15.485654
-17.318591
-18.806766
-19.998005
-20.941315
-21.682127
-22.260192
-22.709017
-23.056134
-23.323758
-23.529594
-23.687630
-23.527823
-23.619982
-23.443136
-23.218496
-22.932989
-22.570208
-22.109699
-21.526209
-20.789007
-19.861468
-18.701262
-17.261697
-15.495065
-13.359305
-10.861824
-8.122653
-5.287988
-2.469575
0.197166
2.566966
4.509298
5.938827
6.839668
7.269343
7.332210
7.136995
6.797403
6.266451
5.415281
4.135605
2.382130
0.185612
-2.359055
-5.120164
-7.958912
-10.751286
-13.335214
-15.557990
-17.396553
-18.888934
-20.083299
-21.028922
-21.771435
-22.350746
-22.800476
-23.148244
-23.416330
-23.622489
-23.780744
-23.619982
-23.711926
-23.534714
-23.309587
-23.023436
-22.659804
-22.198174
-21.613212
-20.874079
-19.944010
-18.780494
-17.336605
-15.564340
-13.421274
-10.914553
-8.164293
-5.316819
-2.484003
0.198409
2.584553
4.543005
5.987283
6.900287
7.338501
7.405568
7.209799
6.865411
6.326067
5.463275
4.169348
2.399936
0.186883
-2.373932
-5.150077
-8.002305
-10.806401
-13.399950
-15.630158
-17.474328
-18.970904
-20.168387
-21.116315
-21.860527
-22.441081
-22.891715
-23.240134
-23.508683
-23.715165
-23.873641
-23.711926
-23.803657
-23.626078
-23.400465
-23.113670
-22.749188
-22.286439
-21.700006
-20.958945
-20.026351
-18.859534
-17.411332
-15.633449
-13.483100
-10.967165
-8.205847
-5.345596
-2.498407
0.199651
2.602126
4.576705
6.035763
6.960983
7.407800
7.479120
7.282812
6.933598
6.385806
5.511331
4.203108
2.417738
0.188154
-2.388791
-5.179942
-8.045617
-10.861403
-13.464542
-15.702159
-17.551919
-19.052675
-20.253267
-21.203497
-21.949404
-22.531200
-22.982738
-23.331807
-23.600819
-23.807624
-23.966321
-23.803657
-23.895176
-23.717231
-23.491131
-23.203693
-22.838361
-22.374494
-21.786593
-21.043608
-20.108494
-18.938382
-17.485878
-15.702395
-13.544782
-11.019661
-8.247316
-5.374320
-2.512789
0.200891
2.619685
4.610395
6.084264
7.021753
7.477237
7.552860
7.356029
7.001959
6.445663
5.559446
4.236883
2.435536
0.189424
-2.403630
-5.209759
-8.088849
-10.916291
-13.528992
-15.773994
-17.629325
-19.134249
-20.337942
-21.290468
-22.038068
-22.621104
-23.073544
-23.423264
-23.692739
-23.899868
-24.058787
-23.895176
-23.986484
-23.808173
-23.581588
-23.293506
-22.927325
-22.462341
-21.872974
-21.128067
-20.190439
-19.017040
-17.560246
-15.771176
-13.606322
-11.072040
-8.288699
-5.402990
-2.527147
0.202130
2.637228
4.644076
6.132784
7.082593
7.546805
7.626782
7.429444
7.070489
6.505633
5.607616
4.270670
2.453328
0.190692
-2.418451
-5.239527
-8.132001
-10.971066
-13.593299
-15.845662
-17.706547
-19.215628
-20.422413
-21.377230
-22.126518
-22.710793
-23.164136
-23.514507
-23.784445
-23.991898
-24.151038
-23.986484
-24.077584
-23.898907
-23.671835
-23.383110
-23.016082
-22.549982
-21.959150
-21.212325
-20.272187
-19.095508
-17.634435
-15.839794
-13.667720
-11.124303
-8.329996
-5.431606
-2.541482
0.203367
2.654756
4.677745
6.181320
7.143500
7.616500
7.700881
7.503051
7.139183
6.565713
5.655838
4.304469
2.471115
0.191960
-2.433252
-5.269247
-8.175071
-11.025728
-13.657463
-15.917165
-17.783585
-19.296810
-20.506681
-21.463783
-22.214758
-22.800271
-23.254515
-23.605536
-23.875938
-24.083716
-24.243079
-24.077584
-24.168476
-23.989433
-23.761875
-23.472508
-23.104632
-22.637417
-22.045123
-21.296382
-20.353740
-19.173788
-17.708447
-15.908250
-13.728975
-11.176451
-8.371207
-5.460168
-2.555793
0.204602
2.672268
4.711401
6.229870
7.204469
7.686317
7.775150
7.576844
7.208036
6.625898
5.704110
4.338278
2.488894
0.193226
-2.448033
-5.298919
-8.218059
-11.080276
-13.721486
-15.988502
-17.860442
-19.377799
-20.590746
-21.550129
-22.302788
-22.889537
-23.344682
-23.696354
-23.967220
-24.175323
-24.334908
-24.168476
-24.259162
-24.079753
-23.851710
-23.561700
-23.192977
-22.724649
-22.130894
-21.380241
-20.435098
-19.251881
-17.782282
-15.976544
-13.790090
-11.228483
-8.412333
-5.488677
-2.570080
0.205836
2.689764
4.745043
6.278431
7.265497
7.756251
7.849586
7.650818
7.277042
6.686184
5.752429
4.372094
2.506667
0.194491
-2.462794
-5.328541
-8.260967
-11.134711
-13.785366
-16.059674
-17.937117
-19.458594
-20.674610
-21.636270
-22.390609
-22.978593
-23.434639
-23.786962
-24.058292
-24.266720
-24.426529
-24.259162
-24.349643
-24.169868
-23.941340
-23.650688
-23.281119
-22.811678
-22.216464
-21.463902
-20.516263
-19.329788
-17.855940
-16.044677
-13.851063
-11.280400
-8.453374
-5.517131
-2.584344
0.207068
2.707242
4.778671
6.327002
7.326581
7.826297
7.924181
7.724966
7.346196
6.746567
5.800792
4.405917
2.524431
0.195755
-2.477536
-5.358114
-8.303793
-11.189033
-13.849105
-16.130682
-18.013611
-19.539197
-20.758274
-21.722205
-22.478224
-23.067441
-23.524387
-23.877361
-24.149155
-24.357910
-24.517942
-24.349643
-24.439921
-24.259781
-24.030767
-23.739474
-23.369059
-22.898506
-22.301835
-21.547365
-20.597235
-19.407509
-17.929424
-16.112650
-13.911895
-11.332201
-8.494328
-5.545530
-2.598584
0.208298
2.724704
4.812282
6.375579
7.387716
7.896452
7.998930
7.799285
7.415494
6.807042
5.849195
4.439745
2.542187
0.197017
-2.492257
-5.387637
-8.346537
-11.243241
-13.912702
-16.201526
-18.089924
-19.619608
-20.841739
-21.807938
-22.565632
-23.156081
-23.613928
-23.967553
-24.239812
-24.448893
-24.609149
-24.439921
-24.529997
-24.349491
-24.119993
-23.828058
-23.456798
-22.985134
-22.387008
-21.630634
-20.678017
-19.485046
-18.002734
-16.180462
-13.972587
-11.383888
-8.535197
-5.573876
-2.612799
0.209527
2.742147
4.845876
6.424161
7.448899
7.966709
8.073829
7.873767
7.484929
6.867606
5.897637
4.473576
2.559934
0.198279
-2.506957
-5.417111
-8.389200
-11.297336
-13.976158
-16.272208
-18.166059
-19.699828
-20.925006
-21.893467
-22.652835
-23.244516
-23.703263
-24.057539
-24.330263
-24.539671
-24.700152
-24.529997
-24.619873
-24.439001
-24.209018
-23.916442
-23.544337
-23.071564
-22.471984
-21.713708
-20.758609
-19.562400
-18.075870
-16.248116
-14.033140
-11.435459
-8.575981
-5.602167
-2.626991
0.210754
2.759573
4.879451
6.472746
7.510127
8.037064
8.148872
7.948408
7.554498
6.928255
5.946114
4.507409
2.577671
0.199539
-2.521637
-5.446534
-8.431780
-11.351318
-14.039474
-16.342726
-18.242014
-19.779859
-21.008076
-21.978796
-22.739836
-23.332747
-23.792393
-24.147320
-24.420510
-24.630246
-24.790951
-24.619873
-24.709550
-24.528313
-24.297845
-24.004628
-23.631679
-23.157797
-22.556764
-21.796590
-20.839012
-19.639572
-18.148833
-16.315610
-14.093553
-11.486916
-8.616679
-5.630403
-2.641158
0.211979
2.776980
4.913007
6.521331
7.571396
8.107513
8.224052
8.023202
7.624195
6.988985
5.994624
4.541242
2.595397
0.200797
-2.536296
-5.475907
-8.474278
-11.405187
-14.102648
-16.413082
-18.317791
-19.859700
-21.090951
-22.063925
-22.826634
-23.420775
-23.881320
-24.236899
-24.510555
-24.720618
-24.881549
-24.709550
-24.799029
-24.617426
-24.386474
-24.092617
-23.718823
-23.243834
-22.641350
-21.879280
-20.919227
-19.716562
-18.221625
-16.382947
-14.153827
-11.538259
-8.657292
-5.658585
-2.655301
0.213203
2.794369
4.946542
6.569914
7.632703
8.178051
8.299366
8.098143
7.694016
7.049792
6.043163
4.575073
2.613113
0.202055
-2.550933
-5.505230
-8.516695
-11.458943
-14.165683
-16.483276
-18.393392
-19.939354
-21.173631
-22.148856
-22.913231
-23.508601
-23.970045
-24.326275
-24.600398
-24.810789
-24.971946
-24.799029
-24.888312
-24.706344
-24.474907
-24.180409
-23.805773
-23.329676
-22.725743
-21.961779
-20.999255
-19.793372
-18.294246
-16.450127
-14.213963
-11.589488
-8.697819
-5.686712
-2.669420
0.214424
2.811738
4.980056
6.618493
7.694045
8.248674
8.374808
8.173227
7.763955
7.110671
6.091730
4.608902
2.630817
0.203311
-2.565550
-5.534502
-8.559028
-11.512585
-14.228577
-16.553309
-18.468815
-20.018821
-21.256117
-22.233588
-22.999629
-23.596226
-24.058569
-24.415452
-24.690041
-24.900761
-25.062144
-24.888312
