-0.230933
-0.225357
-0.218951
-0.211655
-0.203431
-0.194259
-0.184136
-0.173064
-0.161024
-0.147954
-0.133719
-0.118102
-0.100824
-0.081831
-0.061709
-0.040966
-0.019753
0.001651
0.022828
0.043212
0.062054
0.078376
0.090919
0.098073
0.098073
0.090919
0.078376
0.062054
0.043212
0.022828
0.001651
-0.019750
-0.040953
-0.061658
-0.081679
-0.100465
-0.117417
-0.132595
-0.146324
-0.158888
-0.170489
-0.181242
-0.191189
-0.200328
-0.208641
-0.216116
-0.222760
-0.228603
-0.230933
-0.425120
-0.414356
-0.401811
-0.387310
-0.370715
-0.351955
-0.331048
-0.308107
-0.283329
-0.256935
-0.229085
-0.199763
-0.168707
-0.135832
-0.101911
-0.067474
-0.032493
0.002714
0.037526
0.071030
0.101999
0.128828
0.149446
0.161204
0.161204
0.149446
0.128828
0.101999
0.071029
0.037523
0.002713
-0.032473
-0.067368
-0.101555
-0.134891
-0.166762
-0.196473
-0.224277
-0.250680
-0.275923
-0.299983
-0.322668
-0.343729
-0.362951
-0.380209
-0.395473
-0.408803
-0.420323
-0.425120
-0.609224
-0.593651
-0.575383
-0.554107
-0.529562
-0.501575
-0.470122
-0.435365
-0.397668
-0.357562
-0.315610
-0.272222
-0.227450
-0.181427
-0.135182
-0.089123
-0.042819
0.003572
0.049374
0.093443
0.134178
0.169469
0.196590
0.212058
0.212058
0.196590
0.169468
0.134176
0.093437
0.049363
0.003570
-0.042745
-0.088777
-0.134138
-0.178929
-0.222740
-0.264884
-0.305628
-0.345362
-0.383986
-0.421043
-0.455939
-0.488130
-0.517246
-0.543124
-0.565786
-0.585394
-0.602201
-0.609224
-0.788672
-0.768614
-0.744986
-0.717338
-0.685269
-0.648486
-0.606886
-0.560626
-0.510185
-0.456342
-0.400053
-0.342213
-0.283338
-0.223992
-0.165644
-0.108631
-0.052023
0.004333
0.059833
0.113200
0.162530
0.205271
0.238120
0.256855
0.256855
0.238120
0.205269
0.162522
0.113180
0.059800
0.004326
-0.051842
-0.107859
-0.163500
-0.219249
-0.274998
-0.329970
-0.384208
-0.437766
-0.490066
-0.540174
-0.587120
-0.630132
-0.668747
-0.702819
-0.732457
-0.757949
-0.779683
-0.788672
-0.965573
-0.941309
-0.912639
-0.878971
-0.839759
-0.794575
-0.743211
-0.685784
-0.622833
-0.555335
-0.484600
-0.412005
-0.338605
-0.265539
-0.194898
-0.127071
-0.060611
0.005036
0.069458
0.131337
0.188531
0.238095
0.276193
0.297922
0.297922
0.276192
0.238089
0.188511
0.131287
0.069381
0.005022
-0.060256
-0.125665
-0.191254
-0.257970
-0.326005
-0.394333
-0.462565
-0.530282
-0.596374
-0.659443
-0.718193
-0.771679
-0.819400
-0.861266
-0.897496
-0.928518
-0.954865
-0.965573
-1.140907
-1.112681
-1.079245
-1.039865
-0.993845
-0.940609
-0.879825
-0.811539
-0.736307
-0.655259
-0.570016
-0.482425
-0.394110
-0.306887
-0.223630
-0.144915
-0.068808
0.005700
0.078483
0.148279
0.212778
0.268684
0.311667
0.336185
0.336184
0.311664
0.268669
0.212730
0.148171
0.078331
0.005675
-0.068201
-0.142659
-0.218111
-0.296000
-0.376770
-0.458973
-0.541626
-0.623751
-0.703683
-0.779587
-0.849890
-0.913526
-0.969997
-1.019298
-1.061782
-1.098023
-1.128705
-1.140907
-1.315173
-1.283199
-1.245240
-1.200421
-1.147889
-1.086912
-1.017016
-0.938151
-0.850855
-0.756367
-0.656583
-0.553797
-0.450220
-0.348420
-0.252182
-0.162410
-0.076732
0.006334
0.087026
0.164231
0.235548
0.297380
0.344933
0.372062
0.372061
0.344924
0.297345
0.235449
0.164028
0.086758
0.006293
-0.075789
-0.159087
-0.244442
-0.333793
-0.427761
-0.524318
-0.621756
-0.718478
-0.812263
-0.900868
-0.982485
-1.055972
-1.120871
-1.177287
-1.225721
-1.266907
-1.301678
-1.315173
-1.488636
-1.453103
-1.410839
-1.360823
-1.302045
-1.233608
-1.154883
-1.065697
-0.966544
-0.858732
-0.744395
-0.626252
-0.507111
-0.390343
-0.280756
-0.179709
-0.084459
0.006944
0.095164
0.179322
0.257005
0.324374
0.376207
0.405786
0.405783
0.376188
0.324305
0.256822
0.178970
0.094730
0.006881
-0.083092
-0.175109
-0.270478
-0.371614
-0.479230
-0.590572
-0.703103
-0.814568
-0.922193
-1.023357
-1.116059
-1.199119
-1.272150
-1.335391
-1.389504
-1.435387
-1.474029
-1.488636
-1.661435
-1.622515
-1.576140
-1.521148
-1.456366
-1.380727
-1.293433
-1.194172
-1.083360
-0.962346
-0.833465
-0.699839
-0.564871
-0.432779
-0.309486
-0.196922
-0.092050
0.007536
0.102956
0.193648
0.277272
0.349806
0.405642
0.437516
0.437509
0.405604
0.349679
0.276958
0.193083
0.102298
0.007444
-0.090168
-0.190846
-0.296385
-0.409642
-0.531328
-0.657838
-0.785720
-0.912034
-1.033464
-1.147040
-1.250605
-1.342976
-1.423865
-1.493664
-1.553208
-1.603564
-1.645881
-1.661435
-1.833644
-1.791490
-1.741183
-1.681415
-1.610852
-1.528250
-1.432632
-1.323528
-1.201255
-1.067167
-0.923770
-0.774564
-0.623544
-0.475806
-0.338469
-0.214135
-0.099549
0.008112
0.110454
0.207297
0.296455
0.373794
0.433363
0.467384
0.467370
0.433293
0.373576
0.295950
0.206441
0.109509
0.007987
-0.097065
-0.206395
-0.322293
-0.448003
-0.584153
-0.726168
-0.869615
-1.010853
-1.146032
-1.271865
-1.386074
-1.487507
-1.575998
-1.652107
-1.716853
-1.771479
-1.817289
-1.833644
-2.005294
-1.960049
-1.905973
-1.841615
-1.765477
-1.676135
-1.572424
-1.453702
-1.320161
-1.173135
-1.015268
-0.850413
-0.683150
-0.519476
-0.367774
-0.231415
-0.106998
0.008677
0.117706
0.220348
0.314653
0.396447
0.459485
0.495506
0.495481
0.459364
0.396093
0.313885
0.219114
0.116403
0.008511
-0.103827
-0.221839
-0.348301
-0.486792
-0.637768
-0.795583
-0.954772
-1.110976
-1.259831
-1.397760
-1.522399
-1.632654
-1.728503
-1.810692
-1.880429
-1.939136
-1.988276
-2.005294
-2.176399
-2.128192
-2.070497
-2.001721
-1.920201
-1.824328
-1.712743
-1.584619
-1.440004
-1.280183
-1.107907
-0.927358
-0.743691
-0.563822
-0.397456
-0.248817
-0.114430
0.009234
0.124756
0.232878
0.331960
0.417867
0.484114
0.521990
0.521946
0.483917
0.417325
0.330845
0.231166
0.123023
0.009021
-0.110490
-0.237248
-0.374492
-0.526079
-0.692212
-0.866088
-1.041160
-1.212348
-1.374790
-1.524648
-1.659503
-1.778348
-1.881326
-1.969378
-2.043909
-2.106523
-2.158841
-2.176399
-2.346955
-2.295907
-2.234732
-2.161697
-2.074975
-1.972770
-1.853521
-1.716204
-1.560708
-1.388239
-1.201631
-1.005366
-0.805159
-0.608863
-0.427553
-0.266384
-0.121873
0.009786
0.131644
0.244959
0.348470
0.438156
0.507353
0.546940
0.546868
0.507046
0.437358
0.346908
0.242663
0.129404
0.009519
-0.117088
-0.252680
-0.400932
-0.565917
-0.747510
-0.937673
-1.128740
-1.314907
-1.490831
-1.652446
-1.797307
-1.924518
-2.034405
-2.128116
-2.207257
-2.273616
-2.328971
-2.346955
-2.516955
-2.463177
-2.398652
-2.321507
-2.229751
-2.121401
-1.994689
-1.848384
-1.682195
-1.497233
-1.296381
-1.084396
-0.867541
-0.654610
-0.458096
-0.284151
-0.129352
0.010334
0.138407
0.256658
0.364270
0.457409
0.529302
0.570452
0.570341
0.528844
0.456279
0.362152
0.253665
0.135585
0.010008
-0.123650
-0.268185
-0.427673
-0.606343
-0.803674
-1.010322
-1.217468
-1.418589
-1.607879
-1.781074
-1.935733
-2.071094
-2.187680
-2.286856
-2.370435
-2.440387
-2.498650
-2.516955
-2.686385
-2.629981
-2.562226
-2.481111
-2.384482
-2.270163
-2.136181
-1.981084
-1.804391
-1.607094
-1.392098
-1.164407
-0.930816
-0.701065
-0.489103
-0.302145
-0.136886
0.010882
0.145076
0.268039
0.379443
0.475723
0.550056
0.592622
0.592455
0.549397
0.474169
0.376652
0.264232
0.141597
0.010490
-0.130202
-0.283804
-0.454756
-0.647385
-0.860707
-1.084010
-1.307298
-1.523329
-1.725859
-1.910453
-2.074704
-2.218005
-2.341090
-2.445549
-2.533404
-2.606808
-2.667855
-2.686385
-2.855231
-2.796297
-2.725426
-2.640472
-2.539119
-2.419002
-2.277932
-2.114236
-1.927227
-1.717754
-1.488723
-1.245357
-0.994961
-0.748225
-0.520588
-0.320388
-0.144491
0.011430
0.151684
0.279160
0.394071
0.493186
0.569708
0.613540
0.613297
0.568789
0.491110
0.390478
0.274418
0.147472
0.010968
-0.136766
-0.299573
-0.482213
-0.689060
-0.918607
-1.158712
-1.398182
-1.629063
-1.844697
-2.040509
-2.214149
-2.365186
-2.494579
-2.604147
-2.696124
-2.772847
-2.836567
-2.855231
-3.023479
-2.962105
-2.888224
-2.799555
-2.693620
-2.567865
-2.419884
-2.247775
-2.050632
-1.829148
-1.586199
-1.327202
-1.059949
-0.796084
-0.552562
-0.338896
-0.152182
0.011982
0.158254
0.290075
0.408229
0.509887
0.588347
0.633292
0.632952
0.587100
0.507177
0.403701
0.284277
0.153238
0.011443
-0.143361
-0.315518
-0.510069
-0.731380
-0.977363
-1.234397
-1.490070
-1.735728
-1.964323
-2.171168
-2.353998
-2.512575
-2.648093
-2.762605
-2.858559
-2.938478
-3.004763
-3.023479
-3.191115
-3.127386
-3.050593
-2.958326
-2.847943
-2.716702
-2.561980
-2.381639
-2.174545
-1.941213
-1.684471
-1.409897
-1.125755
-0.844630
-0.585026
-0.357681
-0.159969
0.012537
0.164812
0.300834
0.421988
0.525908
0.606060
0.651963
0.651499
0.604409
0.522447
0.416386
0.293859
0.158921
0.011917
-0.150002
-0.331663
-0.538343
-0.774351
-1.036964
-1.311033
-1.582914
-1.843263
-2.084670
-2.302364
-2.494188
-2.660114
-2.801581
-2.920881
-3.020676
-3.103673
-3.172424
-3.191115
-3.358126
-3.292120
-3.212510
-3.116753
-3.002051
-2.865470
-2.704169
-2.515771
-2.298903
-2.053890
-1.783483
-1.493401
-1.192349
-0.893853
-0.617985
-0.376754
-0.167862
0.013097
0.171378
0.311480
0.435414
0.541329
0.622930
0.669635
0.669017
0.620792
0.536989
0.428595
0.303208
0.164546
0.012392
-0.156704
-0.348027
-0.567049
-0.817975
-1.097395
-1.388587
-1.676664
-1.951610
-2.205674
-2.434032
-2.634659
-2.807749
-2.954996
-3.078935
-3.182443
-3.268407
-3.339530
-3.358126
-3.524499
-3.456291
-3.373952
-3.274810
-3.155908
-3.014126
-2.846402
-2.650116
-2.423650
-2.167121
-1.883184
-1.577670
-1.259702
-0.943737
-0.651434
-0.396120
-0.175867
0.013663
0.177969
0.322055
0.448568
0.556225
0.639037
0.686385
0.685581
0.636321
0.550874
0.440389
0.312368
0.170132
0.012868
-0.163479
-0.364625
-0.596197
-0.862250
-1.158639
-1.467025
-1.771274
-2.060710
-2.327273
-2.566112
-2.775353
-2.955430
-3.108297
-3.236733
-3.343831
-3.432658
-3.506066
-3.524499
-3.690224
-3.619885
-3.534900
-3.432470
-3.309484
-3.162633
-2.988636
-2.784627
-2.548733
-2.280853
-1.983525
-1.662662
-1.327785
-0.994267
-0.685373
-0.415784
-0.183991
0.014236
0.184602
0.332595
0.461507
0.570668
0.654458
0.702290
0.701264
0.651066
0.564167
0.451824
0.321378
0.175700
0.013348
-0.170335
-0.381469
-0.625793
-0.907171
-1.220675
-1.546313
-1.866697
-2.170509
-2.449410
-2.698547
-2.916220
-3.103112
-3.261443
-3.394241
-3.504813
-3.596406
-3.672015
-3.690224
-3.855291
-3.782887
-3.695334
-3.589710
-3.462748
-3.310955
-3.130828
-2.919255
-2.674102
-2.395035
-2.084456
-1.748338
-1.396568
-1.045426
-0.719794
-0.435748
-0.192239
0.014817
0.191290
0.343132
0.474284
0.584723
0.669266
0.717424
0.716136
0.665095
0.576933
0.462952
0.330276
0.181267
0.013832
-0.177282
-0.398567
-0.655841
-0.952732
-1.283484
-1.626417
-1.962886
-2.280955
-2.572030
-2.831285
-3.057210
-3.250751
-3.414399
-3.551431
-3.665367
-3.759632
-3.837365
-3.855291
-4.019693
-3.945286
-3.855240
-3.746509
-3.615676
-3.459060
-3.272943
-3.053958
-2.799710
-2.509619
-2.185932
-1.834657
-1.466023
-1.097197
-0.754693
-0.456014
-0.200612
0.015405
0.198046
0.353696
0.486946
0.598454
0.683532
0.731856
0.730265
0.678475
0.589230
0.473824
0.339093
0.186847
0.014320
-0.184326
-0.415929
-0.686343
-0.998925
-1.347044
-1.707302
-2.059798
-2.391997
-2.695082
-2.964276
-3.198279
-3.398309
-3.567132
-3.708275
-3.825471
-3.922320
-4.002102
-4.019693
-4.183423
-4.107071
-4.014603
-3.902849
-3.768243
-3.606920
-3.414944
-3.188697
-2.925513
-2.624559
-2.287909
-1.921581
-1.536119
-1.149563
-0.790062
-0.476581
-0.209115
0.016003
0.204879
0.364312
0.499537
0.611919
0.697321
0.745656
0.743719
0.691268
0.601118
0.484485
0.347861
0.192455
0.014814
-0.191472
-0.433558
-0.717298
-1.045739
-1.411334
-1.788935
-2.157389
-2.503587
-2.818516
-3.097474
-3.339386
-3.545750
-3.719612
-3.864749
-3.985106
-4.084456
-4.166218
-4.183423
-4.346474
-4.268235
-4.173411
-4.058713
-3.920428
-3.754509
-3.556801
-3.323435
-3.051471
-2.739813
-2.390346
-2.009074
-1.606829
-1.202504
-0.825892
-0.497448
-0.217749
0.016609
0.211798
0.375003
0.512096
0.625173
0.710699
0.758889
0.756560
0.703536
0.612649
0.494979
0.356607
0.198103
0.015314
-0.198726
-0.451459
-0.748706
-1.093165
-1.476331
-1.871282
-2.255619
-2.615681
-2.942287
-3.230836
-3.480491
-3.693040
-3.871812
-4.020832
-4.144256
-4.246027
-4.329702
-4.346474
-4.508844
-4.428769
-4.331652
-4.214087
-4.072212
-3.901802
-3.698484
-3.458138
-3.177545
-2.855340
-2.493202
-2.097099
-1.678124
-1.256004
-0.862175
-0.518614
-0.226516
0.017224
0.218811
0.385789
0.524660
0.638267
0.723724
0.771617
0.768851
0.715336
0.623877
0.505345
0.365356
0.203801
0.015821
-0.206092
-0.469634
-0.780563
-1.141189
-1.542014
-1.954311
-2.354446
-2.728233
-3.066352
-3.364321
-3.621559
-3.840150
-4.023706
-4.176503
-4.302904
-4.407021
-4.492549
-4.508844
-4.670527
-4.588668
-4.489319
-4.368957
-4.223578
-4.048777
-3.839967
-3.592774
-3.303701
-2.971102
-2.596440
-2.185622
-1.749977
-1.310043
-0.898901
-0.540076
-0.235415
0.017850
0.225924
0.396688
0.537262
0.651246
0.736453
0.783903
0.780652
0.726725
0.634850
0.515622
0.374131
0.209559
0.016336
-0.213571
-0.488086
-0.812865
-1.189801
-1.608359
-2.037989
-2.453832
-2.841203
-3.190669
-3.497892
-3.762558
-3.987053
-4.175274
-4.331746
-4.461038
-4.567431
-4.654750
-4.670527
-4.831522
-4.747926
-4.646402
-4.523313
-4.374510
-4.195416
-3.981226
-3.727316
-3.429906
-3.087065
-2.700023
-2.274610
-1.822360
-1.364604
-0.936062
-0.561831
-0.244449
0.018484
0.233143
0.407716
0.549929
0.664155
0.748939
0.795802
0.792020
0.737757
0.645614
0.525842
0.382953
0.215384
0.016858
-0.221167
-0.506814
-0.845608
-1.238987
-1.675343
-2.122285
-2.553740
-2.954551
-3.315201
-3.631515
-3.903458
-4.133723
-4.326494
-4.486544
-4.618647
-4.727247
-4.816302
-4.831522
-4.991827
-4.906540
-4.802895
-4.677143
-4.524996
-4.341700
-4.122239
-3.861736
-3.556128
-3.203193
-2.803918
-2.364031
-1.895248
-1.419667
-0.973646
-0.583875
-0.253615
0.019129
0.240472
0.418887
0.562690
0.677034
0.761234
0.807372
0.803010
0.748483
0.656213
0.536039
0.391839
0.221286
0.017388
-0.228882
-0.525819
-0.878786
-1.288735
-1.742945
-2.207169
-2.654134
-3.068239
-3.439912
-3.765157
-4.044231
-4.280137
-4.477348
-4.640884
-4.775720
-4.886463
-4.977200
-4.991827
-5.151442
-5.064506
-4.958792
-4.830441
-4.675023
-4.487613
-4.262985
-3.996010
-3.682340
-3.319457
-2.908091
-2.453853
-1.968614
-1.475216
-1.011645
-0.606205
-0.262915
0.019784
0.247915
0.430212
0.575567
0.689918
0.773384
0.818666
0.813677
0.758953
0.666687
0.546240
0.400806
0.227268
0.017926
-0.236716
-0.545100
-0.912394
-1.339030
-1.811143
-2.292611
-2.754980
-3.182233
-3.564767
-3.898787
-4.184850
-4.426274
-4.627820
-4.794753
-4.932248
-5.045073
-5.137441
-5.151442
-5.310365
-5.221822
-5.114089
-4.983197
-4.824580
-4.633142
-4.403447
-4.130116
-3.808515
-3.435826
-3.012513
-2.544049
-2.042435
-1.531231
-1.050047
-0.628816
-0.272347
0.020449
0.255475
0.441702
0.588583
0.702842
0.785434
0.829732
0.824070
0.769212
0.677074
0.556473
0.409870
0.233338
0.018473
-0.244671
-0.564655
-0.946426
-1.389860
-1.879913
-2.378580
-2.856243
-3.296498
-3.689736
-4.032379
-4.325293
-4.572116
-4.777896
-4.948140
-5.088224
-5.203073
-5.297023
-5.310365
-5.468599
-5.378488
-5.268783
-5.135407
-4.973659
-4.778273
-4.543608
-4.264033
-3.934629
-3.552272
-3.117153
-2.634589
-2.116685
-1.587695
-1.088842
-0.651703
-0.281910
0.021124
0.263156
0.453366
0.601755
0.715837
0.797425
0.840620
0.834239
0.779305
0.687410
0.566761
0.419043
0.239500
0.019028
-0.252748
-0.584484
-0.980874
-1.441210
-1.949236
-2.465051
-2.957894
-3.411003
-3.814788
-4.165905
-4.465539
-4.717645
-4.927562
-5.101037
-5.243642
-5.360458
-5.455944
-5.468599
-5.626143
-5.534501
-5.422870
-5.287065
-5.122251
-4.922996
-4.683452
-4.397741
-4.060658
-3.668771
-3.221985
-2.725446
-2.191341
-1.644592
-1.128020
-0.674863
-0.291605
0.021809
0.270959
0.465213
0.615102
0.728931
0.809395
0.851374
0.844229
0.789275
0.697730
0.577128
0.428337
0.245758
0.019592
-0.260947
-0.604583
-1.015732
-1.493066
-2.019088
-2.551994
-3.059901
-3.525717
-3.939895
-4.299343
-4.605566
-4.862846
-5.076806
-5.253434
-5.398496
-5.517226
-5.614205
-5.626143
-5.782999
-5.689863
-5.576348
-5.438166
-5.270348
-5.067299
-4.822966
-4.531225
-4.186582
-3.785296
-3.326981
-2.816595
-2.266381
-1.701903
-1.167570
-0.698291
-0.301429
0.022504
0.278885
0.477248
0.628639
0.742150
0.821382
0.862038
0.854086
0.799161
0.708062
0.587594
0.437764
0.252116
0.020165
-0.269267
-0.624951
-1.050992
-1.545416
-2.089450
-2.639383
-3.162235
-3.640612
-4.065033
-4.432669
-4.745357
-5.007704
-5.225618
-5.405325
-5.552781
-5.673374
-5.771804
-5.782999
-5.939169
-5.844574
-5.729217
-5.588706
-5.417946
-5.211175
-4.962138
-4.664467
-4.312381
-3.901827
-3.432118
-2.908011
-2.341781
-1.759612
-1.207482
-0.721981
-0.311381
0.023210
0.286938
0.489479
0.642379
0.755517
0.833418
0.872652
0.863852
0.809001
0.718438
0.598178
0.447332
0.258577
0.020747
-0.277710
-0.645586
-1.086648
-1.598244
-2.160300
-2.727193
-3.264869
-3.755660
-4.190175
-4.565863
-4.884896
-5.152207
-5.373988
-5.556702
-5.706495
-5.828903
-5.928742
-5.939169
-6.094657
-5.998634
-5.881474
-5.738684
-5.565038
-5.354614
-5.100956
-4.797453
-4.438038
-4.018341
-3.537372
-2.999669
-2.417522
-1.817703
-1.247746
-0.745929
-0.321461
0.023926
0.295117
0.501909
0.656335
0.769054
0.845534
0.883254
0.873566
0.818830
0.728883
0.608896
0.457050
0.265144
0.021339
-0.286274
-0.666483
-1.122692
-1.651538
-2.231619
-2.815400
-3.367775
-3.870835
-4.315300
-4.698905
-5.024166
-5.296342
-5.521909
-5.707562
-5.859634
-5.983810
-6.085021
-6.094657
-6.249464
-6.152045
-6.033121
-5.888098
-5.711621
-5.497610
-5.239411
-4.930169
-4.563534
-4.134819
-3.642720
-3.091548
-2.493582
-1.876159
-1.288351
-0.770129
-0.331666
0.024652
0.303423
0.514545
0.670518
0.782782
0.857761
0.893882
0.883266
0.828682
0.739423
0.619765
0.466927
0.271819
0.021939
-0.294960
-0.687641
-1.159115
-1.705284
-2.303387
-2.903977
-3.470929
-3.986114
-4.440385
-4.831778
-5.163155
-5.440100
-5.669373
-5.857899
-6.012196
-6.138095
-6.240642
-6.249464
-6.403594
-6.304810
-6.184158
-6.036944
-5.857691
-5.640157
-5.377493
-5.062604
-4.688856
-4.251242
-3.748142
-3.183626
-2.569941
-1.934965
-1.329288
-0.794577
-0.341994
0.025388
0.311858
0.527389
0.684937
0.796718
0.870125
0.904567
0.892989
0.838589
0.750081
0.630798
0.476968
0.278604
0.022549
-0.303766
-0.709056
-1.195912
-1.759468
-2.375583
-2.992904
-3.574306
-4.101474
-4.565412
-4.964466
-5.301848
-5.583471
-5.816373
-6.007709
-6.164180
-6.291759
-6.395606
-6.403594
-6.557050
-6.456929
-6.334584
-6.185223
-6.003244
-5.782249
-5.515194
-5.194747
-4.813988
-4.367592
-3.853618
-3.275881
-2.646580
-1.994105
-1.370545
-0.819267
-0.352446
0.026134
0.320421
0.540445
0.699601
0.810878
0.882651
0.915343
0.902766
0.848579
0.760878
0.642009
0.487179
0.285501
0.023169
-0.312693
-0.730724
-1.233073
-1.814077
-2.448190
-3.082156
-3.677883
-4.216893
-4.690360
-5.096953
-5.440236
-5.726448
-5.962905
-6.156990
-6.315585
-6.444803
-6.549916
-6.557050
-6.709837
-6.608407
-6.484402
-6.332935
-6.148279
-5.923882
-5.652508
-5.326587
-4.938917
-4.483854
-3.959129
-3.368296
-2.723481
-2.053564
-1.412113
-0.844195
-0.363018
0.026890
0.329113
0.553716
0.714519
0.825278
0.895361
0.926239
0.912632
0.858680
0.771836
0.653410
0.497568
0.292511
0.023797
-0.321738
-0.752643
-1.270591
-1.869097
-2.521189
-3.171714
-3.781638
-4.332351
-4.815214
-5.229225
-5.578306
-5.869021
-6.108963
-6.305739
-6.466409
-6.597228
-6.703575
-6.709837
-6.861957
-6.759245
-6.633614
-6.480079
-6.292793
-6.065052
-5.789428
-5.458115
-5.063630
-4.600011
-4.064658
-3.460850
-2.800625
-2.113328
-1.453982
-0.869354
-0.373709
0.027656
0.337934
0.567203
0.729697
0.839931
0.908279
0.937283
0.922614
0.868918
0.782971
0.665012
0.508137
0.299637
0.024435
-0.330903
-0.774809
-1.308459
-1.924516
-2.594562
-3.261555
-3.885550
-4.447828
-4.939956
-5.361270
-5.716049
-6.011185
-6.254544
-6.453955
-6.616654
-6.749036
-6.856586
-6.861957
-7.013415
-6.909447
-6.782220
-6.626655
-6.436785
-6.205756
-5.925947
-5.589322
-5.188118
-4.716051
-4.170187
-3.553525
-2.877996
-2.173382
-1.496143
-0.894741
-0.384518
0.028432
0.346884
0.580910
0.745141
0.854850
0.921423
0.948501
0.932741
0.879318
0.794302
0.676824
0.518892
0.306878
0.025082
-0.340185
-0.797219
-1.346668
-1.980321
-2.668291
-3.351659
-3.989598
-4.563306
-5.064571
-5.493075
-5.853458
-6.152934
-6.399643
-6.601635
-6.766320
-6.900228
-7.008951
-7.013415
-7.164216
-7.059016
-6.930223
-6.772665
-6.580256
-6.345990
-6.062062
-5.720202
-5.312369
-4.831959
-4.275703
-3.646306
-2.955577
-2.233712
-1.538585
-0.920350
-0.395442
0.029217
0.355963
0.594838
0.760857
0.870047
0.934813
0.959917
0.943040
0.889902
0.805844
0.688856
0.529836
0.314235
0.025738
-0.349584
-0.819868
-1.385211
-2.036498
-2.742360
-3.442008
-4.093764
-4.678768
-5.189045
-5.624629
-5.990522
-6.294262
-6.544259
-6.748779
-6.915407
-7.050806
-7.160674
-7.164216
-7.314363
-7.207955
-7.077626
-6.918109
-6.723203
-6.485753
-6.197767
-5.850747
-5.436374
-4.947724
-4.381189
-3.739175
-3.033351
-2.294305
-1.581300
-0.946175
-0.406480
0.030012
0.365170
0.608988
0.776850
0.885532
0.948464
0.971555
0.953534
0.900690
0.817612
0.701116
0.540973
0.321710
0.026404
-0.359098
-0.842754
-1.424081
-2.093036
-2.816751
-3.532582
-4.198030
-4.794198
-5.313365
-5.755923
-6.127236
-6.435166
-6.688388
-6.895388
-7.063917
-7.200774
-7.311758
-7.314363
-7.463862
-7.356270
-7.224431
-7.062990
-6.865627
-6.625042
-6.333059
-5.980951
-5.560123
-5.063334
-4.486631
-3.832117
-3.111304
-2.355148
-1.624277
-0.972212
-0.417631
0.030817
0.374505
0.623361
0.793125
0.901314
0.962394
0.983434
0.964247
0.911703
0.829620
0.713612
0.552306
0.329303
0.027079
-0.368728
-0.865872
-1.463268
-2.149922
-2.891448
-3.623365
-4.302377
-4.909580
-5.437518
-5.886946
-6.263593
-6.575640
-6.832030
-7.041459
-7.211851
-7.350133
-7.462208
-7.463862
-7.612717
-7.503962
-7.370641
-7.207308
-7.007529
-6.763857
-6.467935
-6.110809
-5.683610
-5.178778
-4.592018
-3.925117
-3.189420
-2.416228
-1.667509
-0.998455
-0.428891
0.031631
0.383968
0.637959
0.809685
0.917402
0.976615
0.995576
0.975199
0.922959
0.841880
0.726350
0.563838
0.337015
0.027763
-0.378471
-0.889219
-1.502767
-2.207144
-2.966437
-3.714338
-4.406790
-5.024901
-5.561493
-6.017692
-6.399588
-6.715682
-6.975182
-7.186995
-7.359211
-7.498887
-7.612027
-7.612717
-7.760932
-7.651036
-7.516259
-7.351066
-7.148908
-6.902197
-6.602392
-6.240315
-5.806826
-5.294046
-4.697336
-4.018162
-3.267686
-2.477532
-1.710985
-1.024901
-0.440261
0.032455
0.393559
0.652781
0.826535
0.933805
0.991143
1.007997
0.986412
0.934475
0.854403
0.739337
0.575572
0.344845
0.028457
-0.388326
-0.912791
-1.542570
-2.264690
-3.041700
-3.805485
-4.511253
-5.140147
-5.685280
-6.148150
-6.535214
-6.855289
-7.117843
-7.331996
-7.505998
-7.647039
-7.761220
-7.760932
-7.908514
-7.797497
-7.661289
-7.494266
-7.289767
-7.040060
-6.736427
-6.369465
-5.929765
-5.409130
-4.802573
-4.111238
-3.346088
-2.539048
-1.754698
-1.051542
-0.451737
0.033288
0.403276
0.667830
0.843676
0.950530
1.005990
1.020716
0.997902
0.946266
0.867202
0.752578
0.587509
0.352795
0.029160
-0.398293
-0.936585
-1.582668
-2.322549
-3.117224
-3.896790
-4.615751
-5.255306
-5.808868
-6.278316
-6.670468
-6.994458
-7.260014
-7.476462
-7.652216
-7.794592
-7.909790
-7.908514
-8.055465
-7.943348
-7.805733
-7.636910
-7.430106
-7.177447
-6.870038
-6.498256
-6.052420
-5.524020
-4.907720
-4.204333
-3.424613
-2.600765
-1.798638
-1.078376
-0.463319
0.034130
0.413120
0.683104
0.861113
0.967583
1.021166
1.033748
1.009689
0.958347
0.880284
0.766080
0.599651
0.360864
0.029871
-0.408371
-0.960597
-1.623055
-2.380708
-3.192995
-3.988238
-4.720270
-5.370364
-5.932249
-6.408181
-6.805345
-7.133187
-7.401694
-7.620395
-7.797867
-7.941550
-8.057741
-8.055465
-8.201792
-8.088594
-7.949596
-7.779000
-7.569926
-7.314358
-7.003224
-6.626683
-6.174787
-5.638708
-5.012765
-4.297434
-3.503248
-2.662671
-1.842797
-1.105396
-0.475004
0.034982
0.423089
0.698605
0.878848
0.984971
1.036684
1.047107
1.021786
0.970732
0.893661
0.779847
0.612001
0.369052
0.030592
-0.418557
-0.984823
-1.663724
-2.439158
-3.268998
-4.079815
-4.824796
-5.485312
-6.055413
-6.537740
-6.939841
-7.271475
-7.542882
-7.763796
-7.942952
-8.087916
-8.205079
-8.201792
-8.347500
-8.233239
-8.092880
-7.920541
-7.709229
-7.450793
-7.135984
-6.754744
-6.296859
-5.753188
-5.117700
-4.390530
-3.581981
-2.724755
-1.887167
-1.132599
-0.486790
0.035842
0.433184
0.714332
0.896883
1.002700
1.052551
1.060808
1.034211
0.983433
0.907339
0.793884
0.624560
0.377361
0.031322
-0.428852
-1.009260
-1.704666
-2.497886
-3.345220
-4.171506
-4.929317
-5.600139
-6.178353
-6.666988
-7.073954
-7.409320
-7.683579
-7.906666
-8.087476
-8.233693
-8.351807
-8.347500
-8.492593
-8.377287
-8.235590
-8.061533
-7.848017
-7.586752
-7.268316
-6.882436
-6.418633
-5.867452
-5.222515
-4.483611
-3.660800
-2.787007
-1.931739
-1.159979
-0.498676
0.036711
0.443403
0.730286
0.915221
1.020774
1.068779
1.074862
1.046975
0.996463
0.921328
0.808194
0.637330
0.385789
0.032061
-0.439253
-1.033903
-1.745875
-2.556883
-3.421647
-4.263298
-5.033820
-5.714834
-6.301061
-6.795919
-7.207680
-7.546721
-7.823786
-8.049009
-8.231440
-8.378886
-8.497930
-8.492593
-8.637076
-8.520744
-8.377729
-8.201981
-7.986292
-7.722236
-7.400221
-7.009757
-6.540104
-5.981494
-5.327201
-4.576666
-3.739696
-2.849415
-1.976506
-1.187531
-0.510660
0.037590
0.453745
0.746467
0.933862
1.039199
1.085375
1.089283
1.060093
1.009831
0.935635
0.822782
0.650311
0.394336
0.032809
-0.449761
-1.058750
-1.787344
-2.616138
-3.498267
-4.355178
-5.138295
-5.829389
-6.423531
-6.924530
-7.341018
-7.683678
-7.963503
-8.190825
-8.374848
-8.523498
-8.643452
-8.637076
-8.780955
-8.663613
-8.519302
-8.341887
-8.124056
-7.857247
-7.531697
-7.136705
-6.661268
-6.095309
-5.431751
-4.669686
-3.818656
-2.911972
-2.021460
-1.215252
-0.522741
0.038476
0.464211
0.762874
0.952809
1.057979
1.102348
1.104079
1.073575
1.023548
0.950266
0.837651
0.663505
0.403004
0.033566
-0.460372
-1.083796
-1.829066
-2.675640
-3.575068
-4.447133
-5.242729
-5.943795
-6.545757
-7.052816
-7.473965
-7.820190
-8.102732
-8.332117
-8.517702
-8.667534
-8.788379
-8.780955
-8.924235
-8.805898
-8.660311
-8.481254
-8.261311
-7.991785
-7.662745
-7.263278
-6.782121
-6.208890
-5.536157
-4.762661
-3.897671
-2.974665
-2.066594
-1.243136
-0.534916
0.039372
0.474799
0.779507
0.972064
1.077118
1.119703
1.119263
1.087434
1.037624
0.965227
0.852804
0.676913
0.411791
0.034331
-0.471087
-1.109038
-1.871034
-2.735379
-3.652038
-4.539153
-5.347114
-6.058044
-6.667732
-7.180773
-7.606519
-7.956258
-8.241474
-8.472887
-8.660007
-8.810997
-8.932713
-8.924235
-9.066920
-8.947606
-8.800761
-8.620086
-8.398059
-8.125852
-7.793365
-7.389474
-6.902662
-6.322234
-5.640413
-4.855582
-3.976731
-3.037487
-2.111899
-1.271178
-0.547183
0.040276
0.485509
0.796367
0.991627
1.096620
1.137450
1.134842
1.101679
1.052068
0.980525
0.868245
0.690536
0.420697
0.035106
-0.481905
-1.134473
-1.913241
-2.795346
-3.729165
-4.631225
-5.451438
-6.172127
-6.789451
-7.308399
-7.738680
-8.091881
-8.379730
-8.613138
-8.801765
-8.953891
-9.076462
-9.066920
-9.209015
-9.088739
-8.940656
-8.758387
-8.534304
-8.259450
-7.923557
-7.515294
-7.022886
-6.435334
-5.744512
-4.948442
-4.055827
-3.100428
-2.157369
-1.299375
-0.559542
0.041189
0.496339
0.813452
1.011499
1.116489
1.155592
1.150827
1.116319
1.066886
0.996165
0.883976
0.704375
0.429722
0.035889
-0.492823
-1.160096
-1.955680
-2.855531
-3.806439
-4.723338
-5.555693
-6.286039
-6.910910
-7.435690
-7.870445
-8.227059
-8.517501
-8.752872
-8.942980
-9.096220
-9.219628
-9.209015
-9.350527
-9.229304
-9.080001
-8.896158
-8.670047
-8.392579
-8.053321
-7.640735
-7.142793
-6.548188
-5.848447
-5.041232
-4.134950
-3.163480
-2.202996
-1.327723
-0.571990
0.042109
0.507289
0.830762
1.031683
1.136727
1.174137
1.167224
1.131365
1.082087
1.012151
0.899999
0.718430
0.438867
0.036680
-0.503840
-1.185904
-1.998345
-2.915924
-3.883848
-4.815483
-5.659870
-6.399772
-7.032104
-7.562645
-8.001814
-8.361794
-8.654790
-8.892092
-9.083655
-9.237989
-9.362216
-9.350527
-9.491459
-9.369303
-9.218798
-9.033404
-8.805292
-8.525242
-8.182658
-7.765798
-7.262378
-6.660790
-5.952213
-5.133945
-4.214091
-3.226633
-2.248775
-1.356216
-0.584525
0.043038
0.518359
0.848298
1.052178
1.157338
1.193091
1.184041
1.146823
1.097678
1.028489
0.916318
0.732702
0.448131
0.037481
-0.514957
-1.211894
-2.041230
-2.976517
-3.961382
-4.907650
-5.763961
-6.513321
-7.153028
-7.689260
-8.132787
-8.496085
-8.791597
-9.030800
-9.223794
-9.379202
-9.504232
-9.491459
-9.631817
-9.508743
-9.357052
-9.170129
-8.940040
-8.657440
-8.311570
-7.890481
-7.381641
-6.773139
-6.055806
-5.226575
-4.293243
-3.289880
-2.294697
-1.384850
-0.597146
0.043976
0.529547
0.866058
1.072986
1.178325
1.212457
1.201286
1.162701
1.113665
1.045184
0.932934
0.747192
0.457513
0.038290
-0.526170
-1.238062
-2.084327
-3.037300
-4.039031
-4.999828
-5.867957
-6.626678
-7.273679
-7.815533
-8.263363
-8.629935
-8.927926
-9.169000
-9.363400
-9.519862
-9.645679
-9.631817
-9.771605
-9.647626
-9.494768
-9.306335
-9.074296
-8.789176
-8.440056
-8.014785
-7.500581
-6.885230
-6.159219
-5.319114
-4.372397
-3.353213
-2.340756
-1.413622
-0.609852
0.044921
0.540852
0.884042
1.094107
1.199690
1.232240
1.218964
1.179007
1.130054
1.062238
0.949850
0.761900
0.467013
0.039107
-0.537480
-1.264404
-2.127631
-3.098266
-4.116786
-5.092009
-5.971852
-6.739840
-7.394054
-7.941464
-8.393541
-8.763343
-9.063778
-9.306693
-9.502477
-9.659973
-9.786563
-9.771605
-9.910829
-9.785959
-9.631949
-9.442026
-9.208061
-8.920452
-8.568119
-8.138710
-7.619195
-6.997061
-6.262448
-5.411556
-4.451545
-3.416624
-2.386947
-1.442526
-0.622640
0.045874
0.552274
0.902249
1.115542
1.221435
1.252446
1.237083
1.195747
1.146851
1.079656
0.967066
0.776827
0.476632
0.039933
-0.548884
-1.290917
-2.171135
-3.159405
-4.194637
-5.184184
-6.075638
-6.852800
-7.514149
-8.067050
-8.523322
-8.896311
-9.199155
-9.443884
-9.641028
-9.799541
-9.926888
-9.910829
-10.049493
-9.923745
-9.768599
-9.577206
-9.341339
-9.051269
-8.695759
-8.262256
-7.737482
-7.108628
-6.365489
-5.503895
-4.530682
-3.480106
-2.433262
-1.471560
-0.635509
0.046835
0.563812
0.920680
1.137291
1.243563
1.273078
1.255647
1.212927
1.164061
1.097442
0.984586
0.791972
0.486368
0.040767
-0.560382
-1.317599
-2.214834
-3.220708
-4.272575
-5.276346
-6.179309
-6.965555
-7.633961
-8.192290
-8.652706
-9.028840
-9.334060
-9.580575
-9.779058
-9.938569
-10.066658
-10.049493
-10.187603
-10.060989
-9.904723
-9.711879
-9.474132
-9.181631
-8.822977
-8.385423
-7.855442
-7.219930
-6.468337
-5.596126
-4.609800
-3.543652
-2.479697
-1.500719
-0.648457
0.047804
0.575465
0.939332
1.159354
1.266075
1.294140
1.274661
1.230553
1.181688
1.115598
1.002410
0.807336
0.496221
0.041610
-0.571973
-1.344444
-2.258721
-3.282169
-4.350591
-5.368485
-6.282859
-7.078099
-7.753488
-8.317184
-8.781693
-9.160931
-9.468494
-9.716770
-9.916569
-10.077061
-10.205879
-10.187603
-10.325163
-10.197696
-10.040324
-9.846048
-9.606444
-9.311539
-8.949776
-8.508211
-7.973074
-7.330965
-6.570990
-5.688244
-4.688893
-3.607254
-2.526243
-1.529999
-0.661483
0.048780
0.587233
0.958206
1.181733
1.288974
1.315635
1.294131
1.248629
1.199738
1.134128
1.020540
0.822920
0.506192
0.042461
-0.583654
-1.371450
-2.302790
-3.343779
-4.428677
-5.460594
-6.386280
-7.190429
-7.872728
-8.441730
-8.910284
-9.292587
-9.602461
-9.852470
-10.053565
-10.215022
-10.344554
-10.325163
-10.462178
-10.333869
-10.175407
-9.979716
-9.738278
-9.440995
-9.076157
-8.630621
-8.090377
-7.441729
-6.673444
-5.780243
-4.767954
-3.670907
-2.572897
-1.559396
-0.674585
0.049764
0.599114
0.977302
1.204427
1.312262
1.337567
1.314062
1.267162
1.218215
1.153034
1.038978
0.838724
0.516279
0.043320
-0.595426
-1.398614
-2.347036
-3.405531
-4.506824
-5.552667
-6.489569
-7.302541
-7.991678
-8.565928
-9.038479
-9.423808
-9.735962
-9.987680
-10.190050
-10.352455
-10.482689
-10.462178
-10.598653
-10.469514
-10.309975
-10.112887
-9.869636
-9.570002
-9.202121
-8.752654
-8.207350
-7.552222
-6.775695
-5.872118
-4.846977
-3.734605
-2.619652
-1.588907
-0.687760
0.050755
0.611107
0.996617
1.227437
1.335939
1.359939
1.334456
1.286155
1.237122
1.172319
1.057724
0.854747
0.526483
0.044187
-0.607287
-1.425931
-2.391452
-3.467417
-4.585026
-5.644697
-6.592719
-7.414431
-8.110337
-8.689777
-9.166279
-9.554597
-9.869000
-10.122403
-10.326029
-10.489365
-10.620287
-10.598653
-10.734592
-10.604635
-10.444034
-10.245565
-10.000522
-9.698563
-9.327669
-8.874311
-8.323994
-7.662443
-6.877740
-5.963866
-4.925958
-3.798340
-2.666503
-1.618528
-0.701009
0.051754
0.623212
1.016152
1.250762
1.360008
1.382754
1.355319
1.305613
1.256463
1.191987
1.076781
0.870990
0.536803
0.045062
-0.619235
-1.453400
-2.436034
-3.529429
-4.663275
-5.736676
-6.695726
-7.526096
-8.228703
-8.813277
-9.293685
-9.684955
-10.001577
-10.256641
-10.461503
-10.625756
-10.757354
-10.734592
-10.870001
-10.739236
-10.577586
-10.377754
-10.130939
-9.826680
-9.452805
-8.995592
-8.440308
-7.772389
-6.979577
-6.055483
-5.004889
-3.862107
-2.713444
-1.648254
-0.714329
0.052760
0.635427
1.035905
1.274403
1.384469
1.406014
1.376654
1.325540
1.276241
1.212038
1.096148
0.887453
0.547238
0.045946
-0.631269
-1.481016
-2.480775
-3.591562
-4.741562
-5.828598
-6.798585
-7.637533
-8.346774
-8.936428
-9.420697
-9.814884
-10.133697
-10.390398
-10.596478
-10.761632
-10.893893
-10.870001
-11.004883
-10.873321
-10.710635
-10.509457
-10.260890
-9.954356
-9.577529
-9.116498
-8.556293
-7.882059
-7.081204
-6.146963
-5.083768
-3.925900
-2.760471
-1.678083
-0.727718
0.053773
0.647752
1.055877
1.298360
1.409324
1.429723
1.398464
1.345939
1.296461
1.232475
1.115826
0.904135
0.557788
0.046837
-0.643389
-1.508776
-2.525670
-3.653807
-4.819882
-5.920458
-6.901292
-7.748739
-8.464549
-9.059230
-9.547317
-9.944386
-10.265361
-10.523677
-10.730956
-10.896996
-11.029910
-11.004883
-11.139244
-11.006896
-10.843187
-10.640677
-10.390378
-10.081592
-9.701844
-9.237031
-8.671948
-7.991453
-7.182617
-6.238304
-5.162587
-3.989714
-2.807578
-1.708011
-0.741176
0.054792
0.660186
1.076065
1.322632
1.434574
1.453881
1.420753
1.366814
1.317124
1.253301
1.135818
0.921038
0.568453
0.047736
-0.655592
-1.536677
-2.570714
-3.716158
-4.898227
-6.012250
-7.003841
-7.859713
-8.582027
-9.181683
-9.673546
-10.073462
-10.396573
-10.656481
-10.864942
-11.031854
-11.165408
-11.139244
-11.273088
-11.139963
-10.975244
-10.771418
-10.519406
-10.208392
-9.825751
-9.357191
-8.787273
-8.100569
-7.283814
-6.329502
-5.241344
-4.053543
-2.854760
-1.738034
-0.754700
0.055819
0.672728
1.096470
1.347220
1.460220
1.478492
1.443523
1.388168
1.338233
1.274516
1.156123
0.938160
0.579233
0.048643
-0.667879
-1.564716
-2.615902
-3.778609
-4.976591
-6.103968
-7.106231
-7.970450
-8.699207
-9.303787
-9.799385
-10.202115
-10.527335
-10.788814
-10.998439
-11.166209
-11.300392
-11.273088
-11.406419
-11.272528
-11.106811
-10.901684
-10.647978
-10.334758
-9.949252
-9.476980
-8.902269
-8.209407
-7.384795
-6.420553
-5.320033
-4.117383
-2.902012
-1.768149
-0.768289
0.056853
0.685377
1.117090
1.372124
1.486262
1.503557
1.466778
1.410004
1.359792
1.296124
1.176742
0.955502
0.590125
0.049558
-0.680246
-1.592890
-2.661228
-3.841154
-5.054969
-6.195608
-7.208456
-8.080950
-8.816089
-9.425543
-9.924835
-10.330347
-10.657649
-10.920678
-11.131450
-11.300065
-11.434866
-11.406419
-11.539242
-11.404595
-11.237891
-11.031478
-10.776096
-10.460693
-10.072350
-9.596399
-9.016936
-8.317966
-7.485556
-6.511456
-5.398650
-4.181228
-2.949331
-1.798353
-0.781941
0.057893
0.698132
1.137924
1.397342
1.512703
1.529079
1.490519
1.432325
1.381802
1.318124
1.197677
0.973063
0.601132
0.050480
-0.692694
-1.621195
-2.706688
-3.903786
-5.133352
-6.287164
-7.310513
-8.191210
-8.932670
-9.546950
-10.049897
-10.458160
-10.787519
-11.052077
-11.263980
-11.433426
-11.568834
-11.539242
-11.671561
-11.536167
-11.368489
-11.160805
-10.903763
-10.586200
-10.195046
-9.715450
-9.131275
-8.426246
-7.586097
-6.602205
-5.477191
-4.245074
-2.996711
-1.828643
-0.795655
0.058940
0.710992
1.158972
1.422875
1.539542
1.555059
1.514750
1.455133
1.404266
1.340520
1.218926
0.990844
0.612251
0.051410
-0.705221
-1.649629
-2.752276
-3.966499
-5.211737
-6.378631
-7.412399
-8.301228
-9.048952
-9.668010
-10.174574
-10.585556
-10.916946
-11.183014
-11.396032
-11.566296
-11.702301
-11.671561
-11.803381
-11.667249
-11.498608
-11.289666
-11.030983
-10.711281
-10.317343
-9.834133
-9.245286
-8.534246
-7.686415
-6.692800
-5.555652
-4.308916
-3.044148
-1.859014
-0.809430
0.059994
0.723956
1.180232
1.448723
1.566780
1.581499
1.539473
1.478432
1.427185
1.363312
1.240492
1.008843
0.623482
0.052347
-0.717826
-1.678188
-2.797988
-4.029287
-5.290117
-6.470006
-7.514112
-8.411003
-9.164933
-9.788723
-10.298866
-10.712537
-11.045935
-11.313493
-11.527609
-11.698679
-11.835271
-11.803381
-11.934706
-11.797845
-11.628252
-11.418066
-11.157759
-10.835938
-10.439242
-9.952451
-9.358970
-8.641966
-7.786509
-6.783238
-5.634030
-4.372750
-3.091638
-1.889464
-0.823263
0.061054
0.737024
1.201704
1.474884
1.594417
1.608399
1.564690
1.502222
1.450563
1.386501
1.262373
1.027061
0.634825
0.053292
-0.730508
-1.706869
-2.843818
-4.092146
-5.368487
-6.561283
-7.615647
-8.520533
-9.280614
-9.909089
-10.422775
-10.839105
-11.174487
-11.443516
-11.658716
-11.830579
-11.967748
-11.934706
-12.065541
-11.927960
-11.757425
-11.546009
-11.284094
-10.960175
-10.560745
-10.070404
-9.472328
-8.749406
-7.886379
-6.873516
-5.712321
-4.436572
-3.139176
-1.919990
-0.837154
0.062120
0.750193
1.223386
1.501360
1.622454
1.635762
1.590403
1.526507
1.474400
1.410089
1.284572
1.045498
0.646279
0.054244
-0.743265
-1.735669
-2.889763
-4.155068
-5.446841
-6.652460
-7.717003
-8.629817
-9.395993
-10.029110
-10.546302
-10.965263
-11.302605
-11.573086
-11.789355
-11.962000
-12.099736
-12.065541
-12.195888
-12.057596
-11.886131
-11.673497
-11.409991
-11.083993
-10.681856
-10.187994
-9.585360
-8.856565
-7.986022
-6.963631
-5.790522
-4.500377
-3.186759
-1.950589
-0.851102
0.063192
0.763464
1.245278
1.528148
1.650892
1.663589
1.616613
1.551288
1.498698
1.434077
1.307087
1.064152
0.657843
0.055204
-0.756096
-1.764586
-2.935817
-4.218050
-5.525176
-6.743531
-7.818177
-8.738854
-9.511072
-10.148786
-10.669449
-11.091012
-11.430292
-11.702207
-11.919530
-12.092945
-12.231239
-12.195888
-12.325754
-12.186758
-12.014373
-11.800535
-11.535453
-11.207397
-10.802575
-10.305223
-9.698068
-8.963444
-8.085439
-7.053582
-5.868630
-4.564162
-3.234382
-1.981258
-0.865103
0.064271
0.776835
1.267378
1.555249
1.679731
1.691881
1.643322
1.576568
1.523459
1.458466
1.329920
1.083024
0.669518
0.056171
-0.769001
-1.793616
-2.981976
-4.281085
-5.603486
-6.834493
-7.919167
-8.847642
-9.625849
-10.268119
-10.792218
-11.216355
-11.557551
-11.830882
-12.049245
-12.223418
-12.362262
-12.325754
-12.455141
-12.315450
-12.142155
-11.927124
-11.660483
-11.330387
-10.922905
-10.422092
-9.810451
-9.070042
-8.184627
-7.143367
-5.946641
-4.627923
-3.282043
-2.011994
-0.879158
0.065355
0.790306
1.289685
1.582662
1.708970
1.720639
1.670533
1.602347
1.548685
1.483256
1.353070
1.102114
0.681302
0.057145
-0.781977
-1.822756
-3.028236
-4.344169
-5.681766
-6.925344
-8.019970
-8.956181
-9.740325
-10.387108
-10.914610
-11.341295
-11.684384
-11.959114
-12.178503
-12.353423
-12.492807
-12.455141
-12.584055
-12.443676
-12.269480
-12.053270
-11.785084
-11.452968
-11.042849
-10.538604
-9.922512
-9.176360
-8.283587
-7.232984
-6.024553
-4.691656
-3.329736
-2.042793
-0.893265
0.066446
0.803874
1.312198
1.610386
1.738611
1.749864
1.698245
1.628628
1.574377
1.508449
1.376538
1.121420
0.693195
0.058126
-0.795024
-1.852004
-3.074592
-4.407296
-5.760011
-7.016078
-8.120584
-9.064469
-9.854500
-10.505755
-11.036628
-11.465833
-11.810795
-12.086906
-12.307308
-12.482964
-12.622880
-12.584055
-12.712498
-12.571440
-12.396353
-12.178975
-11.909259
-11.575141
-11.162408
-10.654758
-10.034250
-9.282398
-8.382317
-7.322431
-6.102362
-4.755358
-3.377459
-2.073654
-0.907422
0.067542
0.817539
1.334916
1.638420
1.768652
1.779556
1.726462
1.655412
1.600535
1.534045
1.400323
1.140942
0.705196
0.059114
-0.808140
-1.881356
-3.121040
-4.470463
-5.838219
-7.106694
-8.221008
-9.172507
-9.968375
-10.624062
-11.158271
-11.589971
-11.936785
-12.214261
-12.435662
-12.612045
-12.752483
-12.712498
-12.840475
-12.698745
-12.522777
-12.304243
-12.033011
-11.696909
-11.281585
-10.770558
-10.145667
-9.388157
-8.480817
-7.411707
-6.180068
-4.819025
-3.425208
-2.104573
-0.921629
0.068644
0.831301
1.357837
1.666765
1.799095
1.809717
1.755184
1.682701
1.627162
1.560045
1.424426
1.160680
0.717305
0.060109
-0.821324
-1.910810
-3.167576
-4.533664
-5.916384
-7.197188
-8.321239
-9.280292
-10.081949
-10.742028
-11.279544
-11.713713
-12.062358
-12.341183
-12.563570
-12.740669
-12.881622
-12.840475
-12.967990
-12.825596
-12.648755
-12.429077
-12.156343
-11.818276
-11.400381
-10.886005
-10.256765
-9.493636
-8.579087
-7.500810
-6.257666
-4.882655
-3.472979
-2.135547
-0.935883
0.069751
0.845158
1.380961
1.695418
1.829938
1.840347
1.784411
1.710495
1.654257
1.586449
1.448846
1.180634
0.729521
0.061111
-0.834575
-1.940362
-3.214196
-4.596895
-5.994503
-7.287558
-8.421277
-9.387826
-10.195223
-10.859656
-11.400446
-11.837059
-12.187516
-12.467674
-12.691035
-12.868839
-13.010299
-12.967990
-13.095047
-12.951995
-12.774292
-12.553480
-12.279259
-11.939242
-11.518799
-11.001100
-10.367544
-9.598836
-8.677125
-7.589739
-6.335155
-4.946243
-3.520770
-2.166575
-0.950183
0.070864
0.859108
1.404286
1.724380
1.861183
1.871447
1.814146
1.738796
1.681823
1.613258
1.473584
1.200802
0.741843
0.062120
-0.847892
-1.970011
-3.260895
-4.660152
-6.072572
-7.377800
-8.521118
-9.495106
-10.308197
-10.976946
-11.520980
-11.960013
-12.312262
-12.593737
-12.818059
-12.996559
-13.138519
-13.095047
-13.221650
-13.077948
-12.899389
-12.677455
-12.401760
-12.059812
-11.636841
-11.115846
-10.478005
-9.703757
-8.774932
-7.678492
-6.412533
-5.009788
-3.568577
-2.197653
-0.964528
0.071983
0.873152
1.427811
1.753649
1.892828
1.903016
1.844389
1.767604
1.709860
1.640472
1.498639
1.221184
0.754270
0.063135
-0.861274
-1.999753
-3.307670
-4.723430
-6.150587
-7.467913
-8.620763
-9.602133
-10.420872
-11.093900
-11.641148
-12.082577
-12.436599
-12.719376
-12.944647
-13.123834
-13.266285
-13.221650
-13.347802
-13.203456
-13.024052
-12.801005
-12.523851
-12.179987
-11.754510
-11.230243
-10.588149
-9.808400
-8.872508
-7.767068
-6.489797
-5.073287
-3.616397
-2.228778
-0.978917
0.073107
0.887287
1.451534
1.783224
1.924873
1.935057
1.875141
1.796922
1.738369
1.668092
1.524011
1.241779
0.766803
0.064157
-0.874719
-2.029586
-3.354518
-4.786725
-6.228545
-7.557893
-8.720209
-9.708907
-10.533248
-11.210519
-11.760952
-12.204753
-12.560528
-12.844593
-13.070802
-13.250665
-13.393601
-13.347802
-13.473507
-13.328524
-13.148282
-12.924135
-12.645533
-12.299770
-11.871807
-11.344294
-10.697978
-9.912766
-8.969851
-7.855467
-6.566945
-5.136735
-3.664226
-2.259950
-0.993349
0.074235
0.901514
1.475455
1.813105
1.957319
1.967568
1.906402
1.826749
1.767351
1.696118
1.549699
1.262587
0.779439
0.065186
-0.888226
-2.059506
-3.401433
-4.850034
-6.306442
-7.647738
-8.819456
-9.815427
-10.645327
-11.326803
-11.880393
-12.326543
-12.684054
-12.969392
-13.196526
-13.377057
-13.520470
-13.473507
-13.598769
-13.453156
-13.272085
-13.046846
-12.766810
-12.419165
-11.988735
-11.458000
-10.807493
-10.016855
-9.066962
-7.943687
-6.643976
-5.200132
-3.712063
-2.291164
-1.007821
0.075369
0.915829
1.499571
1.843289
1.990164
2.000550
1.938174
1.857087
1.796805
1.724550
1.575704
1.283606
0.792179
0.066221
-0.901794
-2.089512
-3.448413
-4.913352
-6.384275
-7.737447
-8.918502
-9.921693
-10.757108
-11.442755
-11.999472
-12.447950
-12.807179
-13.093775
-13.321824
-13.503014
-13.646897
-13.598769
-13.723591
-13.577355
-13.395462
-13.169142
-12.887684
-12.538172
-12.105296
-11.571364
-10.916695
-10.120667
-9.163841
-8.031727
-6.720887
-5.263475
-3.759905
-2.322418
-1.022334
0.076508
0.930234
1.523882
1.873777
2.023408
2.034003
1.970457
1.887936
1.826733
1.753388
1.602025
1.304837
0.805022
0.067262
-0.915421
-2.119601
-3.495454
-4.976675
-6.462041
-7.827016
-9.017346
-10.027705
-10.868591
-11.558376
-12.118193
-12.568975
-12.929904
-13.217745
-13.446698
-13.628538
-13.772884
-13.723591
-13.847978
-13.701124
-13.518418
-13.291026
-13.008159
-12.656795
-12.221491
-11.684386
-11.025585
-10.224203
-9.260488
-8.119587
-6.797677
-5.326760
-3.807747
-2.353711
-1.036884
0.077652
0.944726
1.548385
1.904566
2.057050
2.067928
2.003251
1.919298
1.857135
1.782632
1.628662
1.326278
0.817966
0.068310
-0.929108
-2.149769
-3.542552
-5.040001
-6.539738
-7.916445
-9.115988
-10.133462
-10.979779
-11.673667
-12.236556
-12.689621
-13.052233
-13.341305
-13.571151
-13.753633
-13.898436
-13.847978
-13.971933
-13.824467
-13.640955
-13.412502
-13.128237
-12.775037
-12.337324
-11.797069
-11.134164
-10.327464
-9.356902
-8.207265
-6.874345
-5.389986
-3.855589
-2.385039
-1.051473
0.078801
0.959304
1.573080
1.935657
2.091091
2.102323
2.036557
1.951171
1.888012
1.812283
1.655613
1.347928
0.831012
0.069364
-0.942852
-2.180015
-3.589704
-5.103324
-6.617361
-8.005730
-9.214425
-10.238965
-11.090671
-11.788628
-12.354564
-12.809891
-13.174169
-13.464458
-13.695187
-13.878302
-14.023555
-13.971933
-14.095459
-13.947387
-13.763077
-13.533572
-13.247921
-12.892899
-12.452796
-11.909414
-11.242434
-10.430451
-9.453085
-8.294762
-6.950889
-5.453150
-3.903427
-2.416401
-1.066097
0.079954
0.973967
1.597965
1.967046
2.125528
2.137190
2.070375
1.983557
1.919363
1.842339
1.682879
1.369786
0.844158
0.070425
-0.956652
-2.210336
-3.636907
-5.166643
-6.694909
-8.094872
-9.312659
-10.344214
-11.201269
-11.903263
-12.472219
-12.929786
-13.295714
-13.587208
-13.818808
-14.002549
-14.148246
-14.095459
-14.218560
-14.069888
-13.884787
-13.654238
-13.367214
-13.010384
-12.567910
-12.021423
-11.350396
-10.533164
-9.549035
-8.382075
-7.027307
-5.516250
-3.951258
-2.447794
-1.080756
0.081112
0.988714
1.623038
1.998734
2.160362
2.172528
2.104705
2.016457
1.951189
1.872802
1.710458
1.391853
0.857403
0.071491
-0.970506
-2.240729
-3.684157
-5.229954
-6.772378
-8.183866
-9.410687
-10.449210
-11.311573
-12.017571
-12.589521
-13.049309
-13.416870
-13.709555
-13.942018
-14.126377
-14.272511
-14.218560
-14.341240
-14.191974
-14.006088
-13.774505
-13.486118
-13.127495
-12.682667
-12.133098
-11.458052
-10.635604
-9.644752
-8.469205
-7.103597
-5.579285
-3.999081
-2.479217
-1.095450
0.082275
1.003544
1.648298
2.030718
2.195592
2.208336
2.139548
2.049870
1.983491
1.903670
1.738351
1.414126
0.870747
0.072563
-0.984415
-2.271192
-3.731451
-5.293253
-6.849766
-8.272713
-9.508509
-10.553951
-11.421583
-12.131554
-12.706473
-13.168462
-13.537640
-13.831505
-14.064820
-14.249788
-14.396354
-14.341240
-14.463501
-14.313646
-14.126983
-13.894375
-13.604637
-13.244235
-12.797069
-12.244441
-11.565402
-10.737772
-9.740238
-8.556151
-7.179760
-5.642252
-4.046893
-2.510667
-1.110175
0.083442
1.018456
1.673743
2.062998
2.231216
2.244615
2.174904
2.083796
2.016268
1.934944
1.766556
1.436604
0.884189
0.073642
-0.998377
-2.301722
-3.778785
-5.356537
-6.927072
-8.361411
-9.606125
-10.658438
-11.531301
-12.245215
-12.823078
-13.287246
-13.658027
-13.953059
-14.187216
-14.372787
-14.519779
-14.463501
-14.585347
-14.434909
-14.247476
-14.013851
-13.722772
-13.360605
-12.911120
-12.355453
-11.672448
-10.839668
-9.835493
-8.642913
-7.255793
-5.705149
-4.094691
-2.542141
-1.124932
0.084613
1.033449
1.699372
2.095571
2.267233
2.281364
2.210772
2.118237
2.049519
1.966622
1.795073
1.459287
0.897728
0.074726
-1.012390
-2.332318
-3.826158
-5.419804
-7.004291
-8.449957
-9.703534
-10.762672
-11.640728
-12.358553
-12.939336
-13.405665
-13.778032
-14.074219
-14.309210
-14.495376
-14.642788
-14.585347
-14.706782
-14.555765
-14.367569
-14.132936
-13.840526
-13.476608
-13.024820
-12.466136
-11.779191
-10.941294
-9.930515
-8.729490
-7.331695
-5.767974
-4.142474
-2.573639
-1.139719
0.085788
1.048520
1.725182
2.128437
2.303644
2.318582
2.247152
2.153191
2.083246
1.998706
1.823901
1.482174
0.911363
0.075816
-1.026453
-2.362976
-3.873565
-5.483050
-7.081423
-8.538352
-9.800735
-10.866652
-11.749864
-12.471570
-13.055249
-13.523721
-13.897659
-14.194990
-14.430805
-14.617559
-14.765385
-14.706782
-14.827809
-14.676219
-14.487265
-14.251632
-13.957903
-13.592246
-13.138172
-12.576491
-11.885633
-11.042650
-10.025307
-8.815882
-7.407466
-5.830726
-4.190239
-2.605158
-1.154535
0.086968
1.063670
1.751173
2.161594
2.340446
2.356268
2.284045
2.188660
2.117448
2.031193
1.853039
1.505263
0.925093
0.076911
-1.040565
-2.393694
-3.921003
-5.546273
-7.158465
-8.626592
-9.897728
-10.970379
-11.858711
-12.584269
-13.170820
-13.641415
-14.016911
-14.315373
-14.552003
-14.739338
-14.887573
-14.827809
-14.948430
-14.796273
-14.606568
-14.369943
-14.074905
-13.707522
-13.251179
-12.686521
-11.991775
-11.143738
-10.119867
-8.902088
-7.483103
-5.893403
-4.237984
-2.636696
-1.169380
0.088151
1.078897
1.777342
2.195039
2.377638
2.394424
2.321449
2.224642
2.152124
2.064084
1.882486
1.528553
0.938917
0.078012
-1.054725
-2.424471
-3.968471
-5.609469
-7.235414
-8.714679
-9.994513
-11.073854
-11.967268
-12.696649
-13.286049
-13.758750
-14.135788
-14.435371
-14.672807
-14.860717
-15.009356
-14.948430
-15.068650
-14.915929
-14.725480
-14.487872
-14.191534
-13.822438
-13.363841
-12.796227
-12.097618
-11.244557
-10.214197
-8.988108
-7.558607
-5.956004
-4.285707
-2.668251
-1.184251
0.089339
1.094200
1.803688
2.228772
2.415219
2.433046
2.359366
2.261138
2.187275
2.097379
1.912240
1.552044
0.952835
0.079119
-1.068933
-2.455303
-4.015964
-5.672636
-7.312269
-8.802609
-10.091090
-11.177076
-12.075538
-12.808714
-13.400940
-13.875728
-14.254294
-14.554987
-14.793221
-14.981698
-15.130736
-15.068650
-15.188472
-15.035193
-14.844005
-14.605420
-14.307793
-13.936996
-13.476162
-12.905611
-12.203163
-11.345109
-10.308297
-9.073942
-7.633976
-6.018526
-4.333406
-2.699821
-1.199147
0.090530
1.109577
1.830209
2.262791
2.453188
2.472136
2.397794
2.298147
2.222900
2.131075
1.942302
1.575733
0.966845
0.080230
-1.083185
-2.486189
-4.063480
-5.735771
-7.389028
-8.890382
-10.187457
-11.280047
-12.183521
-12.920463
-13.515493
-13.992351
-14.372432
-14.674223
-14.913247
-15.102285
-15.251717
-15.188472
-15.307898
-15.154065
-14.962145
-14.722591
-14.423684
-14.051199
-13.588142
-13.014675
-12.308412
-11.445395
-10.402167
-9.159590
-7.709209
-6.080968
-4.381079
-2.731405
-1.214069
0.091725
1.125028
1.856903
2.297093
2.491544
2.511691
2.436733
2.335669
2.258999
2.165173
1.972670
1.599620
0.980947
0.081348
-1.097483
-2.517125
-4.111017
-5.798873
-7.465689
-8.977997
-10.283615
-11.382765
-12.291218
-13.031898
-13.629711
-14.108621
-14.490203
-14.793082
-15.032887
-15.222480
-15.372301
-15.307898
-15.426931
-15.272550
-15.079903
-14.839388
-14.539210
-14.165049
-13.699785
-13.123420
-12.413366
-11.545415
-10.495807
-9.245051
-7.784306
-6.143329
-4.428725
-2.763001
-1.229014
0.092923
1.140551
1.883768
2.331677
2.530284
2.551711
2.476182
2.373704
2.295571
2.199672
2.003343
1.623704
0.995139
0.082470
-1.111824
-2.548111
-4.158572
-5.861937
-7.542251
-9.065454
-10.379564
-11.485233
-12.398630
-13.143022
-13.743595
-14.224540
-14.607610
-14.911567
-15.152146
-15.342287
-15.492492
-15.426931
-15.545576
-15.390650
-15.197282
-14.955812
-14.654374
-14.278548
-13.811092
-13.231848
-12.518027
-11.645171
-10.589218
-9.330326
-7.859266
-6.205607
-4.476341
-2.794606
-1.243982
0.094125
1.156144
1.910802
2.366541
2.569408
2.592195
2.516141
2.412252
2.332615
2.234571
2.034319
1.647982
1.009420
0.083598
-1.126207
-2.579144
-4.206141
-5.924963
-7.618711
-9.152750
-10.475303
-11.587450
-12.505757
-13.253835
-13.857147
-14.340110
-14.724655
-15.029680
-15.271024
-15.461709
-15.612293
-15.545576
-15.663835
-15.508368
-15.314284
-15.071868
-14.769177
-14.391699
-13.922065
-13.339960
-12.622395
-11.744663
-10.682401
-9.415413
-7.934088
-6.267802
-4.523926
-2.826221
-1.258971
0.095331
1.171808
1.938004
2.401684
2.608914
2.633142
2.556609
2.451311
2.370131
2.269868
2.065598
1.672454
1.023790
0.084730
-1.140631
-2.610221
-4.253723
-5.987948
-7.695068
-9.239886
-10.570832
-11.689417
-12.612602
-13.364338
-13.970368
-14.455334
-14.841341
-15.147424
-15.389526
-15.580747
-15.731706
-15.663835
-15.781710
-15.625707
-15.430913
-15.187557
-14.883623
-14.504503
-14.032707
-13.447759
-12.726473
-11.843892
-10.775355
-9.500314
-8.008771
-6.329911
-4.571479
-2.857841
-1.273981
0.096540
1.187540
1.965372
2.437103
2.648800
2.674550
2.597585
2.490881
2.408119
2.305564
2.097177
1.697118
1.038248
0.085868
-1.155095
-2.641341
-4.301316
-6.050889
-7.771320
-9.326861
-10.666152
-11.791134
-12.719165
-13.474533
-14.083262
-14.570214
-14.957670
-15.264801
-15.507653
-15.699405
-15.850735
-15.781710
-15.899205
-15.742670
-15.547172
-15.302882
-14.997714
-14.616963
-14.143018
-13.555246
-12.830261
-11.942860
-10.868082
-9.585028
-8.083314
-6.391934
-4.618996
-2.889467
-1.289010
0.097752
1.203339
1.992903
2.472795
2.689065
2.716419
2.639068
2.530962
2.446576
2.341657
2.129057
1.721974
1.052792
0.087010
-1.169598
-2.672501
-4.348916
-6.113784
-7.847466
-9.413673
-10.761261
-11.892601
-12.825447
-13.584422
-14.195828
-14.684750
-15.073644
-15.381813
-15.625409
-15.817687
-15.969383
-15.899205
-16.016323
-15.859260
-15.663062
-15.417846
-15.111452
-14.729082
-14.253002
-13.662423
-12.933761
-12.041567
-10.960581
-9.669555
-8.157718
-6.453869
-4.666478
-2.921097
-1.304058
0.098967
1.219204
2.020596
2.508760
2.729706
2.758747
2.681058
2.571552
2.485504
2.378145
2.161234
1.747018
1.067421
0.088157
-1.184139
-2.703700
-4.396521
-6.176632
-7.923505
-9.500322
-10.856161
-11.993820
-12.931448
-13.694005
-14.308069
-14.798946
-15.189265
-15.498464
-15.742796
-15.935593
-16.087652
-16.016323
-16.133067
-15.975480
-15.778587
-15.532451
-15.224839
-14.840860
-14.362659
-13.769291
-13.036974
-12.140014
-11.052853
-9.753895
-8.231981
-6.515715
-4.713922
-2.952728
-1.319124
0.100186
1.235134
2.048449
2.544995
2.770722
2.801533
2.723554
2.612651
2.524899
2.415028
2.193709
1.772251
1.082135
0.089309
-1.198717
-2.734935
-4.444129
-6.239429
-7.999435
-9.586808
-10.950850
-12.094791
-13.037171
-13.803285
-14.419988
-14.912804
-15.304536
-15.614755
-15.859816
-16.053129
-16.205545
-16.133067
-16.249439
-16.091332
-15.893750
-15.646700
-15.337878
-14.952301
-14.471992
-13.875852
-13.139901
-12.238203
-11.144899
-9.838047
-8.306104
-6.577472
-4.761327
-2.984360
-1.334206
0.101407
1.251127
2.076459
2.581497
2.812112
2.844774
2.766554
2.654258
2.564763
2.452304
2.226478
1.797670
1.096932
0.090466
-1.213330
-2.766205
-4.491738
-6.302175
-8.075254
-9.673129
-11.045330
-12.195514
-13.142615
-13.912263
-14.531584
-15.026325
-15.419459
-15.730690
-15.976473
-16.170295
-16.323065
-16.249439
-16.365443
-16.206819
-16.008552
-15.760595
-15.450572
-15.063407
-14.581003
-13.982107
-13.242544
-12.336133
-11.236720
-9.922013
-8.380084
-6.639137
-4.808691
-3.015991
-1.349304
0.102631
1.267183
2.104625
2.618264
2.853872
2.888471
2.810057
2.696372
2.605093
2.489972
2.259542
1.823274
1.111811
0.091627
-1.227978
-2.797508
-4.539346
-6.364867
-8.150962
-9.759285
-11.139600
-12.295991
-13.247782
-14.020939
-14.642861
-15.139512
-15.534036
-15.846269
-16.092768
-16.287095
-16.440216
-16.365443
-16.481081
-16.321944
-16.122997
-15.874138
-15.562922
-15.174179
-14.689694
-14.088059
-13.344905
-12.433806
-11.328315
-10.005792
-8.453923
-6.700711
-4.856014
-3.047620
-1.364417
0.103858
1.283300
2.132944
2.655295
2.896001
2.932621
2.854062
2.738992
2.645888
2.528031
2.292897
1.849060
1.126771
0.092792
-1.242659
-2.828841
-4.586950
-6.427504
-8.226557
-9.845277
-11.233660
-12.396220
-13.352674
-14.129316
-14.753819
-15.252366
-15.648269
-15.961497
-16.208705
-16.403531
-16.556999
-16.481081
-16.596356
-16.436709
-16.237087
-15.987333
-15.674931
-15.284620
-14.798066
-14.193708
-13.446983
-12.531223
-11.419686
-10.089384
-8.527619
-6.762192
-4.903293
-3.079244
-1.379543
0.105088
1.299476
2.161415
2.692586
2.938496
2.977222
2.898567
2.782117
2.687148
2.566478
2.326543
1.875029
1.141812
0.093962
-1.257373
-2.860203
-4.634548
-6.490083
-8.302038
-9.931102
-11.327510
-12.496204
-13.457290
-14.237394
-14.864462
-15.364889
-15.762160
-16.076374
-16.324285
-16.519606
-16.673417
-16.596356
-16.711270
-16.551118
-16.350825
-16.100181
-15.786601
-15.394732
-14.906122
-14.299057
-13.548781
-12.628385
-11.510832
-10.172790
-8.601173
-6.823579
-4.950527
-3.110864
-1.394683
0.106321
1.315711
2.190035
2.730136
2.981357
3.022272
2.943572
2.825745
2.728870
2.605314
2.360477
1.901177
1.156931
0.095135
-1.272118
-2.891591
-4.682138
-6.552604
-8.377404
-10.016761
-11.421150
-12.595943
-13.561632
-14.345176
-14.974789
-15.477084
-15.875713
-16.190904
-16.439512
-16.635323
-16.789473
-16.711270
-16.825827
-16.665173
-16.464213
-16.212685
-15.897934
-15.504517
-15.013863
-14.404106
-13.650300
-12.725293
-11.601755
-10.256008
-8.674583
-6.884872
-4.997716
-3.142477
-1.409834
0.107555
1.332003
2.218802
2.767942
3.024579
3.067770
2.989075
2.869875
2.771054
2.644535
2.394699
1.927504
1.172128
0.096314
-1.286894
-2.923005
-4.729719
-6.615063
-8.452653
-10.102253
-11.514581
-12.695437
-13.665701
-14.452662
-15.084803
-15.588951
-15.988927
-16.305089
-16.554387
-16.750684
-16.905170
-16.825827
-16.940030
-16.778876
-16.577253
-16.324847
-16.008933
-15.613977
-15.121290
-14.508859
-13.751541
-12.821947
-11.692455
-10.339041
-8.747850
-6.946069
-5.044857
-3.174082
-1.424997
0.108793
1.348352
2.247715
2.806001
3.068162
3.113714
3.035074
2.914507
2.813698
2.684140
2.429205
1.954007
1.187401
0.097496
-1.301698
-2.954442
-4.777287
-6.677460
-8.527786
-10.187578
-11.607803
-12.794687
-13.769499
-14.559854
-15.194506
-15.700494
-16.101807
-16.418930
-16.668913
-16.865691
-17.020511
-16.940030
-17.053880
-16.892230
-16.689949
-16.436670
-16.119600
-15.723114
-15.228407
-14.613315
-13.852506
-12.918350
-11.782932
-10.421887
-8.820973
-7.007170
-5.091950
-3.205678
-1.440170
0.110033
1.364755
2.276770
2.844310
3.112102
3.160102
3.081568
2.959638
2.856800
2.724129
2.463995
1.980685
1.202750
0.098682
-1.316531
-2.985901
-4.824842
-6.739793
-8.602800
-10.272736
-11.700815
-12.893694
-13.873025
-14.666754
-15.303898
-15.811714
-16.214354
-16.532431
-16.783093
-16.980348
-17.135497
-17.053880
-17.167380
-17.005238
-16.802303
-16.548156
-16.229936
-15.831929
-15.335215
-14.717477
-13.953195
-13.014501
-11.873188
-10.504546
-8.893952
-7.068173
-5.138993
-3.237264
-1.455353
0.111275
1.381212
2.305966
2.882868
3.156397
3.206932
3.128555
3.005266
2.900360
2.764497
2.499065
2.007535
1.218174
0.099872
-1.331392
-3.017380
-4.872382
-6.802061
-8.677695
-10.357726
-11.793619
-12.992458
-13.976282
-14.773362
-15.412983
-15.922613
-16.326569
-16.645594
-16.896929
-17.094657
-17.250133
-17.167380
-17.280534
-17.117901
-16.914317
-16.659308
-16.339945
-15.940426
-15.441715
-14.821347
-14.053611
-13.110401
-11.963222
-10.587020
-8.966786
-7.129079
-5.185986
-3.268838
-1.470545
0.112519
1.397721
2.335300
2.921672
3.201045
3.254201
3.176032
3.051391
2.944374
2.805245
2.534415
2.034557
1.233670
0.101065
-1.346278
-3.048876
-4.919904
-6.864261
-8.752470
-10.442547
-11.886213
-13.090980
-14.079270
-14.879680
-15.521761
-16.033192
-16.438456
-16.758420
-17.010423
-17.208619
-17.364419
-17.280534
-17.393343
-17.230224
-17.025993
-16.770127
-16.449628
-16.048606
-15.547909
-14.924925
-14.153753
-13.206052
-12.053036
-10.669308
-9.039476
-7.189887
-5.232927
-3.300400
-1.485744
0.113765
1.414281
2.364771
2.960719
3.246043
3.301907
3.223999
3.098011
2.988843
2.846370
2.570042
2.061748
1.249239
0.102263
-1.361190
-3.080389
-4.967407
-6.926393
-8.827124
-10.527200
-11.978599
-13.189260
-14.181989
-14.985709
-15.630234
-16.143454
-16.550015
-16.870911
-17.123577
-17.322238
-17.478359
-17.393343
-17.505810
-17.342207
-17.137334
-16.880615
-16.558987
-16.156470
-15.653799
-15.028214
-14.253625
-13.301455
-12.142630
-10.751411
-9.112020
-7.250595
-5.279815
-3.331947
-1.500951
0.115013
1.430891
2.394376
3.000006
3.291389
3.350049
3.272453
3.145124
3.033763
2.887870
2.605944
2.089106
1.264878
0.103464
-1.376126
-3.111917
-5.014889
-6.988456
-8.901657
-10.611684
-12.070777
-13.287299
-14.284442
-15.091450
-15.738404
-16.253400
-16.661250
-16.983072
-17.236395
-17.435517
-17.591955
-17.505810
-17.617939
-17.453854
-17.248342
-16.990776
-16.668025
-16.264022
-15.759387
-15.131214
-14.353226
-13.396610
-12.232004
-10.833328
-9.184420
-7.311203
-5.326650
-3.363480
-1.516164
0.116264
1.447549
2.424113
3.039530
3.337079
3.398623
3.321393
3.192728
3.079133
2.929742
2.642119
2.116629
1.280587
0.104668
-1.391085
-3.143458
-5.062348
-7.050447
-8.976066
-10.695999
-12.162747
-13.385099
-14.386629
-15.196906
-15.846271
-16.363032
-16.772161
-17.094902
-17.348877
-17.548456
-17.705210
-17.617939
-17.729730
-17.565167
-17.359020
-17.100611
-16.776743
-16.371262
-15.864675
-15.233928
-14.452558
-13.491519
-12.321159
-10.915060
-9.256674
-7.371711
-5.373430
-3.394996
-1.531382
0.117516
1.464255
2.453979
3.079290
3.383110
3.447627
3.370816
3.240821
3.124951
2.971986
2.678564
2.144316
1.296365
0.105876
-1.406066
-3.175011
-5.109784
-7.112365
-9.050353
-10.780145
-12.254508
-13.482659
-14.488552
-15.302077
-15.953839
-16.472353
-16.882752
-17.206404
-17.461027
-17.661060
-17.818125
-17.729730
-17.841187
-17.676148
-17.469369
-17.210123
-16.885144
-16.478193
-15.969663
-15.336356
-14.551622
-13.586181
-12.410097
-10.996607
-9.328783
-7.432118
-5.420154
-3.426496
-1.546606
0.118770
1.481007
2.483972
3.119281
3.429481
3.497059
3.420719
3.289401
3.171214
3.014598
2.715278
2.172165
1.312209
0.107088
-1.421069
-3.206573
-5.157193
-7.174210
-9.124515
-10.864122
-12.346062
-13.579980
-14.590210
-15.406964
-16.061108
-16.581363
-16.993024
-17.317582
-17.572847
-17.773329
-17.930705
-17.841187
-17.952312
-17.786800
-17.579393
-17.319313
-16.993230
-16.584817
-16.074355
-15.438501
-14.650421
-13.680600
-12.498816
-11.077969
-9.400746
-7.492423
-5.466821
-3.457977
-1.561833
0.120025
1.497804
2.514091
3.159501
3.476188
3.546915
3.471102
3.338466
3.217922
3.057576
2.752258
2.200173
1.328120
0.108302
-1.436093
-3.238144
-5.204575
-7.235980
-9.198552
-10.947928
-12.437409
-13.677063
-14.691606
-15.511570
-16.168080
-16.690065
-17.102979
-17.428435
-17.684339
-17.885268
-18.042950
-17.952312
-18.063107
-17.897125
-17.689093
-17.428184
-17.101002
-16.691135
-16.178751
-15.540364
-14.748953
-13.774774
-12.587319
-11.159147
-9.472563
-7.552626
-5.513431
-3.489438
-1.577064
0.121283
1.514645
2.544332
3.199947
3.523227
3.597194
3.521960
3.388015
3.265071
3.100918
2.789502
2.228338
1.344096
0.109520
-1.451135
-3.269723
-5.251928
-7.297673
-9.272464
-11.031565
-12.528549
-13.773909
-14.792740
-15.615894
-16.274757
-16.798460
-17.212619
-17.538968
-17.795505
-17.996876
-18.154864
-18.063107
-18.173576
-18.007125
-17.798472
-17.536738
-17.208463
-16.797149
-16.282854
-15.641946
-14.847222
-13.868706
-12.675605
-11.240141
-9.544235
-7.612726
-5.559982
-3.520880
-1.592298
0.122541
1.531528
2.574694
3.240616
3.570597
3.647892
3.573293
3.438044
3.312659
3.144622
2.827006
2.256659
1.360135
0.110741
-1.466197
-3.301306
-5.299250
-7.359289
-9.346250
-11.115032
-12.619482
-13.870518
-14.893614
-15.719940
-16.381139
-16.906550
-17.321945
-17.649181
-17.906347
-18.108158
-18.266448
-18.173576
-18.283719
-18.116803
-17.907531
-17.644978
-17.315615
-16.902861
-16.386664
-15.743249
-14.945228
-13.962396
-12.763676
-11.320951
-9.615760
-7.672723
-5.606474
-3.552301
-1.607533
0.123802
1.548452
2.605174
3.281506
3.618294
3.699007
3.625097
3.488551
3.360684
3.188685
2.864770
2.285133
1.376236
0.111965
-1.481276
-3.332894
-5.346541
-7.420827
-9.419909
-11.198330
-12.710209
-13.966891
-14.994227
-15.823706
-16.487229
-17.014337
-17.430960
-17.759077
-18.016867
-18.219115
-18.377706
-18.283719
-18.393541
-18.226161
-18.016274
-17.752904
-17.422460
-17.008274
-16.490185
-15.844274
-15.042973
-14.055845
-12.851531
-11.401577
-9.687139
-7.732616
-5.652906
-3.583699
-1.622770
0.125063
1.565417
2.635769
3.322613
3.666314
3.750536
3.677369
3.539535
3.409144
3.233105
2.902790
2.313759
1.392399
0.113191
-1.496372
-3.364485
-5.393798
-7.482285
-9.493441
-11.281456
-12.800729
-14.063028
-15.094582
-15.927196
-16.593028
-17.121822
-17.539666
-17.868658
-18.127068
-18.329750
-18.488638
-18.393541
-18.503042
-18.335201
-18.124702
-17.860520
-17.528999
-17.113388
-16.593416
-15.945022
-15.140457
-14.149054
-12.939172
-11.482020
-9.758372
-7.792405
-5.699278
-3.615074
-1.638008
0.126326
1.582420
2.666478
3.363934
3.714656
3.802475
3.730108
3.590991
3.458036
3.277878
2.941064
2.342533
1.408622
0.114421
-1.511483
-3.396077
-5.441021
-7.543663
-9.566845
-11.364413
-12.891044
-14.158931
-15.194680
-16.030411
-16.698538
-17.229008
-17.648065
-17.977926
-18.236952
-18.440065
-18.599249
-18.503042
-18.612225
-18.443925
-18.232817
-17.967827
-17.635235
-17.218206
-16.696361
-16.045496
-15.237682
-14.242024
-13.026599
-11.562281
-9.829459
-7.852090
-5.745587
-3.646425
-1.653245
0.127591
1.599461
2.697299
3.405466
3.763314
3.854821
3.783310
3.642919
3.507358
3.323003
2.979589
2.371455
1.424903
0.115653
-1.526610
-3.427669
-5.488208
-7.604959
-9.640120
-11.447199
-12.981154
-14.254600
-15.294520
-16.133351
-16.803760
-17.335895
-17.756158
-18.086883
-18.346521
-18.550061
-18.709539
-18.612225
-18.721093
-18.552336
-18.340622
-18.074827
-17.741169
-17.322730
-16.799020
-16.145697
-15.334649
-14.334756
-13.113813
-11.642358
-9.900399
-7.911669
-5.791834
-3.677752
-1.668482
0.128856
1.616539
2.728228
3.447206
3.812286
3.907572
3.836972
3.695316
3.557106
3.368476
3.018363
2.400521
1.441242
0.116888
-1.541751
-3.459259
-5.535357
-7.666172
-9.713267
-11.529815
-13.071058
-14.350035
-15.394105
-16.236017
-16.908696
-17.442487
-17.863947
-18.195530
-18.455776
-18.659742
-18.819511
-18.721093
-18.829648
-18.660436
-18.448118
-18.181523
-17.846804
-17.426961
-16.901395
-16.245625
-15.431360
-14.427251
-13.200815
-11.722253
-9.971193
-7.971143
-5.838018
-3.709053
-1.683718
0.130123
1.633652
2.759264
3.489150
3.861569
3.960725
3.891092
3.748178
3.607278
3.414295
3.057382
2.429730
1.457637
0.118125
-1.556905
-3.490847
-5.582468
-7.727302
-9.786284
-11.612261
-13.160757
-14.445238
-15.493435
-16.338412
-17.013346
-17.548783
-17.971434
-18.303870
-18.564721
-18.769109
-18.929168
-18.829648
-18.937892
-18.768228
-18.555309
-18.287916
-17.952141
-17.530900
-17.003488
-16.345282
-15.527814
-14.519509
-13.287604
-11.801966
-10.041841
-8.030511
-5.884138
-3.740327
-1.698951
0.131390
1.650799
2.790403
3.531297
3.911158
4.014275
3.945666
3.801502
3.657872
3.460458
3.096644
2.459080
1.474088
0.119365
-1.572071
-3.522431
-5.629539
-7.788348
-9.859171
-11.694536
-13.250253
-14.540209
-15.592512
-16.440537
-17.117713
-17.654787
-18.078621
-18.411905
-18.673357
-18.878164
-19.038512
-18.937892
-19.045827
-18.875712
-18.662195
-18.394009
-18.057183
-17.634551
-17.105300
-16.444671
-15.624015
-14.611533
-13.374182
-11.881498
-10.112343
-8.089773
-5.930194
-3.771574
-1.714183
0.132659
1.667979
2.821645
3.573642
3.961052
4.068219
4.000692
3.855287
3.708884
3.506960
3.136147
2.488567
1.490592
0.120607
-1.587250
-3.554010
-5.676568
-7.849308
-9.931928
-11.776640
-13.339544
-14.634949
-15.691336
-16.542392
-17.221798
-17.760499
-18.185510
-18.519637
-18.781685
-18.986910
-19.147544
-19.045827
-19.153455
-18.982891
-18.768779
-18.499803
-18.161931
-17.737914
-17.206833
-16.543791
-15.719962
-14.703321
-13.460550
-11.960848
-10.182697
-8.148929
-5.976185
-3.802793
-1.729411
0.133928
1.685191
2.852986
3.616182
4.011245
4.122554
4.056166
3.909529
3.760312
3.553799
3.175888
2.518191
1.507149
0.121852
-1.602439
-3.585582
-5.723556
-7.910182
-10.004554
-11.858574
-13.428631
-14.729458
-15.789908
-16.643979
-17.325603
-17.865921
-18.292102
-18.627067
-18.889709
-19.095348
-19.256267
-19.153455
-19.260779
-19.089768
-18.875063
-18.605301
-18.266386
-17.840991
-17.308089
-16.642645
-15.815657
-14.794877
-13.546708
-12.040017
-10.252906
-8.207977
-6.022110
-3.833983
-1.744635
0.135199
1.702434
2.884425
3.658915
4.061735
4.177277
4.112085
3.964224
3.812152
3.600972
3.215863
2.547948
1.523757
0.123099
-1.617638
-3.617147
-5.770500
-7.970969
-10.077049
-11.940338
-13.517516
-14.823738
-15.888229
-16.745299
-17.429129
-17.971056
-18.398400
-18.734198
-18.997430
-19.203481
-19.364683
-19.260779
-19.367801
-19.196345
-18.981049
-18.710504
-18.370552
-17.943784
-17.409069
-16.741234
-15.911102
-14.886200
-13.632656
-12.119005
-10.322968
-8.266919
-6.067968
-3.865144
-1.759855
0.136470
1.719706
2.915958
3.701836
4.112518
4.232384
4.168445
4.019370
3.864401
3.648476
3.256070
2.577837
1.540415
0.124348
-1.632846
-3.648703
-5.817399
-8.031668
-10.149412
-12.021931
-13.606197
-14.917788
-15.986301
-16.846354
-17.532377
-18.075903
-18.504404
-18.841031
-19.104850
-19.311311
-19.472794
-19.367801
-19.474522
-19.302623
-19.086738
-18.815414
-18.474429
-18.046294
-17.509774
-16.839560
-16.006296
-14.977291
-13.718395
-12.197813
-10.392884
-8.325753
-6.113760
-3.896274
-1.775070
0.137741
1.737007
2.947584
3.744943
4.163589
4.287871
4.225244
4.074964
3.917057
3.696308
3.296506
2.607855
1.557122
0.125599
-1.648063
-3.680248
-5.864253
-8.092279
-10.221643
-12.103354
-13.694676
-15.011611
-16.084124
-16.947144
-17.635349
-18.180466
-18.610118
-18.947569
-19.211971
-19.418840
-19.580603
-19.474522
-19.580946
-19.408605
-19.192134
-18.920033
-18.578019
-18.148524
-17.610207
-16.937623
-16.101242
-15.068152
-13.803927
-12.276441
-10.462654
-8.384479
-6.159484
-3.927373
-1.790280
0.139014
1.754336
2.979300
3.788232
4.214946
4.343734
4.282477
4.131002
3.970116
3.744464
3.337167
2.638001
1.573876
0.126852
-1.663287
-3.711783
-5.911060
-8.152800
-10.293742
-12.184606
-13.782953
-15.105205
-16.181699
-17.047671
-17.738046
-18.284746
-18.715542
-19.053812
-19.318796
-19.526070
-19.688111
-19.580946
-19.687073
-19.514292
-19.297238
-19.024363
-18.681325
-18.250475
-17.710368
-17.035425
-16.195941
-15.158782
-13.889251
-12.354890
-10.532277
-8.443097
-6.205140
-3.958441
-1.805485
0.140287
1.771691
3.011105
3.831700
4.266585
4.399970
4.340141
4.187481
4.023574
3.792942
3.378052
2.668270
1.590678
0.128106
-1.678518
-3.743306
-5.957820
-8.213231
-10.365708
-12.265688
-13.871028
-15.198573
-16.279028
-17.147936
-17.840470
-18.388744
-18.820678
-19.159764
-19.425325
-19.633003
-19.795320
-19.687073
-19.792907
-19.619687
-19.402052
-19.128406
-18.784348
-18.352149
-17.810260
-17.132967
-16.290393
-15.249184
-13.974368
-12.433159
-10.601754
-8.501607
-6.250727
-3.989476
-1.820682
0.141560
1.789070
3.042994
3.875343
4.318501
4.456575
4.398232
4.244397
4.077428
3.841737
3.419156
2.698662
1.607524
0.129363
-1.693756
-3.774815
-6.004531
-8.273571
-10.437542
-12.346600
-13.958902
-15.291714
-16.376110
-17.247940
-17.942621
-18.492462
-18.925528
-19.265425
-19.531561
-19.739640
-19.902233
-19.792907
-19.898449
-19.724792
-19.506577
-19.232164
-18.887090
-18.453547
-17.909883
-17.230251
-16.384601
-15.339358
-14.059280
-12.511249
-10.671085
-8.560008
-6.296245
-4.020478
-1.835873
0.142834
1.806474
3.074968
3.919160
4.370691
4.513544
4.456748
4.301747
4.131675
3.890847
3.460478
2.729174
1.624415
0.130622
-1.708999
-3.806311
-6.051192
-8.333820
-10.509242
-12.427341
-14.046575
-15.384630
-16.472948
-17.347685
-18.044503
-18.595901
-19.030094
-19.370798
-19.637505
-19.845984
-20.008852
-19.898449
-20.003701
-19.829608
-19.610817
-19.335639
-18.989552
-18.554671
-18.009240
-17.327278
-16.478564
-15.429305
-14.143985
-12.589160
-10.740270
-8.618301
-6.341694
-4.051447
-1.851057
0.144109
1.823902
3.107022
3.963145
4.423151
4.570874
4.515683
4.359528
4.186312
3.940268
3.502013
2.759804
1.641348
0.131882
-1.724246
-3.837790
-6.097802
-8.393977
-10.580809
-12.507912
-14.134048
-15.477320
-16.569542
-17.447171
-18.146115
-18.699063
-19.134377
-19.475885
-19.743161
-19.952037
-20.115178
-20.003701
-20.108665
-19.934139
-19.714772
-19.438832
-19.091737
-18.655522
-18.108331
-17.424049
-16.572284
-15.519026
-14.228486
-12.666894
-10.809309
-8.676484
-6.387073
-4.082381
-1.866232
0.145383
1.841351
3.139155
4.007295
4.475877
4.628561
4.575034
4.417735
4.241334
3.989996
3.543758
2.790549
1.658323
0.133143
-1.739498
-3.869254
-6.144361
-8.454041
-10.652241
-12.588314
-14.221320
-15.569787
-16.665893
-17.546400
-18.247460
-18.801950
-19.238380
-19.580687
-19.848529
-20.057801
-20.221213
-20.108665
-20.213343
-20.038385
-19.818444
-19.541745
-19.193646
-18.756103
-18.207159
-17.520566
-16.665763
-15.608521
-14.312783
-12.744450
-10.878202
-8.734559
-6.432381
-4.113280
-1.881399
0.146658
1.858821
3.171365
4.051609
4.528865
4.686601
4.634797
4.476365
4.296738
4.040029
3.585712
2.821408
1.675338
0.134407
-1.754753
-3.900700
-6.190867
-8.514011
-10.723540
-12.668545
-14.308393
-15.662031
-16.762002
-17.645374
-18.348538
-18.904563
-19.342103
-19.685205
-19.953611
-20.163278
-20.326960
-20.213343
-20.317738
-20.142348
-19.921836
-19.644381
-19.295280
-18.856414
-18.305724
-17.616831
-16.759001
-15.697792
-14.396877
-12.821828
-10.946949
-8.792524
-6.477618
-4.144144
-1.896558
0.147934
1.876311
3.203648
4.096081
4.582111
4.744989
4.694968
4.535413
4.352520
4.090362
3.627869
2.852377
1.692393
0.135671
-1.770011
-3.932128
-6.237320
-8.573888
-10.794704
-12.748607
-14.395267
-15.754051
-16.857871
-17.744092
-18.449351
-19.006904
-19.445549
-19.789443
-20.058410
-20.268469
-20.432421
-20.317738
-20.421850
-20.246031
-20.024950
-19.746740
-19.396642
-18.956458
-18.404029
-17.712843
-16.852000
-15.786840
-14.480767
-12.899029
-11.015551
-8.850379
-6.522783
-4.174972
-1.911707
0.149209
1.893821
3.236004
4.140708
4.635611
4.803722
4.755543
4.594877
4.408677
4.140991
3.670227
2.883454
1.709486
0.136937
-1.785270
-3.963536
-6.283719
-8.633669
-10.865734
-12.828499
-14.481942
-15.845850
-16.953499
-17.842557
-18.549901
-19.108974
-19.548718
-19.893400
-20.162927
-20.373376
-20.537597
-20.421850
-20.525683
-20.349435
-20.127786
-19.848825
-19.497733
-19.056236
-18.502074
-17.808605
-16.944760
-15.875665
-14.564455
-12.976053
-11.084006
-8.908125
-6.567877
-4.205763
-1.926846
0.150485
1.911348
3.268430
4.185488
4.689361
4.862794
4.816517
4.654752
4.465204
4.191914
3.712784
2.914637
1.726615
0.138205
-1.800531
-3.994925
-6.330062
-8.693356
-10.936629
-12.908221
-14.568418
-15.937428
-17.048888
-17.940770
-18.650188
-19.210775
-19.651613
-19.997081
-20.267163
-20.478002
-20.642490
-20.525683
-20.629238
-20.452562
-20.230348
-19.950638
-19.598555
-19.155750
-18.599861
-17.904118
-17.037283
-15.964268
-14.647942
-13.052902
-11.152317
-8.965760
-6.612898
-4.236517
-1.941975
0.151760
1.928892
3.300924
4.230417
4.743357
4.922202
4.877887
4.715034
4.522097
4.243126
3.755534
2.945924
1.743781
0.139473
-1.815793
-4.026292
-6.376350
-8.752947
-11.007390
-12.987774
-14.654697
-16.028785
-17.144039
-18.038732
-18.750215
-19.312307
-19.754236
-20.100485
-20.371122
-20.582348
-20.747103
-20.629238
-20.732516
-20.555415
-20.332636
-20.052180
-19.699110
-19.255000
-18.697392
-17.999383
-17.129570
-16.052651
-14.731228
-13.129574
-11.220482
-9.023286
-6.657847
-4.267233
-1.957094
0.153036
1.946452
3.333482
4.275492
4.797594
4.981941
4.939648
4.775719
4.579353
4.294623
3.798477
2.977313
1.760980
0.140743
-1.831055
-4.057637
-6.422581
-8.812442
-11.078015
-13.067158
-14.740779
-16.119922
-17.238954
-18.136443
-18.849982
-19.413574
-19.856588
-20.203614
-20.474804
-20.686416
-20.851437
-20.732516
-20.835521
-20.657995
-20.434653
-20.153452
-19.799398
-19.353990
-18.794667
-18.094402
-17.221621
-16.140813
-14.814314
-13.206071
-11.288501
-9.080701
-6.702723
-4.297912
-1.972202
0.154311
1.964027
3.366104
4.320708
4.852069
5.042007
5.001796
4.836802
4.636968
4.346402
3.841607
3.008800
1.778214
0.142014
-1.846316
-4.088960
-6.468755
-8.871840
-11.148504
-13.146372
-14.826663
-16.210840
-17.333632
-18.233905
-18.949491
-19.514576
-19.958670
-20.306472
-20.578211
-20.790208
-20.955493
-20.835521
-20.938253
-20.760303
-20.536401
-20.254458
-19.899423
-19.452719
-18.891689
-18.189175
-17.313439
-16.228757
-14.897200
-13.282393
-11.356376
-9.138007
-6.747525
-4.328551
-1.987298
0.155587
1.981616
3.398787
4.366064
4.906777
5.102396
5.064326
4.898280
4.694937
4.398459
3.884922
3.040384
1.795479
0.143286
-1.861576
-4.120259
-6.514870
-8.931141
-11.218859
-13.225418
-14.912351
-16.301539
-17.428075
-18.331120
-19.048743
-19.615314
-20.060484
-20.409058
-20.681345
-20.893726
-21.059275
-20.938253
-21.040715
-20.862342
-20.637880
-20.355197
-19.999185
-19.551191
-18.988459
-18.283704
-17.405024
-16.316483
-14.979887
-13.358540
-11.424106
-9.195201
-6.792253
-4.359152
-2.002382
0.156862
1.999219
3.431529
4.411555
4.961714
5.163101
5.127233
4.960148
4.753256
4.450790
3.928418
3.072062
1.812776
0.144559
-1.876834
-4.151534
-6.560927
-8.990345
-11.289077
-13.304295
-14.997842
-16.392021
-17.522283
-18.428089
-19.147739
-19.715790
-20.162032
-20.511375
-20.784208
-20.996972
-21.162784
-21.040715
-21.142908
-20.964113
-20.739094
-20.455673
-20.098686
-19.649406
-19.084978
-18.377991
-17.496377
-16.403991
-15.062376
-13.434513
-11.491691
-9.252285
-6.836908
-4.389712
-2.017454
0.158137
2.016833
3.464328
4.457178
5.016876
5.224120
5.190514
5.022401
4.811921
4.503391
3.972092
3.103833
1.830102
0.145832
-1.892090
-4.182783
-6.606924
-9.049450
-11.359160
-13.383003
-15.083138
-16.482286
-17.616259
-18.524812
-19.246482
-19.816006
-20.263315
-20.613424
-20.886801
-21.099946
-21.266021
-21.142908
-21.244834
-21.065619
-20.840043
-20.555887
-20.197928
-19.747365
-19.181248
-18.472036
-17.587500
-16.491283
-15.144667
-13.510312
-11.559131
-9.309259
-6.881488
-4.420233
-2.032514
0.159412
2.034459
3.497182
4.502929
5.072259
5.285448
5.254164
5.085036
4.870928
4.556258
4.015941
3.135693
1.847458
0.147107
-1.907343
-4.214006
-6.652860
-9.108457
-11.429107
-13.461542
-15.168239
-16.572335
-17.710002
-18.621290
-19.344971
-19.915964
-20.364336
-20.715208
-20.989127
-21.202652
-21.368988
-21.244834
-21.346495
-21.166861
-20.940730
-20.655840
-20.296912
-19.845071
-19.277270
-18.565841
-17.678393
-16.578360
-15.226761
-13.585938
-11.626426
-9.366121
-6.925993
-4.450714
-2.047561
0.160686
2.052096
3.530088
4.548806
5.127858
5.347079
5.318177
5.148047
4.930272
4.609386
4.059962
3.167640
1.864841
0.148382
-1.922592
-4.245202
-6.698736
-9.167365
-11.498918
-13.539913
-15.253145
-16.662168
-17.803513
-18.717526
-19.443209
-20.015663
-20.465094
-20.816727
-21.091187
-21.305091
-21.471688
-21.346495
-21.447893
-21.267840
-21.041156
-20.755534
-20.395641
-19.942525
-19.373045
-18.659407
-17.769057
-16.665222
-15.308660
-13.661391
-11.693578
-9.422873
-6.970423
-4.481153
-2.062594
0.161960
2.069742
3.563044
4.594806
5.183670
5.409010
5.382549
5.211430
4.989949
4.662773
4.104150
3.199672
1.882251
0.149658
-1.937838
-4.276371
-6.744550
-9.226173
-11.568593
-13.618116
-15.337857
-16.751787
-17.896795
-18.813519
-19.541197
-20.115107
-20.565593
-20.917984
-21.192982
-21.407264
-21.574122
-21.447893
-21.549030
-21.368559
-21.141323
-20.854971
-20.494114
-20.039729
-19.468575
-18.752736
-17.859494
-16.751871
-15.390362
-13.736671
-11.760585
-9.479513
-7.014777
-4.511551
-2.077614
0.163234
2.087396
3.596049
4.640924
5.239689
5.471235
5.447275
5.275180
5.049955
4.716413
4.148503
3.231787
1.899687
0.150935
-1.953079
-4.307512
-6.790302
-9.284882
-11.638132
-13.696151
-15.422376
-16.841191
-17.989846
-18.909272
-19.638936
-20.214296
-20.665833
-21.018979
-21.294515
-21.509173
-21.676291
-21.549030
-21.649907
-21.469020
-21.241232
-20.954153
-20.592335
-20.136683
-19.563861
-18.845828
-17.949704
-16.838306
-15.471869
-13.811779
-11.827448
-9.536043
-7.059056
-4.541907
-2.092620
0.164508
2.105059
3.629100
4.687157
5.295912
5.533749
5.512351
5.339293
5.110284
4.770303
4.193017
3.263983
1.917147
0.152212
-1.968314
-4.338623
-6.835991
-9.343490
-11.707534
-13.774019
-15.506700
-16.930382
-18.082670
-19.004785
-19.736427
-20.313232
-20.765817
-21.119716
-21.395787
-21.610821
-21.778198
-21.649907
-21.750527
-21.569223
-21.340885
-21.053080
-20.690304
-20.233389
-19.658904
-18.938684
-18.039690
-16.924530
-15.553183
-13.886715
-11.894167
-9.592462
-7.103259
-4.572221
-2.107612
0.165781
2.122728
3.662196
4.733503
5.352334
5.596548
5.577772
5.403764
5.170933
4.824438
4.237689
3.296257
1.934630
0.153489
-1.983544
-4.369705
-6.881616
-9.401998
-11.776800
-13.851719
-15.590832
-17.019361
-18.175265
-19.100060
-19.833672
-20.411916
-20.865544
-21.220194
-21.496799
-21.712209
-21.879845
-21.750527
-21.850890
-21.669171
-21.440285
-21.151755
-20.788024
-20.329849
-19.753707
-19.031307
-18.129451
-17.010543
-15.634302
-13.961480
-11.960742
-9.648769
-7.147386
-4.602493
-2.122588
0.167053
2.140403
3.695334
4.779958
5.408951
5.659628
5.643532
5.468588
5.231896
4.878815
4.282516
3.328606
1.952136
0.154767
-1.998768
-4.400757
-6.927178
-9.460405
-11.845929
-13.929251
-15.674772
-17.108127
-18.267635
-19.195097
-19.930672
-20.510350
-20.965018
-21.320416
-21.597554
-21.813338
-21.981232
-21.850890
-21.950998
-21.768865
-21.539432
-21.250180
-20.885495
-20.426065
-19.848269
-19.123697
-18.218989
-17.096345
-15.715229
-14.036074
-12.027175
-9.704965
-7.191437
-4.632721
-2.137550
0.168325
2.158084
3.728512
4.826518
5.465759
5.722982
5.709626
5.533761
5.293170
4.933428
4.327493
3.361029
1.969663
0.156046
-2.013985
-4.431777
-6.972675
-9.518711
-11.914922
-14.006617
-15.758520
-17.196683
-18.359778
-19.289898
-20.027428
-20.608534
-21.064240
-21.420384
-21.698053
-21.914210
-22.082362
-21.950998
-22.050854
-21.868308
-21.638328
-21.348355
-20.982720
-20.522037
-19.942594
-19.215855
-18.308304
-17.181938
-15.795963
-14.110497
-12.093463
-9.761050
-7.235410
-4.662907
-2.152497
0.169596
2.175769
3.761729
4.873181
5.522753
5.786606
5.776051
5.599276
5.354749
4.988275
4.372619
3.393524
1.987211
0.157325
-2.029195
-4.462766
-7.018106
-9.576915
-11.983778
-14.083815
-15.842076
-17.285028
-18.451697
-19.384464
-20.123941
-20.706472
-21.163211
-21.520098
-21.798297
-22.014827
-22.183237
-22.050854
-22.150459
-21.967500
-21.736975
-21.446283
-21.079699
-20.617768
-20.036681
-19.307783
-18.397399
-17.267323
-15.876506
-14.184751
-12.159609
-9.817024
-7.279307
-4.693048
-2.167428
0.170867
2.193458
3.794983
4.919943
5.579930
5.850496
5.842799
5.665130
5.416629
5.043351
4.417888
3.426088
2.004778
0.158604
-2.044398
-4.493723
-7.063472
-9.635018
-12.052498
-14.160848
-15.925442
-17.373163
-18.543391
-19.478795
-20.220213
-20.804163
-21.261932
-21.619562
-21.898289
-22.115190
-22.283857
-22.150459
-22.249815
-22.066444
-21.835375
-21.543965
-21.176435
-20.713258
-20.130532
-19.399482
-18.486274
-17.352501
-15.956857
-14.258835
-12.225612
-9.872886
-7.323127
-4.723146
-2.182343
0.172137
2.211150
3.828271
4.966801
5.637285
5.914647
5.909867
5.731317
5.478805
5.098651
4.463298
3.458718
2.022363
0.159883
-2.059592
-4.524646
-7.108772
-9.693018
-12.121081
-14.237713
-16.008617
-17.461089
-18.634863
-19.572894
-20.316245
-20.901609
-21.360405
-21.718775
-21.998030
-22.215302
-22.384226
-22.249815
-22.348923
-22.165140
-21.933529
-21.641402
-21.272928
-20.808509
-20.224149
-19.490953
-18.574930
-17.437471
-16.037019
-14.332750
-12.291472
-9.928637
-7.366869
-4.753199
-2.197242
0.173406
2.228844
3.861592
5.013753
5.694813
5.979052
5.977249
5.797832
5.541272
5.154171
4.508846
3.491413
2.039965
0.161162
-2.074778
-4.555536
-7.154005
-9.750916
-12.189527
-14.314413
-16.091602
-17.548807
-18.726113
-19.666761
-20.412039
-20.998812
-21.458632
-21.817739
-22.097521
-22.315164
-22.484344
-22.348923
-22.447785
-22.263592
-22.031438
-21.738596
-21.369181
-20.903522
-20.317533
-19.582197
-18.663368
-17.522236
-16.116990
-14.406496
-12.357190
-9.984277
-7.410534
-4.783208
-2.212125
0.174674
2.246540
3.894944
5.060793
5.752510
6.043708
6.044940
5.864670
5.604026
5.209907
4.554528
3.524171
2.057584
0.162442
-2.089954
-4.586392
-7.199171
-9.808711
-12.257836
-14.390946
-16.174398
-17.636318
-18.817142
-19.760397
-20.507595
-21.095773
-21.556614
-21.916457
-22.196764
-22.414776
-22.584213
-22.447785
-22.546403
-22.361799
-22.129105
-21.835550
-21.465195
-20.998299
-20.410686
-19.673216
-18.751589
-17.606796
-16.196773
-14.480073
-12.422765
-10.039805
-7.454120
-4.813172
-2.226991
0.175942
2.264236
3.928324
5.107921
5.810373
6.108610
6.112935
5.931827
5.667061
5.265855
4.600340
3.556989
2.075218
0.163722
-2.105122
-4.617214
-7.244270
-9.866404
-12.326009
-14.467314
-16.257005
-17.723622
-18.907952
-19.853804
-20.602915
-21.192493
-21.654353
-22.014930
-22.295760
-22.514142
-22.683835
-22.546403
-22.644778
-22.459765
-22.226530
-21.932263
-21.560971
-21.092842
-20.503607
-19.764010
-18.839594
-17.691152
-16.276368
-14.553484
-12.488198
-10.095222
-7.497629
-4.843091
-2.241839
0.177209
2.281932
3.961732
5.155132
5.868397
6.173752
6.181228
5.999296
5.730373
5.322010
4.646280
3.589865
2.092867
0.165001
-2.120279
-4.648000
-7.289300
-9.923993
-12.394045
-14.543516
-16.339424
-17.810720
-18.998541
-19.946982
-20.698000
-21.288975
-21.751849
-22.113159
-22.394512
-22.613263
-22.783211
-22.644778
-22.742911
-22.557490
-22.323716
-22.028738
-21.656510
-21.187151
-20.596300
-19.854581
-18.927385
-17.775305
-16.355774
-14.626726
-12.553490
-10.150527
-7.541060
-4.872964
-2.256671
0.178475
2.299628
3.995166
5.202424
5.926577
6.239130
6.249814
6.067073
5.793957
5.378368
4.692344
3.622798
2.110528
0.166281
-2.135426
-4.678750
-7.334262
-9.981478
-12.461945
-14.619554
-16.421655
-17.897612
-19.088913
-20.039933
-20.792851
-21.385218
-21.849105
-22.211145
-22.493021
-22.712140
-22.882344
-22.742911
-22.840806
-22.654976
-22.420664
-22.124977
-21.751815
-21.281228
-20.688765
-19.944930
-19.014961
-17.859255
-16.434994
-14.699802
-12.618640
-10.205721
-7.584412
-4.902791
-2.271485
0.179740
2.317322
4.028623
5.249792
5.984909
6.304738
6.318689
6.135152
5.857808
5.434925
4.738529
3.655784
2.128203
0.167560
-2.150562
-4.709464
-7.379154
-10.038860
-12.529707
-14.695426
-16.503698
-17.984300
-19.179068
-20.132658
-20.887470
-21.481224
-21.946121
-22.308891
-22.591288
-22.810775
-22.981234
-22.840806
-22.938462
-22.752225
-22.517375
-22.220980
-21.846887
-21.375075
-20.781003
-20.035059
-19.102326
-17.943004
-16.514028
-14.772712
-12.683649
-10.260804
-7.627686
-4.932572
-2.286282
0.181004
2.335013
4.062102
5.297236
6.043390
6.370572
6.387846
6.203528
5.921920
5.491676
4.784831
3.688822
2.145889
0.168839
-2.165688
-4.740142
-7.423978
-10.096138
-12.597333
-14.771134
-16.585555
-18.070784
-19.269006
-20.225157
-20.981858
-21.576995
-22.042900
-22.406397
-22.689314
-22.909169
-23.079883
-22.938462
-23.035882
-22.849238
-22.613851
-22.316750
-21.941726
-21.468692
-20.873016
-20.124967
-19.189478
-18.026553
-16.592876
-14.845455
-12.748516
-10.315776
-7.670881
-4.962307
-2.301060
0.182267
2.352703
4.095602
5.344751
6.102015
6.436626
6.457280
6.272196
5.986290
5.548617
4.831247
3.721910
2.163586
0.170118
-2.180801
-4.770782
-7.468731
-10.153312
-12.664823
-14.846678
-16.667225
-18.157065
-19.358728
-20.317433
-21.076015
-21.672533
-22.139442
-22.503666
-22.787102
-23.007324
-23.178293
-23.035882
-23.133067
-22.946016
-22.710094
-22.412287
-22.036335
-21.562082
-20.964805
-20.214658
-19.276420
-18.109901
-16.671539
-14.918033
-12.813243
-10.370636
-7.713997
-4.991995
-2.315820
0.183529
2.370388
4.129120
5.392334
6.160780
6.502896
6.526986
6.341151
6.050912
5.605744
4.877773
3.755045
2.181292
0.171397
-2.195903
-4.801384
-7.513415
-10.210381
-12.732175
-14.922057
-16.748709
-18.243143
-19.448237
-20.409485
-21.169944
-21.767838
-22.235750
-22.600698
-22.884653
-23.105241
-23.276465
-23.133067
-23.230020
-23.042562
-22.806105
-22.507593
-22.130715
-21.655245
-21.056371
-20.304131
-19.363153
-18.193051
-16.750018
-14.990446
-12.877829
-10.425385
-7.757034
-5.021636
-2.330562
0.184791
2.388069
4.162655
5.439983
6.219680
6.569377
6.596958
6.410386
6.115781
5.663053
4.924407
3.788226
2.199008
0.172676
-2.210993
-4.831948
-7.558027
-10.267346
-12.799391
-14.997273
-16.830009
-18.329020
-19.537532
-20.501316
-21.263645
-21.862911
-22.331823
-22.697495
-22.981968
-23.202923
-23.374402
-23.230020
-23.326740
-23.138877
-22.901886
-22.602671
-22.224868
-21.748183
-21.147716
-20.393388
-19.449676
-18.276003
-16.828313
-15.062694
-12.942275
-10.480023
-7.799992
-5.051230
-2.345285
0.186051
2.405746
4.196205
5.487694
6.278712
6.636063
6.667192
6.479898
6.180892
5.720539
4.971146
3.821451
2.216732
0.173954
-2.226070
-4.862473
-7.602569
-10.324206
-12.866471
-15.072325
-16.911123
-18.414697
-19.626614
-20.592925
-21.357120
-21.957755
-22.427665
-22.794059
-23.079049
-23.300370
-23.472104
-23.326740
-23.423230
-23.234962
-22.997437
-22.697520
-22.318794
-21.840897
-21.238840
-20.482429
-19.535993
-18.358758
-16.906426
-15.134779
-13.006581
-10.534549
-7.842871
-5.080777
-2.359989
0.187310
2.423417
4.229769
5.535465
6.337871
6.702949
6.737682
6.549680
6.246240
5.778198
5.017985
3.854717
2.234462
0.175232
-2.241134
-4.892959
-7.647039
-10.380961
-12.933414
-15.147214
-16.992053
-18.500173
-19.715484
-20.684315
-21.450370
-22.052370
-22.523276
-22.890390
-23.175898
-23.397584
-23.569572
-23.423230
-23.519492
-23.330819
-23.092761
-22.792143
-22.412495
-21.933389
-21.329746
-20.571258
-19.622103
-18.441317
-16.984356
-15.206700
-13.070746
-10.588965
-7.885671
-5.110276
-2.374674
0.188568
2.441083
4.263345
5.583293
6.397154
6.770032
6.808422
6.619727
6.311820
5.836025
5.064922
3.888023
2.252200
0.176509
-2.256185
-4.923406
-7.691438
-10.437611
-13.000220
-15.221941
-17.072800
-18.585449
-19.804144
-20.775487
-21.543396
-22.146757
-22.618657
-22.986491
-23.272515
-23.494566
-23.666810
-23.519492
-23.615526
-23.426449
-23.187859
-22.886541
-22.505973
-22.025659
-21.420434
-20.659873
-19.708007
-18.523680
-17.062105
-15.278457
-13.134773
-10.643269
-7.928391
-5.139727
-2.389340
0.189824
2.458742
4.296931
5.631175
6.456557
6.837304
6.879406
6.690034
6.377627
5.894017
5.111954
3.921366
2.269942
0.177786
-2.271222
-4.953812
-7.735765
-10.494156
-13.066891
-15.296505
-17.153363
-18.670527
-19.892594
-20.866440
-21.636199
-22.240919
-22.713811
-23.082363
-23.368902
-23.591319
-23.763817
-23.615526
-23.711335
-23.521854
-23.282733
-22.980715
-22.599229
-22.117710
-21.510905
-20.748277
-19.793707
-18.605849
-17.139673
-15.350052
-13.198660
-10.697462
-7.971031
-5.169130
-2.403986
0.191080
2.476393
4.330527
5.679109
6.516075
6.904763
6.950631
6.760595
6.443656
5.952169
5.159077
3.954746
2.287690
0.179062
-2.286245
-4.984178
-7.780019
-10.550596
-13.133425
-15.370906
-17.233744
-18.755407
-19.980836
-20.957178
-21.728781
-22.334856
-22.808737
-23.178007
-23.465061
-23.687843
-23.860596
-23.711335
-23.806920
-23.617036
-23.377383
-23.074667
-22.692264
-22.209542
-21.601162
-20.836470
-19.879203
-18.687824
-17.217061
-15.421485
-13.262408
-10.751545
-8.013592
-5.198485
-2.418613
0.192334
2.494037
4.364130
5.727091
6.575704
6.972402
7.022089
6.831405
6.509902
6.010476
5.206288
3.988159
2.305441
0.180338
-2.301253
-5.014503
-7.824201
-10.606930
-13.199822
-15.445146
-17.313943
-18.840090
-20.068869
-21.047700
-21.821142
-22.428569
-22.903439
-23.273425
-23.560994
-23.784140
-23.957148
-23.806920
-23.902281
-23.711995
-23.471811
-23.168398
-22.785080
-22.301157
-21.691204
-20.924455
-19.964498
-18.769607
-17.294269
-15.492756
-13.326017
-10.805516
-8.056072
-5.227791
-2.433219
0.193588
2.511673
4.397739
5.775119
6.635440
7.040217
7.093776
6.902458
6.576361
6.068936
5.253584
4.021604
2.323196
0.181613
-2.316247
-5.044787
-7.868310
-10.663158
-13.266084
-15.519224
-17.393960
-18.924577
-20.156695
-21.138008
-21.913284
-22.522061
-22.997916
-23.368618
-23.656700
-23.880212
-24.053475
-23.902281
-23.997422
-23.806733
-23.566020
-23.261910
-22.877678
-22.392557
-21.781034
-21.012231
-20.049590
-18.851198
-17.371299
-15.563866
-13.389488
-10.859377
-8.098473
-5.257049
-2.447806
0.194840
2.529299
4.431352
5.823191
6.695280
7.108203
7.165687
6.973750
6.643026
6.127542
5.300962
4.055080
2.340953
0.182888
-2.331226
-5.075029
-7.912346
-10.719280
-13.332210
-15.593140
-17.473796
-19.008868
-20.244315
-21.228102
-22.005208
-22.615331
-23.092171
-23.463587
-23.752183
-23.976059
-24.149577
-23.997422
-24.092343
-23.901251
-23.660009
-23.355204
-22.970059
-22.483741
-21.870652
-21.099800
-20.134483
-18.932597
-17.448150
-15.634815
-13.452820
-10.913127
-8.140794
-5.286258
-2.462372
0.196090
2.546917
4.464969
5.871303
6.755220
7.176356
7.237815
7.045274
6.709893
6.186292
5.348419
4.088583
2.358712
0.184162
-2.346190
-5.105230
-7.956308
-10.775297
-13.398200
-15.666896
-17.553452
-19.092964
-20.331730
-21.317984
-22.096916
-22.708382
-23.186205
-23.558334
-23.847443
-24.071684
-24.245457
-24.092343
-24.187046
-23.995552
-23.753781
-23.448282
-23.062225
-22.574713
-21.960059
-21.187164
-20.219176
-19.013807
-17.524824
-15.705605
-13.516015
-10.966767
-8.183035
-5.315418
-2.476918
0.197340
2.564524
4.498587
5.919453
6.815256
7.244669
7.310156
7.117026
6.776958
6.245181
5.395952
4.122113
2.376471
0.185435
-2.361138
-5.135388
-8.000196
-10.831208
-13.464053
-15.740492
-17.632928
-19.176867
-20.418941
-21.407656
-22.188408
-22.801214
-23.280018
-23.652861
-23.942483
-24.167088
-24.341116
-24.187046
-24.281531
-24.089636
-23.847337
-23.541144
-23.154177
-22.665472
-22.049258
-21.274322
-20.303670
-19.094827
-17.601322
-15.776234
-13.579072
-11.020296
-8.225196
-5.344528
-2.491443
0.198588
2.582121
4.532206
5.967638
6.875384
7.313139
7.382704
7.188999
6.844215
6.304204
5.443558
4.155668
2.394231
0.186707
-2.376070
-5.165503
-8.044010
-10.887012
-13.529772
-15.813927
-17.712225
-19.260575
-20.505949
-21.497117
-22.279685
-22.893830
-23.373613
-23.747167
-24.037302
-24.262272
-24.436555
-24.281531
-24.375801
-24.183505
-23.940678
-23.633792
-23.245916
-22.756021
-22.138249
-21.361277
-20.387967
-19.175658
-17.677643
-15.846704
-13.641991
-11.073714
-8.267276
-5.373589
-2.505948
0.199834
2.599707
4.565823
6.015857
6.935599
7.381760
7.455454
7.261189
6.911658
6.363359
5.491234
4.189246
2.411990
0.187979
-2.390986
-5.195575
-8.087750
-10.942711
-13.595354
-15.887202
-17.791343
-19.344092
-20.592754
-21.586369
-22.370750
-22.986229
-23.466991
-23.841256
-24.131903
-24.357237
-24.531775
-24.375801
-24.469857
-24.277160
-24.033806
-23.726228
-23.337444
-22.846360
-22.227033
-21.448030
-20.472068
-19.256302
-17.753789
-15.917016
-13.704774
-11.127023
-8.309276
-5.402601
-2.520431
0.201080
2.617282
4.599439
6.064106
6.995900
7.450529
7.528401
7.333590
6.979284
6.422640
5.538976
4.222845
2.429748
0.189250
-2.405886
-5.225604
-8.131415
-10.998303
-13.660802
-15.960317
-17.870283
-19.427416
-20.679358
-21.675413
-22.461602
-23.078414
-23.560152
-23.935128
-24.226287
-24.451985
-24.626779
-24.469857
-24.563700
-24.370603
-24.126722
-23.818452
-23.428762
-22.936491
-22.315612
-21.534581
-20.555974
-19.336760
-17.829761
-15.987169
-13.767420
-11.180221
-8.351196
-5.431563
-2.534894
0.202323
2.634844
4.633050
6.112383
7.056281
7.519439
7.601539
7.406197
7.047087
6.482043
5.586783
4.256464
2.447504
0.190520
-2.420769
-5.255589
-8.175006
-11.053789
-13.726114
-16.033274
-17.949046
-19.510549
-20.765761
-21.764251
-22.552243
-23.170386
-23.653099
-24.028785
-24.320455
-24.546518
-24.721567
-24.563700
-24.657332
-24.463834
-24.219428
-23.910467
-23.519871
-23.026414
-22.403986
-21.620932
-20.639685
-19.417031
-17.905559
-16.057165
-13.829930
-11.233309
-8.393035
-5.460475
-2.549335
0.203566
2.652395
4.666657
6.160685
7.116739
7.588487
7.674862
7.479004
7.115063
6.541565
5.634651
4.290100
2.465258
0.191789
-2.435635
-5.285530
-8.218521
-11.109168
-13.791291
-16.106071
-18.027631
-19.593492
-20.851965
-21.852882
-22.642675
-23.262145
-23.745833
-24.122227
-24.414409
-24.640836
-24.816141
-24.657332
-24.750754
-24.556856
-24.311924
-24.002273
-23.610773
-23.116133
-22.492158
-21.707084
-20.723203
-19.497118
-17.981183
-16.127004
-13.892303
-11.286287
-8.434794
-5.489337
-2.563755
0.204807
2.669932
4.700257
6.209011
7.177271
7.657668
7.748367
7.552006
7.183206
6.601202
5.682576
4.323752
2.483008
0.193057
-2.450484
-5.315426
-8.261961
-11.164441
-13.856332
-16.178710
-18.106040
-19.676246
-20.937970
-21.941309
-22.732898
-23.353694
-23.838354
-24.215457
-24.508150
-24.734942
-24.910503
-24.750754
-24.843967
-24.649669
-24.404212
-24.093872
-23.701468
-23.205647
-22.580127
-21.793037
-20.806528
-19.577020
-18.056635
-16.196686
-13.954541
-11.339155
-8.476473
-5.518149
-2.578153
0.206047
2.687456
4.733850
6.257358
7.237873
7.726977
7.822046
7.625198
7.251511
6.660949
5.730558
4.357419
2.500754
0.194324
-2.465316
-5.345278
-8.305326
-11.219607
-13.921239
-16.251191
-18.184273
-19.758811
-21.023777
-22.029533
-22.822913
-23.445033
-23.930664
-24.308476
-24.601680
-24.828836
-25.004653
-24.843967
-24.936973
-24.742276
-24.496294
-24.185265
-23.791959
-23.294957
-22.667896
-21.878794
-20.889662
-19.656740
-18.131915
-16.266212
-14.016644
-11.391913
-8.518071
-5.546911
-2.592530
0.207285
2.704967
4.767435
6.305723
7.298541
7.796410
7.895896
7.698575
7.319975
6.720802
5.778592
4.391099
2.518495
0.195590
-2.480129
-5.375085
-8.348615
-11.274667
-13.986012
-16.323515
-18.262331
-19.841187
-21.109388
-22.117553
-22.912723
-23.536164
-24.022765
-24.401284
-24.694999
-24.922520
-25.098593
-24.936973
-25.029773
-24.834677
-24.588170
-24.276454
-23.882246
-23.384066
-22.755465
-21.964355
-20.972606
-19.736276
-18.207024
-16.335582
-14.078611
-11.444562
-8.559588
-5.575622
-2.606884
0.208521
2.722463
4.801009
6.354104
7.359272
7.865962
7.969911
7.772130
7.388591
6.780759
5.826675
4.424791
2.536232
0.196855
-2.494925
-5.404847
-8.391828
-11.329620
-14.050649
-16.395681
-18.340214
-19.923377
-21.194802
-22.205372
-23.002327
-23.627087
-24.114658
-24.493884
-24.788109
-25.015995
-25.192324
-25.029773
-25.122368
-24.926873
-24.679843
-24.367439
-23.972331
-23.472973
-22.842836
-22.049721
-21.055360
-19.815632
-18.281963
-16.404797
-14.140444
-11.497101
-8.601025
-5.604283
-2.621217
0.209756
2.739944
4.834573
6.402500
7.420063
7.935628
8.044086
7.845860
7.457356
6.840814
5.874806
4.458492
2.553963
0.198119
-2.509703
-5.434563
-8.434965
-11.384466
-14.115153
-16.467690
-18.417923
-20.005380
-21.280022
-22.292991
-23.091727
-23.717804
-24.206343
-24.586276
-24.881012
-25.109262
-25.285849
-25.122368
-25.214760
-25.018866
-24.771312
-24.458222
-24.062215
-23.561681
-22.930009
-22.134893
-21.137926
-19.894806
-18.356732
-16.473858
-14.202142
-11.549531
-8.642381
-5.632893
-2.635528
0.210990
2.757411
4.868124
6.450907
7.480909
8.005404
8.118416
7.919759
7.526264
6.900963
5.922981
4.492201
2.571687
0.199382
-2.524462
-5.464233
-8.478026
-11.439206
-14.179522
-16.539542
-18.495459
-20.087197
-21.365047
-22.380410
-23.180924
-23.808317
-24.297823
-24.678461
-24.973708
-25.202324
-25.379167
-25.214760
-25.306950
-25.110658
-24.862581
-24.548804
-24.151899
-23.650191
-23.016986
-22.219873
-21.220304
-19.973801
-18.431332
-16.542765
-14.263706
-11.601852
-8.683657
-5.661452
-2.649816
0.212222
2.774862
4.901662
6.499325
7.541809
8.075286
8.192895
7.993821
7.595311
6.961204
5.971198
4.525917
2.589404
0.200644
-2.539203
-5.493858
-8.521010
-11.493839
-14.243757
-16.611238
-18.572821
-20.168830
-21.449880
-22.467630
-23.269920
-23.898626
-24.389098
-24.770442
-25.066200
-25.295180
-25.472280
-25.306950
