-0.122639
-0.117063
-0.111029
-0.104585
-0.097792
-0.090724
-0.083471
-0.076133
-0.068804
-0.061549
-0.054365
-0.047159
-0.039752
-0.032010
-0.024039
-0.015929
-0.007675
0.000641
0.008867
0.016784
0.024102
0.030442
0.035314
0.038092
0.038092
0.035314
0.030442
0.024102
0.016784
0.008867
0.000641
-0.007672
-0.015912
-0.023975
-0.031818
-0.039299
-0.046294
-0.052946
-0.059490
-0.066097
-0.072849
-0.079731
-0.086669
-0.093559
-0.100296
-0.106790
-0.112961
-0.118749
-0.122639
-0.229582
-0.219372
-0.207881
-0.195098
-0.181072
-0.165937
-0.149920
-0.133348
-0.116640
-0.100277
-0.084714
-0.070245
-0.056870
-0.044384
-0.032663
-0.021412
-0.010265
0.000856
0.011825
0.022379
0.032135
0.040587
0.047082
0.050787
0.050787
0.047082
0.040587
0.032135
0.022378
0.011822
0.000855
-0.010239
-0.021281
-0.032227
-0.043233
-0.054491
-0.066230
-0.078865
-0.092700
-0.107688
-0.123496
-0.139649
-0.155662
-0.171121
-0.185709
-0.199210
-0.211498
-0.222531
-0.229582
-0.336364
-0.321783
-0.305140
-0.286331
-0.265332
-0.242246
-0.217348
-0.191130
-0.164315
-0.137831
-0.112696
-0.089802
-0.069621
-0.052160
-0.037178
-0.023884
-0.011324
0.000939
0.012949
0.024487
0.035154
0.044398
0.051503
0.055555
0.055555
0.051503
0.044397
0.035152
0.024480
0.012936
0.000936
-0.011237
-0.023478
-0.035948
-0.049209
-0.064037
-0.081079
-0.100822
-0.123320
-0.148016
-0.173973
-0.200162
-0.225674
-0.249814
-0.272127
-0.292366
-0.310450
-0.326417
-0.336364
-0.444688
-0.425925
-0.404346
-0.379751
-0.352032
-0.321236
-0.287639
-0.251828
-0.214760
-0.177773
-0.142452
-0.110341
-0.082520
-0.059395
-0.040796
-0.025500
-0.011882
0.000976
0.013400
0.025296
0.036295
0.045831
0.053164
0.057346
0.057346
0.053163
0.045829
0.036287
0.025274
0.013363
0.000969
-0.011680
-0.024635
-0.038380
-0.053999
-0.072920
-0.096101
-0.123881
-0.155881
-0.190911
-0.227384
-0.263728
-0.298657
-0.331272
-0.361047
-0.387755
-0.411382
-0.432059
-0.444688
-0.555018
-0.532238
-0.505909
-0.475728
-0.441500
-0.403203
-0.361094
-0.315816
-0.268511
-0.220860
-0.174982
-0.133085
-0.096926
-0.067436
-0.044671
-0.027072
-0.012336
0.001000
0.013624
0.025636
0.036738
0.046374
0.053788
0.058019
0.058019
0.053787
0.046368
0.036716
0.025583
0.013543
0.000985
-0.011961
-0.025576
-0.040746
-0.059127
-0.082792
-0.112878
-0.149417
-0.191477
-0.237182
-0.284294
-0.330741
-0.374925
-0.415800
-0.452807
-0.485755
-0.514711
-0.539903
-0.555018
-0.667415
-0.640770
-0.609857
-0.574272
-0.533721
-0.488106
-0.437647
-0.383024
-0.325523
-0.267126
-0.210432
-0.158302
-0.113206
-0.076700
-0.049197
-0.028901
-0.012840
0.001023
0.013795
0.025827
0.036934
0.046587
0.054025
0.058272
0.058271
0.054022
0.046572
0.036885
0.025719
0.013643
0.000997
-0.012234
-0.026621
-0.043499
-0.065118
-0.094166
-0.131838
-0.177728
-0.230269
-0.286866
-0.344657
-0.401124
-0.454410
-0.503356
-0.547390
-0.586376
-0.620469
-0.649998
-0.667415
-0.781790
-0.751422
-0.716082
-0.675260
-0.628558
-0.575793
-0.517132
-0.453273
-0.385620
-0.316417
-0.248707
-0.185972
-0.131416
-0.087293
-0.054500
-0.031094
-0.013454
0.001050
0.013984
0.025997
0.037057
0.046685
0.054119
0.058368
0.058367
0.054110
0.046652
0.036963
0.025805
0.013733
0.001011
-0.012564
-0.027895
-0.046800
-0.072137
-0.107171
-0.153044
-0.208794
-0.272152
-0.339801
-0.408286
-0.474693
-0.536941
-0.593782
-0.644656
-0.689492
-0.728542
-0.762243
-0.781790
-0.897997
-0.864040
-0.824420
-0.778520
-0.725831
-0.666075
-0.599355
-0.526363
-0.448600
-0.368546
-0.289652
-0.215995
-0.151512
-0.099220
-0.060610
-0.033688
-0.014202
0.001085
0.014224
0.026203
0.037181
0.046753
0.054163
0.058406
0.058403
0.054146
0.046690
0.037017
0.025891
0.013842
0.001028
-0.012977
-0.029445
-0.050704
-0.080224
-0.121814
-0.176448
-0.242501
-0.316957
-0.395782
-0.474969
-0.551238
-0.622313
-0.686885
-0.744420
-0.794928
-0.838765
-0.876483
-0.897997
-1.015876
-0.978454
-0.934695
-0.883866
-0.825349
-0.758756
-0.684115
-0.602096
-0.514271
-0.423329
-0.333105
-0.248249
-0.173424
-0.112455
-0.067528
-0.036693
-0.015092
0.001127
0.014530
0.026473
0.037340
0.046827
0.054195
0.058423
0.058417
0.054162
0.046718
0.037075
0.026002
0.013985
0.001051
-0.013485
-0.031290
-0.055226
-0.089381
-0.138063
-0.201966
-0.278713
-0.364507
-0.454613
-0.544499
-0.630549
-0.710320
-0.782462
-0.846486
-0.902495
-0.950958
-0.992545
-1.015876
-1.135263
-1.094497
-1.046730
-0.991118
-0.926923
-0.853646
-0.771222
-0.680282
-0.582448
-0.480596
-0.378917
-0.282615
-0.197076
-0.126961
-0.075243
-0.040108
-0.016127
0.001178
0.014910
0.026823
0.037554
0.046926
0.054231
0.058436
0.058425
0.054174
0.046749
0.037154
0.026152
0.014170
0.001078
-0.014093
-0.033436
-0.060367
-0.099593
-0.155872
-0.229511
-0.317296
-0.414637
-0.516112
-0.616684
-0.712430
-0.800763
-0.880317
-0.950662
-1.012007
-1.064942
-1.110259
-1.135263
-1.256005
-1.212007
-1.160359
-1.100102
-1.030377
-0.950563
-0.860494
-0.760744
-0.652964
-0.540190
-0.426950
-0.318982
-0.222392
-0.142701
-0.083743
-0.043934
-0.017309
0.001237
0.015369
0.027262
0.037836
0.047062
0.054282
0.058451
0.058431
0.054188
0.046793
0.037261
0.026348
0.014402
0.001111
-0.014804
-0.035886
-0.066124
-0.110843
-0.175195
-0.258993
-0.358126
-0.467198
-0.580111
-0.691345
-0.796694
-0.893454
-0.980262
-1.056766
-1.123288
-1.180548
-1.229461
-1.256005
-1.377955
-1.330833
-1.275425
-1.210658
-1.135545
-1.049339
-0.951763
-0.843317
-0.725663
-0.601969
-0.477080
-0.357251
-0.249301
-0.159635
-0.093014
-0.048167
-0.018637
0.001305
0.015909
0.027799
0.038196
0.047246
0.054353
0.058473
0.058440
0.054208
0.046854
0.037407
0.026599
0.014685
0.001150
-0.015620
-0.038641
-0.072495
-0.123115
-0.195986
-0.290331
-0.401091
-0.522054
-0.646455
-0.768317
-0.883170
-0.988219
-1.082124
-1.164627
-1.236174
-1.297617
-1.349998
-1.377955
-1.500980
-1.450836
-1.391785
-1.322636
-1.242273
-1.149819
-1.044873
-0.927850
-0.800398
-0.665802
-0.529192
-0.397328
-0.277739
-0.177728
-0.103043
-0.052805
-0.020114
0.001382
0.016533
0.028437
0.038642
0.047484
0.054451
0.058504
0.058453
0.054237
0.046939
0.037595
0.026909
0.015023
0.001195
-0.016542
-0.041702
-0.079477
-0.136390
-0.218199
-0.323449
-0.446086
-0.579078
-0.715005
-0.847446
-0.971697
-1.084895
-1.185743
-1.274088
-1.350512
-1.416002
-1.471730
-1.500980
-1.624954
-1.571888
-1.509305
-1.435898
-1.350420
-1.251858
-1.139679
-1.014200
-0.877038
-0.731565
-0.583181
-0.439129
-0.307644
-0.196945
-0.113817
-0.057847
-0.021738
0.001468
0.017242
0.029182
0.039180
0.047784
0.054582
0.058548
0.058473
0.054278
0.047052
0.037833
0.027283
0.015416
0.001247
-0.017570
-0.045069
-0.087065
-0.150650
-0.241792
-0.358276
-0.493017
-0.638157
-0.785629
-0.928590
-1.062128
-1.183333
-1.290970
-1.385005
-1.466161
-1.535566
-1.594525
-1.624954
-1.749764
-1.693869
-1.627862
-1.550317
-1.459856
-1.355323
-1.236049
-1.102237
-0.955456
-0.799147
-0.638950
-0.482577
-0.338960
-0.217252
-0.125322
-0.063290
-0.023511
0.001563
0.018037
0.030034
0.039814
0.048153
0.054751
0.058610
0.058502
0.054335
0.047197
0.038125
0.027725
0.015866
0.001304
-0.018706
-0.048745
-0.095257
-0.165879
-0.266724
-0.394746
-0.541797
-0.699183
-0.858204
-1.011618
-1.154325
-1.283394
-1.397668
-1.497244
-1.582992
-1.656186
-1.718263
-1.749764
-1.875305
-1.816671
-1.747343
-1.665777
-1.570460
-1.460092
-1.333858
-1.191838
-1.035537
-0.868441
-0.696408
-0.527599
-0.371636
-0.238619
-0.137546
-0.069132
-0.025433
0.001667
0.018920
0.030999
0.040550
0.048596
0.054963
0.058692
0.058543
0.054411
0.047380
0.038476
0.028238
0.016376
0.001368
-0.019950
-0.052731
-0.104050
-0.182058
-0.292956
-0.432800
-0.592343
-0.762058
-0.932619
-1.096406
-1.248161
-1.384950
-1.505710
-1.610680
-1.700885
-1.777746
-1.842834
-1.875305
-2.001481
-1.940195
-1.867645
-1.782169
-1.682121
-1.566051
-1.432992
-1.282893
-1.117174
-0.939348
-0.755470
-0.574125
-0.405621
-0.261015
-0.150475
-0.075370
-0.027506
0.001781
0.019892
0.032076
0.041392
0.049118
0.055224
0.058799
0.058600
0.054510
0.047605
0.038889
0.028824
0.016945
0.001438
-0.021306
-0.057028
-0.113439
-0.199171
-0.320452
-0.472378
-0.644579
-0.826687
-1.008766
-1.182841
-1.343518
-1.487881
-1.614979
-1.725201
-1.819731
-1.900142
-1.968136
-2.001481
-2.128203
-2.064349
-1.988673
-1.899396
-1.794737
-1.673095
-1.533346
-1.375294
-1.200265
-1.011775
-0.816055
-0.622093
-0.440870
-0.284412
-0.164096
-0.082002
-0.029729
0.001903
0.020955
0.033269
0.042341
0.049723
0.055537
0.058935
0.058676
0.054636
0.047875
0.039368
0.029485
0.017575
0.001515
-0.022772
-0.061637
-0.123420
-0.217200
-0.349177
-0.513429
-0.698433
-0.892983
-1.086546
-1.270816
-1.440286
-1.592079
-1.725368
-1.840701
-1.939428
-2.023275
-2.094078
-2.128203
-2.255391
-2.189048
-2.110338
-2.017366
-1.908213
-1.781127
-1.634820
-1.468944
-1.284716
-1.085637
-0.878087
-0.671441
-0.477338
-0.308783
-0.178397
-0.089024
-0.032104
0.002035
0.022109
0.034580
0.043400
0.050414
0.055908
0.059103
0.058774
0.054792
0.048195
0.039915
0.030223
0.018268
0.001599
-0.024351
-0.066560
-0.133989
-0.236129
-0.379097
-0.555899
-0.753837
-0.960863
-1.165866
-1.360231
-1.538362
-1.697440
-1.836775
-1.957084
-2.059884
-2.147057
-2.220573
-2.255391
-2.382973
-2.314216
-2.232561
-2.135994
-2.022462
-1.890056
-1.737323
-1.563752
-1.370438
-1.160850
-0.941495
-0.722111
-0.514984
-0.334101
-0.193365
-0.096433
-0.034630
0.002177
0.023356
0.036010
0.044573
0.051196
0.056340
0.059309
0.058898
0.054983
0.048567
0.040534
0.031039
0.019023
0.001689
-0.026045
-0.071797
-0.145141
-0.255941
-0.410180
-0.599741
-0.810726
-1.030249
-1.246638
-1.450992
-1.637651
-1.803869
-1.949107
-2.074259
-2.181013
-2.271406
-2.347544
-2.382973
-2.510879
-2.439783
-2.355267
-2.255204
-2.137403
-1.999799
-1.840769
-1.659633
-1.457349
-1.237338
-1.006212
-0.774049
-0.553767
-0.360341
-0.208987
-0.104226
-0.037307
0.002328
0.024699
0.037563
0.045862
0.052071
0.056837
0.059555
0.059053
0.055211
0.048996
0.041227
0.031936
0.019843
0.001786
-0.027854
-0.077349
-0.156870
-0.276619
-0.442395
-0.644907
-0.869037
-1.101066
-1.328778
-1.543012
-1.738062
-1.911277
-2.062279
-2.192143
-2.302735
-2.396247
-2.474918
-2.510879
-2.639048
-2.565682
-2.478388
-2.374923
-2.252961
-2.110278
-1.945078
-1.756506
-1.545371
-1.315028
-1.072172
-0.827202
-0.593649
-0.387479
-0.225252
-0.112399
-0.040137
0.002489
0.026137
0.039239
0.047268
0.053042
0.057403
0.059845
0.059241
0.055480
0.049483
0.041996
0.032916
0.020729
0.001890
-0.029779
-0.083216
-0.169171
-0.298147
-0.475713
-0.691352
-0.928712
-1.173244
-1.412209
-1.636208
-1.839513
-2.019582
-2.176210
-2.310660
-2.424977
-2.521511
-2.602631
-2.639048
-2.767425
-2.691856
-2.601862
-2.495086
-2.369067
-2.221421
-2.050177
-1.854295
-1.634431
-1.393850
-1.139315
-0.881519
-0.634593
-0.415491
-0.242147
-0.120947
-0.043118
0.002660
0.027674
0.041042
0.048794
0.054111
0.058040
0.060185
0.059468
0.055795
0.050033
0.042842
0.033978
0.021681
0.002001
-0.031822
-0.089397
-0.182037
-0.320510
-0.510104
-0.739035
-0.989695
-1.246717
-1.496857
-1.730502
-1.941924
-2.128706
-2.290825
-2.429740
-2.547673
-2.647133
-2.730622
-2.767425
-2.895955
-2.818249
-2.725630
-2.615632
-2.485656
-2.333161
-2.155995
-1.952932
-1.724458
-1.473740
-1.207582
-0.936952
-0.676562
-0.444354
-0.259660
-0.129868
-0.046251
0.002840
0.029310
0.042973
0.050442
0.055280
0.058752
0.060576
0.059736
0.056158
0.050646
0.043768
0.035126
0.022702
0.002119
-0.033984
-0.095893
-0.195463
-0.343691
-0.545540
-0.787912
-1.051931
-1.321420
-1.582650
-1.825821
-2.045222
-2.238578
-2.406056
-2.549315
-2.670760
-2.773055
-2.858835
-2.895955
-3.024594
-2.944811
-2.849641
-2.736504
-2.602669
-2.445435
-2.262468
-2.052349
-1.815387
-1.554635
-1.276918
-0.993456
-0.719524
-0.474047
-0.277781
-0.139156
-0.049536
0.003031
0.031047
0.045037
0.052216
0.056553
0.059541
0.061023
0.060050
0.056572
0.051327
0.044775
0.036362
0.023792
0.002245
-0.036265
-0.102702
-0.209443
-0.367676
-0.581994
-0.837943
-1.115369
-1.397292
-1.669524
-1.922095
-2.149338
-2.349129
-2.521838
-2.669325
-2.794180
-2.899223
-2.987219
-3.024594
-3.153295
-3.071495
-2.973844
-2.857651
-2.720052
-2.558186
-2.369535
-2.152486
-1.907157
-1.636476
-1.347270
-1.050986
-0.763443
-0.504547
-0.296497
-0.148808
-0.052971
0.003232
0.032887
0.047234
0.054118
0.057931
0.060411
0.061530
0.060413
0.057042
0.052077
0.045867
0.037686
0.024952
0.002378
-0.038666
-0.109824
-0.223969
-0.392448
-0.619439
-0.889091
-1.179958
-1.474275
-1.757413
-2.019260
-2.254206
-2.460298
-2.638111
-2.789714
-2.917880
-3.025588
-3.115729
-3.153295
-3.282020
-3.198261
-3.098195
-2.979025
-2.837752
-2.671358
-2.477140
-2.253282
-1.999710
-1.719208
-1.418586
-1.109499
-0.808288
-0.535833
-0.315797
-0.158818
-0.056556
0.003442
0.034830
0.049568
0.056149
0.059417
0.061364
0.062099
0.060829
0.057569
0.052898
0.047043
0.039101
0.026185
0.002518
-0.041189
-0.117258
-0.239036
-0.417995
-0.657850
-0.941317
-1.245652
-1.552315
-1.846259
-2.117253
-2.359766
-2.572024
-2.754820
-2.910429
-3.041811
-3.152102
-3.244319
-3.282020
-3.410733
-3.325068
-3.222652
-3.100581
-2.955723
-2.784902
-2.585230
-2.354685
-2.092991
-1.802777
-1.490819
-1.168955
-0.854029
-0.567886
-0.335670
-0.169184
-0.060291
0.003663
0.036879
0.052041
0.058314
0.061014
0.062402
0.062733
0.061301
0.058158
0.053793
0.048307
0.040608
0.027492
0.002667
-0.043833
-0.125001
-0.254637
-0.444299
-0.697201
-0.994585
-1.312404
-1.631357
-1.936004
-2.216017
-2.465960
-2.684254
-2.871911
-3.031421
-3.165929
-3.278725
-3.372952
-3.410733
-3.539399
-3.451880
-3.347177
-3.222277
-3.073921
-2.898771
-2.693754
-2.456641
-2.186947
-1.887133
-1.563922
-1.229313
-0.900633
-0.600683
-0.356106
-0.179900
-0.064175
0.003895
0.039035
0.054656
0.060616
0.062724
0.063529
0.063437
0.061833
0.058810
0.054764
0.049661
0.042211
0.028873
0.002823
-0.046599
-0.133053
-0.270766
-0.471348
-0.737467
-1.048860
-1.380169
-1.711351
-2.026593
-2.315495
-2.572735
-2.796935
-2.989338
-3.152645
-3.290191
-3.405417
-3.501591
-3.539399
-3.667987
-3.578666
-3.471735
-3.344077
-3.192304
-3.012921
-2.802667
-2.559103
-2.281529
-1.972227
-1.637850
-1.290537
-0.948073
-0.634207
-0.377092
-0.190962
-0.068207
0.004136
0.041299
0.057416
0.063056
0.064550
0.064747
0.064212
0.062428
0.059529
0.055814
0.051107
0.043910
0.030331
0.002986
-0.049488
-0.141413
-0.287415
-0.499126
-0.778625
-1.104107
-1.448906
-1.792248
-2.117976
-2.415637
-2.680039
-2.910020
-3.107054
-3.274060
-3.414558
-3.532141
-3.630203
-3.667987
-3.796471
-3.705394
-3.596292
-3.465945
-3.310835
-3.127311
-2.911926
-2.662026
-2.376691
-2.058014
-1.712562
-1.352588
-0.996319
-0.668438
-0.398619
-0.202366
-0.072386
0.004388
0.043672
0.060323
0.065639
0.066494
0.066059
0.065063
0.063089
0.060317
0.056945
0.052647
0.045709
0.031867
0.003158
-0.052499
-0.150077
-0.304579
-0.527620
-0.820651
-1.160294
-1.518572
-1.874003
-2.210103
-2.516392
-2.787825
-3.023464
-3.225018
-3.395627
-3.538994
-3.658866
-3.758756
-3.796471
-3.924823
-3.832037
-3.720820
-3.587849
-3.429479
-3.241904
-3.021489
-2.765366
-2.472388
-2.144451
-1.788015
-1.415433
-1.045345
-0.703357
-0.420677
-0.214106
-0.076711
0.004650
0.046156
0.063380
0.068367
0.068561
0.067467
0.065991
0.063819
0.061178
0.058159
0.054283
0.047609
0.033482
0.003337
-0.055633
-0.159045
-0.322250
-0.556815
-0.863521
-1.217388
-1.589129
-1.956569
-2.302927
-2.617715
-2.896049
-3.137223
-3.343191
-3.517309
-3.663467
-3.785561
-3.887223
-3.924823
-4.053020
-3.958570
-3.845290
-3.709758
-3.548202
-3.356663
-3.131318
-2.869082
-2.568579
-2.231494
-1.864171
-1.479036
-1.095122
-0.738945
-0.443253
-0.226180
-0.081181
0.004922
0.048751
0.066590
0.071245
0.070753
0.068975
0.067001
0.064621
0.062114
0.059459
0.056018
0.049613
0.035177
0.003525
-0.058890
-0.168313
-0.340422
-0.586698
-0.907213
-1.275358
-1.660537
-2.039904
-2.396404
-2.719560
-3.004667
-3.251259
-3.461536
-3.639074
-3.787945
-3.912197
-4.015578
-4.053020
-4.181040
-4.084969
-3.969677
-3.831644
-3.666976
-3.471556
-3.241377
-2.973137
-2.665224
-2.319106
-1.940993
-1.543365
-1.145626
-0.775185
-0.466340
-0.238582
-0.085796
0.005204
0.051458
0.069955
0.074275
0.073073
0.070586
0.068094
0.065499
0.063128
0.060848
0.057856
0.051723
0.036955
0.003721
-0.062270
-0.177881
-0.359088
-0.617255
-0.951706
-1.334174
-1.732760
-2.123968
-2.490490
-2.821886
-3.113639
-3.365535
-3.580019
-3.760889
-3.912401
-4.038748
-4.143797
-4.181040
-4.308864
-4.211212
-4.093958
-3.953483
-3.785770
-3.586553
-3.351634
-3.077496
-2.762287
-2.407249
-2.018444
-1.608388
-1.196830
-0.812059
-0.489925
-0.251308
-0.090554
0.005497
0.054279
0.073477
0.077461
0.075526
0.072303
0.069275
0.066456
0.064222
0.062328
0.059797
0.053941
0.038816
0.003925
-0.065773
-0.187746
-0.378241
-0.648473
-0.996976
-1.393805
-1.805762
-2.208721
-2.585146
-2.924653
-3.222929
-3.480015
-3.698608
-3.882726
-4.036807
-4.165191
-4.271858
-4.308864
-4.436473
-4.337280
-4.218110
-4.075250
-3.904561
-3.701623
-3.462057
-3.182124
-2.859730
-2.495886
-2.096491
-1.674074
-1.248710
-0.849550
-0.513999
-0.264353
-0.095455
0.005800
0.057213
0.077160
0.080806
0.078113
0.074129
0.070546
0.067494
0.065401
0.063902
0.061846
0.056271
0.040762
0.004137
-0.069399
-0.197906
-0.397875
-0.680339
-1.043004
-1.454224
-1.879509
-2.294124
-2.680333
-3.027825
-3.332502
-3.594668
-3.817274
-4.004558
-4.161141
-4.291504
-4.399742
-4.436473
-4.563851
-4.463154
-4.342115
-4.196923
-4.023322
-3.816742
-3.572617
-3.286989
-2.957521
-2.584983
-2.175099
-1.740394
-1.301242
-0.887640
-0.538553
-0.277713
-0.100496
0.006113
0.060263
0.081006
0.084315
0.080840
0.076067
0.071911
0.068616
0.066666
0.065573
0.064005
0.058714
0.042793
0.004357
-0.073147
-0.208357
-0.417983
-0.712838
-1.089769
-1.515402
-1.953967
-2.380143
-2.776015
-3.131364
-3.442323
-3.709462
-3.935989
-4.126361
-4.285379
-4.417666
-4.527429
-4.563851
-4.690983
-4.588819
-4.465953
-4.318483
-4.142032
-3.931883
-3.683286
-3.392063
-3.055629
-2.674507
-2.254238
-1.807318
-1.354403
-0.926314
-0.563576
-0.291383
-0.105677
0.006437
0.063428
0.085017
0.087990
0.083711
0.078121
0.073372
0.069827
0.068021
0.067344
0.066278
0.061273
0.044912
0.004586
-0.077018
-0.219099
-0.438559
-0.745960
-1.137249
-1.577312
-2.029105
-2.466742
-2.872156
-3.235238
-3.552362
-3.824370
-4.054727
-4.248111
-4.409500
-4.543659
-4.654903
-4.690983
-4.817855
-4.714258
-4.589608
-4.439909
-4.260669
-4.047023
-3.794038
-3.497316
-3.154023
-2.764429
-2.333876
-1.874820
-1.408170
-0.965556
-0.589060
-0.305360
-0.110997
0.006771
0.066709
0.089195
0.091836
0.086728
0.080296
0.074934
0.071128
0.069468
0.069218
0.068666
0.063951
0.047119
0.004823
-0.081011
-0.230129
-0.459595
-0.779690
-1.185426
-1.639928
-2.104890
-2.553887
-2.968722
-3.339416
-3.662589
-3.939364
-4.173465
-4.369787
-4.533486
-4.669465
-4.782149
-4.817855
-4.944454
-4.839458
-4.713064
-4.561186
-4.379215
-4.162141
-3.904849
-3.602722
-3.252674
-2.854717
-2.413985
-1.942872
-1.462521
-1.005348
-0.614993
-0.319639
-0.116454
0.007115
0.070106
0.093542
0.095855
0.089896
0.082593
0.076599
0.072524
0.071012
0.071199
0.071175
0.066750
0.049416
0.005069
-0.085126
-0.241444
-0.481086
-0.814016
-1.234280
-1.703224
-2.181293
-2.641548
-3.065683
-3.443865
-3.772976
-4.054420
-4.292179
-4.491369
-4.657318
-4.795069
-4.909151
-4.944454
-5.070768
-4.964405
-4.836307
-4.682296
-4.497651
-4.277216
-4.015697
-3.708256
-3.351556
-2.945345
-2.494536
-2.011449
-1.517434
-1.045676
-0.641368
-0.334215
-0.122048
0.007469
0.073621
0.098061
0.100052
0.093220
0.085018
0.078371
0.074017
0.072655
0.073289
0.073806
0.069673
0.051803
0.005323
-0.089363
-0.253042
-0.503024
-0.848925
-1.283791
-1.767174
-2.258286
-2.729693
-3.163008
-3.548560
-3.883498
-4.169514
-4.410850
-4.612838
-4.780981
-4.920457
-5.035899
-5.070768
-5.196788
-5.089089
-4.959323
-4.803225
-4.615960
-4.392230
-4.126561
-3.813895
-3.450643
-3.036284
-2.575504
-2.080526
-1.572888
-1.086525
-0.668174
-0.349084
-0.127777
0.007833
0.077254
0.102754
0.104431
0.096703
0.087575
0.080254
0.075610
0.074400
0.075493
0.076564
0.072722
0.054282
0.005586
-0.093721
-0.264920
-0.525403
-0.884407
-1.333942
-1.831756
-2.335839
-2.818293
-3.260668
-3.653471
-3.994129
-4.284624
-4.529457
-4.734177
-4.904459
-5.045614
-5.162378
-5.196788
-5.322503
-5.213499
-5.082102
-4.923960
-4.734128
-4.507165
-4.237420
-3.919618
-3.549911
-3.127510
-2.656861
-2.150078
-1.628864
-1.127879
-0.695403
-0.364241
-0.133640
0.008207
0.081004
0.107622
0.108994
0.100350
0.090268
0.082251
0.077309
0.076252
0.077814
0.079452
0.075900
0.056854
0.005857
-0.098200
-0.277076
-0.548217
-0.920448
-1.384713
-1.896944
-2.413926
-2.907320
-3.358635
-3.758574
-4.104847
-4.399730
-4.647983
-4.855371
-5.027739
-5.170528
-5.288579
-5.322503
-5.447905
-5.337624
-5.204631
-5.044488
-4.852139
-4.622005
-4.348257
-4.025401
-3.649337
-3.218998
-2.738584
-2.220083
-1.685341
-1.169725
-0.723046
-0.379684
-0.139636
0.008592
0.084873
0.112669
0.113746
0.104166
0.093100
0.084367
0.079115
0.078213
0.080256
0.082473
0.079209
0.059519
0.006137
-0.102800
-0.289507
-0.571459
-0.957036
-1.436087
-1.962716
-2.492522
-2.996746
-3.456884
-3.863844
-4.215630
-4.514812
-4.766411
-4.976405
-5.150806
-5.295189
-5.414492
-5.447905
-5.572987
-5.461457
-5.326901
-5.164797
-4.969981
-4.736735
-4.459053
-4.131228
-3.748899
-3.310725
-2.820648
-2.290517
-1.742301
-1.212047
-0.751093
-0.395406
-0.145763
0.008986
0.088861
0.117894
0.118690
0.108154
0.096077
0.086605
0.081032
0.080288
0.082822
0.085631
0.082652
0.062280
0.006425
-0.107519
-0.302211
-0.595122
-0.994160
-1.488047
-2.029050
-2.571600
-3.086547
-3.555390
-3.969259
-4.326458
-4.629852
-4.884725
-5.097265
-5.273651
-5.419587
-5.540108
-5.572987
-5.697740
-5.584988
-5.448902
-5.284876
-5.087641
-4.851339
-4.569794
-4.237078
-3.848578
-3.402669
-2.903031
-2.361360
-1.799723
-1.254831
-0.779537
-0.411404
-0.152021
0.009391
0.092968
0.123301
0.123830
0.112320
0.099203
0.088970
0.083066
0.082480
0.085516
0.088929
0.086231
0.065136
0.006722
-0.112359
-0.315185
-0.619201
-1.031809
-1.540574
-2.095923
-2.651136
-3.176696
-3.654129
-4.074797
-4.437310
-4.744834
-5.002910
-5.217938
-5.396261
-5.543710
-5.665418
-5.697740
-5.822160
-5.708211
-5.570625
-5.404717
-5.205107
-4.965806
-4.680462
-4.342935
-3.948354
-3.494809
-2.985712
-2.432590
-1.857591
-1.298065
-0.808368
-0.427674
-0.158408
0.009805
0.097194
0.128891
0.129169
0.116668
0.102482
0.091465
0.085218
0.084794
0.088344
0.092371
0.089949
0.068089
0.007028
-0.117317
-0.328426
-0.643689
-1.069970
-1.593653
-2.163315
-2.731107
-3.267171
-3.753078
-4.180437
-4.548170
-4.859742
-5.120953
-5.338413
-5.518628
-5.667552
-5.790416
-5.822160
-5.946239
-5.831119
-5.692064
-5.524309
-5.322370
-5.080123
-4.791045
-4.448782
-4.048207
-3.587125
-3.068670
-2.504188
-1.915887
-1.341734
-0.837578
-0.444212
-0.164922
0.010229
0.101540
0.134666
0.134711
0.121202
0.105920
0.094096
0.087494
0.087232
0.091307
0.095961
0.093808
0.071140
0.007342
-0.122394
-0.341933
-0.668580
-1.108633
-1.647266
-2.231205
-2.811491
-3.357949
-3.852216
-4.286160
-4.659019
-4.974560
-5.238842
-5.458678
-5.640740
-5.791104
-5.915093
-5.946239
-6.069974
-5.953705
-5.813211
-5.643644
-5.439419
-5.194278
-4.901529
-4.554605
-4.148122
-3.679597
-3.151883
-2.576133
-1.974593
-1.385826
-0.867159
-0.461013
-0.171564
0.010664
0.106006
0.140627
0.140459
0.125928
0.109521
0.096866
0.089898
0.089801
0.094412
0.099703
0.097811
0.074289
0.007665
-0.127590
-0.355703
-0.693867
-1.147786
-1.701398
-2.299573
-2.892265
-3.449007
-3.951522
-4.391948
-4.769842
-5.089276
-5.356563
-5.578725
-5.762591
-5.914359
-6.039445
-6.069974
-6.193358
-6.075965
-5.934060
-5.762716
-5.556245
-5.308260
-5.011901
-4.660388
-4.248081
-3.772209
-3.235335
-2.648407
-2.033693
-1.430327
-0.897102
-0.478073
-0.178330
0.011108
0.110592
0.146777
0.146416
0.130849
0.113291
0.099780
0.092434
0.092502
0.097661
0.103599
0.101960
0.077538
0.007997
-0.132903
-0.369732
-0.719544
-1.187419
-1.756033
-2.368399
-2.973408
-3.540326
-4.050978
-4.497783
-4.880624
-5.203876
-5.474107
-5.698544
-5.884172
-6.037310
-6.163466
-6.193358
-6.316389
-6.197894
-6.054604
-5.881516
-5.672841
-5.422061
-5.122150
-4.766118
-4.348070
-3.864942
-3.319005
-2.720991
-2.093170
-1.475225
-0.927399
-0.495388
-0.185221
0.011562
0.115297
0.153115
0.152587
0.135972
0.117234
0.102844
0.095106
0.095343
0.101060
0.107655
0.106257
0.080886
0.008337
-0.138334
-0.384019
-0.745605
-1.227521
-1.811154
-2.437666
-3.054899
-3.631884
-4.150564
-4.603649
-4.991351
-5.318348
-5.591464
-5.818126
-6.005476
-6.159952
-6.287151
-6.316389
-6.439063
-6.319487
-6.174839
-6.000039
-5.789198
-5.535671
-5.232265
-4.871782
-4.448073
-3.957780
-3.402878
-2.793869
-2.153009
-1.520508
-0.958042
-0.512955
-0.192235
0.012025
0.120124
0.159645
0.158974
0.141299
0.121356
0.106062
0.097918
0.098325
0.104613
0.111873
0.110704
0.084336
0.008686
-0.143881
-0.398560
-0.772045
-1.268081
-1.866748
-2.507353
-3.136721
-3.723662
-4.250263
-4.709530
-5.102008
-5.432681
-5.708623
-5.937463
-6.126497
-6.282279
-6.410495
-6.439063
-6.561376
-6.440740
-6.294760
-6.118278
-5.905310
-5.649081
-5.342235
-4.977369
-4.548076
-4.050708
-3.486935
-2.867024
-2.213194
-1.566163
-0.989024
-0.530769
-0.199370
0.012499
0.125070
0.166367
0.165580
0.146837
0.125661
0.109438
0.100877
0.101456
0.108324
0.116258
0.115304
0.087887
0.009043
-0.149544
-0.413354
-0.798856
-1.309089
-1.922800
-2.577444
-3.218852
-3.815644
-4.350058
-4.815412
-5.212585
-5.546864
-5.825576
-6.056548
-6.247229
-6.404287
-6.533494
-6.561376
-6.683326
-6.561651
-6.414363
-6.236230
-6.021170
-5.762284
-5.452053
-5.082867
-4.648067
-4.143710
-3.571161
-2.940438
-2.273711
-1.612178
-1.020336
-0.548826
-0.206626
0.012982
0.130138
0.173283
0.172409
0.152590
0.130155
0.112978
0.103986
0.104738
0.112199
0.120812
0.120060
0.091540
0.009410
-0.155323
-0.428397
-0.826034
-1.350534
-1.979294
-2.647920
-3.301276
-3.907810
-4.449934
-4.921280
-5.323068
-5.660887
-5.942316
-6.175375
-6.367666
-6.525970
-6.656146
-6.683326
-6.804911
-6.682215
-6.533643
-6.353887
-6.136772
-5.875271
-5.561708
-5.188265
-4.748034
-4.236774
-3.655541
-3.014098
-2.334545
-1.658543
-1.051971
-0.567122
-0.214001
0.013474
0.135325
0.180393
0.179463
0.158562
0.134844
0.116688
0.107250
0.108177
0.116240
0.125541
0.124972
0.095296
0.009785
-0.161217
-0.443687
-0.853571
-1.392407
-2.036216
-2.718767
-3.383975
-4.000144
-4.549874
-5.027122
-5.433448
-5.774742
-6.058833
-6.293938
-6.487803
-6.647325
-6.778446
-6.804911
-6.926128
-6.802430
-6.652597
-6.471247
-6.252110
-5.988038
-5.671192
-5.293554
-4.847963
-4.329884
-3.740059
-3.087986
-2.395682
-1.705245
-1.083921
-0.585654
-0.221494
0.013976
0.140634
0.187700
0.186747
0.164759
0.139732
0.120572
0.110675
0.111778
0.120454
0.130447
0.130044
0.099157
0.010169
-0.167226
-0.459222
-0.881463
-1.434696
-2.093554
-2.789966
-3.466931
-4.092630
-4.649866
-5.132926
-5.543712
-5.888420
-6.175123
-6.412230
-6.607637
-6.768349
-6.900393
-6.926128
-7.046975
-6.922295
-6.771222
-6.588306
-6.367180
-6.100576
-5.780498
-5.398725
-4.947845
-4.423029
-3.824702
-3.162090
-2.457109
-1.752275
-1.116179
-0.604417
-0.229103
0.014488
0.146063
0.195205
0.194262
0.171184
0.144825
0.124637
0.114265
0.115546
0.124845
0.135534
0.135278
0.103121
0.010561
-0.173348
-0.474999
-0.909703
-1.477394
-2.151292
-2.861502
-3.550128
-4.185252
-4.749894
-5.238679
-5.653853
-6.001913
-6.291177
-6.530247
-6.727162
-6.889039
-7.021984
-7.046975
-7.167452
-7.041806
-6.889516
-6.705059
-6.481978
-6.212881
-5.889618
-5.503768
-5.047669
-4.516197
-3.909457
-3.236395
-2.518812
-1.799620
-1.148737
-0.623407
-0.236828
0.015009
0.151613
0.202908
0.202013
0.177843
0.150129
0.128886
0.118026
0.119486
0.129417
0.140807
0.140675
0.107190
0.010963
-0.179584
-0.491015
-0.938286
-1.520488
-2.209418
-2.933360
-3.633551
-4.277996
-4.849947
-5.344370
-5.763860
-6.115213
-6.406991
-6.647984
-6.846376
-7.009391
-7.143216
-7.167452
-7.287557
-7.160963
-7.007476
-6.821504
-6.596498
-6.324947
-5.998546
-5.608675
-5.147425
-4.609375
-3.994310
-3.310887
-2.580778
-1.847270
-1.181589
-0.642622
-0.244667
0.015540
0.157283
0.210811
0.210001
0.184740
0.155650
0.133327
0.121962
0.123602
0.134176
0.146267
0.146238
0.111365
0.011373
-0.185932
-0.507268
-0.967205
-1.563972
-2.267919
-3.005525
-3.717185
-4.370848
-4.950011
-5.449990
-5.873725
-6.228314
-6.522559
-6.765437
-6.965276
-7.129403
-7.264089
-7.287557
-7.407289
-7.279763
-7.125100
-6.937638
-6.710737
-6.436770
-6.107276
-5.713440
-5.247104
-4.702553
-4.079249
-3.385554
-2.642996
-1.895215
-1.214727
-0.662056
-0.252619
0.016080
0.163074
0.218915
0.218230
0.191880
0.161392
0.137964
0.126081
0.127901
0.139126
0.151920
0.151968
0.115646
0.011791
-0.192392
-0.523755
-0.996456
-1.607834
-2.326782
-3.077982
-3.801014
-4.463795
-5.050076
-5.555528
-5.983441
-6.341208
-6.637875
-6.882602
-7.083857
-7.249074
-7.384600
-7.407289
-7.526647
-7.398206
-7.242386
-7.053458
-6.824692
-6.548344
-6.215802
-5.818054
-5.346697
-4.795721
-4.164263
-3.460383
-2.705452
-1.943445
-1.248144
-0.681707
-0.260683
0.016629
0.168986
0.227221
0.226702
0.199267
0.167361
0.142804
0.130386
0.132388
0.144271
0.157769
0.157868
0.120034
0.012219
-0.198964
-0.540473
-1.026032
-1.652065
-2.385995
-3.150718
-3.885026
-4.556823
-5.150129
-5.660975
-6.092998
-6.453891
-6.752935
-6.999476
-7.202118
-7.368401
-7.504749
-7.526647
-7.645632
-7.516291
-7.359333
-7.168962
-6.938360
-6.659666
-6.324119
-5.922511
-5.446196
-4.888869
-4.249340
-3.535361
-2.768136
-1.991951
-1.281833
-0.701570
-0.268857
0.017187
0.175019
0.235730
0.235420
0.206905
0.173562
0.147852
0.134884
0.137068
0.149617
0.163817
0.163939
0.124529
0.012655
-0.205647
-0.557421
-1.055928
-1.696657
-2.445546
-3.223718
-3.969206
-4.649920
-5.250160
-5.766323
-6.202392
-6.566357
-6.867735
-7.116055
-7.320057
-7.487383
-7.624534
-7.645632
-7.764243
-7.634016
-7.475940
-7.284148
-7.051737
-6.770732
-6.432221
-6.026804
-5.545593
-4.981987
-4.334469
-3.610479
-2.831036
-2.040721
-1.315788
-0.721642
-0.277141
0.017755
0.181172
0.244443
0.244387
0.214800
0.180002
0.153114
0.139580
0.141946
0.155169
0.170067
0.170183
0.129132
0.013100
-0.212440
-0.574596
-1.086138
-1.741600
-2.505422
-3.296970
-4.053541
-4.743074
-5.350160
-5.871562
-6.311614
-6.678600
-6.982271
-7.232336
-7.437671
-7.606018
-7.743955
-7.764243
-7.882480
-7.751382
-7.592205
-7.399015
-7.164822
-6.881538
-6.540104
-6.130929
-5.644880
-5.075067
-4.419641
-3.685723
-2.894141
-2.089747
-1.350002
-0.741920
-0.285533
0.018332
0.187445
0.253361
0.253605
0.222955
0.186686
0.158596
0.144480
0.147028
0.160931
0.176524
0.176603
0.133843
0.013554
-0.219342
-0.591994
-1.116658
-1.786886
-2.565612
-3.370461
-4.138019
-4.836274
-5.450119
-5.976685
-6.420659
-6.790615
-7.096539
-7.348317
-7.554958
-7.724306
-7.863011
-7.882480
-8.000342
-7.868389
-7.708127
-7.513561
-7.277612
-6.992082
-6.647764
-6.234878
-5.744051
-5.168100
-4.504845
-3.761084
-2.957440
-2.139021
-1.384467
-0.762399
-0.294031
0.018918
0.193839
0.262485
0.263078
0.231374
0.193619
0.164303
0.149590
0.152319
0.166907
0.183190
0.183199
0.138663
0.014016
-0.226353
-0.609614
-1.147481
-1.832505
-2.626106
-3.444178
-4.222628
-4.929510
-5.550027
-6.081686
-6.529520
-6.902399
-7.210537
-7.463995
-7.671918
-7.842246
-7.981703
-8.000342
-8.117831
-7.985035
-7.823707
-7.627784
-7.390105
-7.102360
-6.755198
-6.338648
-5.843100
-5.261078
-4.590071
-3.836552
-3.020923
-2.188531
-1.419179
-0.783076
-0.302635
0.019513
0.200354
0.271816
0.272807
0.240063
0.200807
0.170242
0.154916
0.157825
0.173103
0.190069
0.189974
0.143592
0.014487
-0.233473
-0.627453
-1.178602
-1.878450
-2.686891
-3.518109
-4.307357
-5.022771
-5.649876
-6.186556
-6.638194
-7.013948
-7.324261
-7.579370
-7.788549
-7.959836
-8.100029
-8.117831
-8.234947
-8.101322
-7.938943
-7.741684
-7.502300
-7.212371
-6.862400
-6.442232
-5.942019
-5.353994
-4.675312
-3.912116
-3.084580
-2.238271
-1.454130
-0.803947
-0.311344
0.020117
0.206988
0.281354
0.282795
0.249024
0.208255
0.176419
0.160463
0.163551
0.179524
0.197164
0.196929
0.148631
0.014967
-0.240700
-0.645508
-1.210015
-1.924712
-2.747957
-3.592243
-4.392194
-5.116048
-5.749658
-6.291290
-6.746674
-7.125256
-7.437708
-7.694438
-7.904849
-8.077077
-8.217990
-8.234947
-8.351690
-8.217249
-8.053835
-7.855259
-7.614194
-7.322110
-6.969369
-6.545628
-6.040803
-5.446839
-4.760559
-3.987766
-3.148402
-2.288231
-1.489314
-0.825010
-0.320156
0.020730
0.213742
0.291100
0.293044
0.258263
0.215969
0.182839
0.166238
0.169503
0.186173
0.204479
0.204066
0.153780
0.015455
-0.248034
-0.663777
-1.241716
-1.971282
-2.809293
-3.666568
-4.477128
-5.209330
-5.849365
-6.395881
-6.854955
-7.236322
-7.550876
-7.809198
-8.020819
-8.193969
-8.335587
-8.351690
-8.468060
-8.332816
-8.168383
-7.968510
-7.725787
-7.431577
-7.076100
-6.648830
-6.139448
-5.539609
-4.845802
-4.063495
-3.212378
-2.338403
-1.524725
-0.846260
-0.329069
0.021352
0.220616
0.301056
0.303556
0.267783
0.223954
0.189509
0.172246
0.175686
0.193057
0.212016
0.211387
0.159039
0.015952
-0.255475
-0.682258
-1.273700
-2.018153
-2.870890
-3.741074
-4.562149
-5.302610
-5.948990
-6.500323
-6.963034
-7.347142
-7.663763
-7.923649
-8.136456
-8.310510
-8.452818
-8.468060
-8.584060
-8.448025
-8.282588
-8.081436
-7.837077
-7.540770
-7.182592
-6.751835
-6.237947
-5.632295
-4.931035
-4.139292
-3.276501
-2.388778
-1.560357
-0.867694
-0.338083
0.021983
0.227610
0.311221
0.314335
0.277588
0.232215
0.196434
0.178493
0.182107
0.200178
0.219779
0.218892
0.164409
0.016458
-0.263020
-0.700948
-1.305960
-2.065316
-2.932737
-3.815750
-4.647248
-5.395878
-6.048526
-6.604612
-7.070907
-7.457713
-7.776367
-8.037789
-8.251762
-8.426702
-8.569686
-8.584060
-8.699689
-8.562875
-8.396448
-8.194035
-7.948064
-7.649686
-7.288841
-6.854639
-6.336295
-5.724892
-5.016251
-4.215150
-3.340760
-2.439350
-1.596204
-0.889309
-0.347197
0.022622
0.234723
0.321597
0.325381
0.287683
0.240757
0.203621
0.184986
0.188769
0.207542
0.227772
0.226585
0.169890
0.016972
-0.270671
-0.719843
-1.338492
-2.112763
-2.994824
-3.890585
-4.732415
-5.489126
-6.147966
-6.708742
-7.178569
-7.568032
-7.888687
-8.151618
-8.366735
-8.542543
-8.686190
-8.699689
-8.814948
-8.677367
-8.509965
-8.306309
-8.058747
-7.758325
-7.394845
-6.957238
-6.434489
-5.817394
-5.101441
-4.291059
-3.405148
-2.490109
-1.632259
-0.911101
-0.356410
0.023270
0.241956
0.332184
0.336698
0.298070
0.249587
0.211076
0.191729
0.195680
0.215153
0.235996
0.234465
0.175483
0.017495
-0.278426
-0.738943
-1.371291
-2.160487
-3.057142
-3.965570
-4.817640
-5.582347
-6.247304
-6.812708
-7.286017
-7.678096
-8.000720
-8.265136
-8.481375
-8.658036
-8.802331
-8.814948
-8.929840
-8.791502
-8.623139
-8.418257
-8.169124
-7.866685
-7.500603
-7.059631
-6.532524
-5.909796
-5.186599
-4.367014
-3.469656
-2.541049
-1.668518
-0.933067
-0.365719
0.023927
0.249308
0.342983
0.348286
0.308754
0.258709
0.218803
0.198730
0.202844
0.223017
0.244455
0.242535
0.181188
0.018027
-0.286285
-0.758244
-1.404352
-2.208480
-3.119681
-4.040695
-4.902915
-5.675533
-6.346534
-6.916505
-7.393248
-7.787905
-8.112465
-8.378340
-8.595682
-8.773179
-8.918110
-8.929840
-9.044364
-8.905281
-8.735971
-8.529878
-8.279196
-7.974764
-7.606111
-7.161813
-6.630397
-6.002092
-5.271719
-4.443005
-3.534277
-2.592162
-1.704975
-0.955203
-0.375124
0.024592
0.256778
0.353994
0.360150
0.319738
0.268127
0.226810
0.205995
0.210267
0.231136
0.253151
0.250796
0.187004
0.018567
-0.294246
-0.777744
-1.437669
-2.256734
-3.182433
-4.115951
-4.988231
-5.768677
-6.445651
-7.020130
-7.500259
-7.897455
-8.223921
-8.491231
-8.709656
-8.887973
-9.033527
-9.044364
-9.158522
-9.018705
-8.848460
-8.641174
-8.388962
-8.082563
-7.711369
-7.263782
-6.728102
-6.094277
-5.356795
-4.519025
-3.599002
-2.643440
-1.741623
-0.977507
-0.384624
0.025266
0.264367
0.365218
0.372289
0.331027
0.277848
0.235102
0.213528
0.217954
0.239516
0.262089
0.259250
0.192934
0.019116
-0.302309
-0.797440
-1.471238
-2.305243
-3.245388
-4.191329
-5.073580
-5.861773
-6.544649
-7.123579
-7.607047
-8.006745
-8.335087
-8.603808
-8.823297
-9.002420
-9.148585
-9.158522
-9.272315
-9.131774
-8.960608
-8.752144
-8.498423
-8.190079
-7.816375
-7.365535
-6.825637
-6.186347
-5.441820
-4.595068
-3.663824
-2.694877
-1.778458
-0.999974
-0.394217
0.025949
0.272074
0.376655
0.384707
0.342623
0.287877
0.243685
0.221336
0.225911
0.248161
0.271270
0.267897
0.198976
0.019673
-0.310473
-0.817329
-1.505054
-2.353998
-3.308538
-4.266819
-5.158955
-5.954813
-6.643523
-7.226847
-7.713609
-8.115773
-8.445963
-8.716072
-8.936607
-9.116519
-9.263282
-9.272315
-9.385746
-9.244491
-9.072415
-8.862789
-8.607576
-8.297313
-7.921127
-7.467071
-6.922999
-6.278297
-5.526789
-4.671128
-3.728736
-2.746466
-1.815474
-1.022602
-0.403903
0.026639
0.279899
0.388306
0.397404
0.354530
0.298217
0.252565
0.229426
0.234143
0.257074
0.280698
0.276739
0.205131
0.020239
-0.318738
-0.837410
-1.539111
-2.402993
-3.371874
-4.342414
-5.244348
-6.047792
-6.742268
-7.329932
-7.819944
-8.224537
-8.556547
-8.828021
-9.049584
-9.230272
-9.377622
-9.385746
-9.498814
-9.356855
-9.183883
-8.973110
-8.716424
-8.404263
-8.025625
-7.568388
-7.020184
-6.370124
-5.611697
-4.747197
-3.793731
-2.798199
-1.852666
-1.045388
-0.413679
0.027339
0.287842
0.400171
0.410384
0.366751
0.308874
0.261747
0.237801
0.242655
0.266261
0.290374
0.285778
0.211399
0.020813
-0.327103
-0.857680
-1.573405
-2.452220
-3.435389
-4.418106
-5.329752
-6.140704
-6.840881
-7.432830
-7.926048
-8.333037
-8.666839
-8.939656
-9.162229
-9.343679
-9.491605
-9.498814
-9.611521
-9.468869
-9.295011
-9.083106
-8.824966
-8.510930
-8.129866
-7.669482
-7.117190
-6.461822
-5.696538
-4.823269
-3.858801
-2.850072
-1.890028
-1.068328
-0.423546
0.028046
0.295902
0.412251
0.423647
0.379291
0.319853
0.271237
0.246470
0.251453
0.275726
0.300302
0.295014
0.217780
0.021396
-0.335567
-0.878136
-1.607932
-2.501673
-3.499073
-4.493886
-5.415159
-6.233543
-6.939355
-7.535537
-8.031920
-8.441271
-8.776838
-9.050978
-9.274543
-9.456741
-9.605231
-9.611521
-9.723870
-9.580533
-9.405802
-9.192778
-8.933201
-8.617312
-8.233850
-7.770353
-7.214013
-6.553389
-5.781308
-4.899338
-3.923942
-2.902076
-1.927555
-1.091419
-0.433501
0.028762
0.304079
0.424546
0.437195
0.392152
0.331159
0.281040
0.255437
0.260542
0.285471
0.310484
0.304448
0.224275
0.021987
-0.344129
-0.898776
-1.642686
-2.551345
-3.562920
-4.569747
-5.500564
-6.326304
-7.037689
-7.638052
-8.137557
-8.549238
-8.886544
-9.161985
-9.386527
-9.569459
-9.718503
-9.723870
-9.835861
-9.691848
-9.516255
-9.302127
-9.041131
-8.723410
-8.337576
-7.870999
-7.310652
-6.644820
-5.866001
-4.975400
-3.989145
-2.954206
-1.965242
-1.114658
-0.443543
0.029485
0.312373
0.437056
0.451030
0.405337
0.342795
0.291163
0.264707
0.269926
0.295503
0.320924
0.314082
0.230884
0.022587
-0.352788
-0.919597
-1.677663
-2.601229
-3.626921
-4.645682
-5.585959
-6.418981
-7.135877
-7.740371
-8.242959
-8.656937
-8.995957
-9.272679
-9.498181
-9.681835
-9.831422
-9.835861
-9.947496
-9.802817
-9.626373
-9.411155
-9.148755
-8.829224
-8.441044
-7.971418
-7.407104
-6.736113
-5.950614
-5.051447
-4.054405
-3.006456
-2.003085
-1.138041
-0.453672
0.030217
0.320784
0.449782
0.465153
0.418849
0.354767
0.301611
0.274288
0.279611
0.305823
0.331622
0.323917
0.237606
0.023195
-0.361545
-0.940597
-1.712858
-2.651319
-3.691069
-4.721682
-5.671339
-6.511571
-7.233917
-7.842492
-8.348124
-8.764368
-9.105077
-9.383060
-9.609506
-9.793868
-9.943989
-9.947496
-10.058777
-9.913441
-9.736156
-9.519860
-9.256075
-8.934753
-8.544252
-8.071609
-7.503367
-6.827264
-6.035143
-5.127476
-4.119716
-3.058820
-2.041078
-1.161567
-0.463886
0.030957
0.329310
0.462723
0.479566
0.432692
0.367080
0.312388
0.284183
0.289603
0.316437
0.342582
0.333954
0.244443
0.023812
-0.370397
-0.961774
-1.748266
-2.701607
-3.755356
-4.797742
-5.756698
-6.604068
-7.331804
-7.944413
-8.453050
-8.871530
-9.213903
-9.493128
-9.720503
-9.905562
-10.056206
-10.058777
-10.169705
-10.023720
-9.845606
-9.628246
-9.363090
-9.039997
-8.647200
-8.171571
-7.599438
-6.918270
-6.119582
-5.203481
-4.185073
-3.111292
-2.079217
-1.185231
-0.474184
0.031705
0.337951
0.475880
0.494271
0.446868
0.379736
0.323501
0.294399
0.299905
0.327347
0.353806
0.344194
0.251393
0.024436
-0.379344
-0.983124
-1.783882
-2.752088
-3.819777
-4.873855
-5.842029
-6.696467
-7.429535
-8.046132
-8.557736
-8.978421
-9.322435
-9.602883
-9.831173
-10.016916
-10.168073
-10.169705
-10.280282
-10.133656
-9.954723
-9.736311
-9.469801
-9.144957
-8.749888
-8.271302
-7.695316
-7.009129
-6.203929
-5.279457
-4.250469
-3.163866
-2.117497
-1.209031
-0.484564
0.032461
0.346708
0.489253
0.509268
0.461381
0.392742
0.334954
0.304942
0.310523
0.338558
0.365296
0.354638
0.258458
0.025070
-0.388386
-1.004645
-1.819703
-2.802756
-3.884323
-4.950014
-5.927329
-6.788766
-7.527109
-8.147645
-8.662180
-9.085043
-9.430674
-9.712327
-9.941516
-10.127931
-10.279592
-10.280282
-10.390510
-10.243251
-10.063509
-9.844058
-9.576208
-9.249633
-8.852316
-8.370803
-7.790999
-7.099837
-6.288180
-5.355399
-4.315899
-3.216538
-2.155913
-1.232963
-0.495026
0.033224
0.355579
0.502843
0.524560
0.476232
0.406100
0.346753
0.315816
0.321461
0.350074
0.377055
0.365286
0.265637
0.025711
-0.397521
-1.026335
-1.855724
-2.853603
-3.948988
-5.026213
-6.012590
-6.880959
-7.624520
-8.248953
-8.766383
-9.191394
-9.538621
-9.821460
-10.051533
-10.238610
-10.390766
-10.390510
-10.500390
-10.352507
-10.171965
-9.951487
-9.682313
-9.354024
-8.954482
-8.470071
-7.886486
-7.190393
-6.372331
-5.431303
-4.381358
-3.269300
-2.194460
-1.257026
-0.505567
0.033995
0.364564
0.516648
0.540147
0.491426
0.419816
0.358903
0.327026
0.332725
0.361897
0.389084
0.376140
0.272930
0.026361
-0.406748
-1.048192
-1.891940
-2.904626
-4.013766
-5.102446
-6.097809
-6.973042
-7.721768
-8.350052
-8.870342
-9.297473
-9.646274
-9.930282
-10.161227
-10.348953
-10.501595
-10.500390
-10.609924
-10.461424
-10.280092
-10.058599
-9.788116
-9.458132
-9.056388
-8.569106
-7.981774
-7.280793
-6.456379
-5.507165
-4.446842
-3.322150
-2.233135
-1.281215
-0.516188
0.034774
0.373663
0.530670
0.556030
0.506964
0.433893
0.371409
0.338579
0.344318
0.374032
0.401387
0.387201
0.280337
0.027019
-0.416068
-1.070212
-1.928347
-2.955816
-4.078650
-5.178706
-6.182981
-7.065013
-7.818849
-8.450942
-8.974057
-9.403282
-9.753634
-10.038795
-10.270596
-10.458962
-10.612081
-10.609924
-10.719113
-10.570005
-10.387893
-10.165396
-9.893618
-9.561956
-9.158032
-8.667907
-8.076863
-7.371036
-6.540320
-5.582981
-4.512344
-3.375080
-2.271932
-1.305527
-0.526887
0.035561
0.382876
0.544908
0.572211
0.522849
0.448335
0.384275
0.350479
0.356247
0.386482
0.413964
0.398469
0.287859
0.027685
-0.425478
-1.092394
-1.964940
-3.007169
-4.143634
-5.254989
-6.268100
-7.156868
-7.915762
-8.551620
-9.077528
-9.508820
-9.860702
-10.146999
-10.379644
-10.568638
-10.722225
-10.719113
-10.827960
-10.678250
-10.495367
-10.271878
-9.998819
-9.665498
-9.259414
-8.766474
-8.171751
-7.461120
-6.624153
-5.658746
-4.577861
-3.428087
-2.310848
-1.329961
-0.537662
0.036355
0.392201
0.559362
0.588690
0.539084
0.463146
0.397508
0.362731
0.368514
0.399249
0.426818
0.409944
0.295494
0.028359
-0.434979
-1.114734
-2.001715
-3.058678
-4.208711
-5.331289
-6.353163
-7.248603
-8.012503
-8.652086
-9.180753
-9.614086
-9.967479
-10.254894
-10.488370
-10.677982
-10.832029
-10.827960
-10.936465
-10.786162
-10.602517
-10.378047
-10.103721
-9.768757
-9.360536
-8.864807
-8.266437
-7.551042
-6.707873
-5.734457
-4.643388
-3.481166
-2.349878
-1.354513
-0.548513
0.037156
0.401638
0.574032
0.605469
0.555671
0.478329
0.411110
0.375340
0.381124
0.412338
0.439951
0.421629
0.303244
0.029041
-0.444569
-1.137231
-2.038667
-3.110339
-4.273876
-5.407600
-6.438165
-7.340215
-8.109070
-8.752337
-9.283732
-9.719080
-10.073964
-10.362482
-10.596777
-10.786996
-10.941495
-10.936465
-11.044632
-10.893741
-10.709343
-10.483903
-10.208324
-9.871733
-9.461396
-8.962904
-8.360921
-7.640801
-6.791478
-5.810111
-4.708920
-3.534312
-2.389018
-1.379180
-0.559438
0.037965
0.411186
0.588918
0.622549
0.572613
0.493890
0.425088
0.388312
0.394082
0.425752
0.453364
0.433523
0.311108
0.029732
-0.454247
-1.159882
-2.075794
-3.162145
-4.339124
-5.483918
-6.523102
-7.431701
-8.205462
-8.852374
-9.386465
-9.823804
-10.180158
-10.469764
-10.704864
-10.895682
-11.050624
-11.044632
-11.152461
-11.000991
-10.815848
-10.589449
-10.312628
-9.974429
-9.561995
-9.060765
-8.455200
-7.730395
-6.874965
-5.885703
-4.774454
-3.587519
-2.428263
-1.403959
-0.570436
0.038781
0.420846
0.604020
0.639930
0.589911
0.509830
0.439445
0.401651
0.407392
0.439493
0.467060
0.445626
0.319086
0.030430
-0.464013
-1.182684
-2.113089
-3.214092
-4.404448
-5.560237
-6.607971
-7.523059
-8.301677
-8.952195
-9.488951
-9.928257
-10.286062
-10.576740
-10.812634
-11.004040
-11.159418
-11.152461
-11.259954
-11.107911
-10.922032
-10.694684
-10.416636
-10.076843
-9.662334
-9.158390
-8.549274
-7.819822
-6.958333
-5.961230
-4.839984
-3.640785
-2.467611
-1.428848
-0.581506
0.039605
0.430616
0.619337
0.657614
0.607568
0.526155
0.454186
0.415361
0.421058
0.453565
0.481040
0.457941
0.327177
0.031137
-0.473865
-1.205635
-2.150549
-3.266173
-4.469843
-5.636553
-6.692766
-7.614286
-8.397713
-9.051799
-9.591189
-10.032438
-10.391676
-10.683412
-10.920088
-11.112071
-11.267878
-11.259954
-11.367113
-11.214504
-11.027898
-10.799611
-10.520348
-10.178977
-9.762411
-9.255779
-8.643142
-7.909081
-7.041578
-6.036690
-4.905508
-3.694104
-2.507057
-1.453844
-0.592646
0.040435
0.440496
0.634869
0.675601
0.625587
0.542866
0.469316
0.429447
0.435084
0.467971
0.495306
0.470466
0.335383
0.031851
-0.483803
-1.228732
-2.188170
-3.318384
-4.535303
-5.712861
-6.777486
-7.705378
-8.493568
-9.151184
-9.693181
-10.136349
-10.497001
-10.789780
-11.027226
-11.219779
-11.376006
-11.367113
-11.473940
-11.320772
-11.133445
-10.904230
-10.623765
-10.280832
-9.862229
-9.352932
-8.736803
-7.998170
-7.124698
-6.112078
-4.971021
-3.747472
-2.546597
-1.478944
-0.603856
0.041273
0.450486
0.650617
0.693891
0.643968
0.559968
0.484838
0.443915
0.449475
0.482714
0.509859
0.483203
0.343702
0.032574
-0.493826
-1.251973
-2.225948
-3.370720
-4.600824
-5.789156
-6.862126
-7.796334
-8.589241
-9.250351
-9.794925
-10.239990
-10.602038
-10.895846
-11.134050
-11.327163
-11.483804
-11.473940
-11.580437
-11.426715
-11.238677
-11.008543
-10.726888
-10.382408
-9.961786
-9.449848
-8.830258
-8.087088
-7.207692
-6.187393
-5.036519
-3.800886
-2.586227
-1.504146
-0.615134
0.042118
0.460584
0.666579
0.712486
0.662715
0.577464
0.500758
0.458767
0.464233
0.497796
0.524702
0.496152
0.352134
0.033304
-0.503933
-1.275356
-2.263879
-3.423175
-4.666401
-5.865434
-6.946683
-7.887152
-8.684730
-9.349299
-9.896421
-10.343361
-10.706787
-11.001609
-11.240561
-11.434226
-11.591273
-11.580437
-11.686604
-11.532336
-11.343594
-11.112551
-10.829718
-10.483705
-10.061083
-9.546528
-8.923504
-8.175834
-7.290557
-6.262630
-5.102000
-3.854340
-2.625943
-1.529446
-0.626479
0.042969
0.470789
0.682755
0.731386
0.681828
0.595357
0.517079
0.474010
0.479363
0.513220
0.539835
0.509313
0.360679
0.034042
-0.514122
-1.298878
-2.301958
-3.475744
-4.732028
-5.941691
-7.031153
-7.977828
-8.780034
-9.448026
-9.997669
-10.446462
-10.811249
-11.107073
-11.346761
-11.540968
-11.698415
-11.686604
-11.792444
-11.637636
-11.448198
-11.216255
-10.932255
-10.584725
-10.160122
-9.642970
-9.016542
-8.264406
-7.373291
-6.337788
-5.167459
-3.907832
-2.665742
-1.554842
-0.637890
0.043828
0.481103
0.699144
0.750591
0.701310
0.613650
0.533805
0.489646
0.494869
0.528990
0.555260
0.522687
0.369337
0.034787
-0.524394
-1.322536
-2.340182
-3.528423
-4.797701
-6.017923
-7.115534
-8.068362
-8.875152
-9.546532
-10.098669
-10.549294
-10.915425
-11.212236
-11.452651
-11.647392
-11.805231
-11.792444
-11.897959
-11.742616
-11.552490
-11.319657
-11.034502
-10.685468
-10.258901
-9.739177
-9.109370
-8.352803
-7.455893
-6.412864
-5.232893
-3.961358
-2.705621
-1.580332
-0.649366
0.044693
0.491523
0.715747
0.770102
0.721163
0.632346
0.550940
0.505681
0.510755
0.545107
0.570978
0.536274
0.378108
0.035541
-0.534747
-1.346328
-2.378547
-3.581207
-4.863414
-6.094126
-7.199823
-8.158750
-8.970082
-9.644818
-10.199422
-10.651856
-11.019316
-11.317102
-11.558232
-11.753499
-11.911723
-11.897959
-12.003150
-11.847279
-11.656471
-11.422757
-11.136459
-10.785936
-10.357422
-9.835146
-9.201990
-8.441025
-7.538360
-6.487856
-5.298298
-4.014913
-2.745575
-1.605913
-0.660905
0.045565
0.502048
0.732563
0.789919
0.741388
0.651449
0.568488
0.522118
0.527023
0.561573
0.586991
0.550074
0.386991
0.036302
-0.545180
-1.370252
-2.417048
-3.634091
-4.929165
-6.170297
-7.284017
-8.248992
-9.064823
-9.742881
-10.299927
-10.754151
-11.122922
-11.421670
-11.663505
-11.859289
-12.017893
-12.003150
-12.108019
-11.951625
-11.760144
-11.525557
-11.238127
-10.886128
-10.455685
-9.930879
-9.294399
-8.529070
-7.620692
-6.562760
-5.363673
-4.068494
-2.785602
-1.631582
-0.672506
0.046444
0.512679
0.749591
0.810043
0.761986
0.670960
0.586453
0.538961
0.543677
0.578393
0.603300
0.564088
0.395987
0.037071
-0.555692
-1.394305
-2.455683
-3.687071
-4.994947
-6.246431
-7.368113
-8.339085
-9.159375
-9.840723
-10.400184
-10.856178
-11.226245
-11.525941
-11.768472
-11.964766
-12.123742
-12.108019
-12.212567
-12.055657
-11.863509
-11.628059
-11.339507
-10.986046
-10.553690
-10.026376
-9.386599
-8.616938
-7.702886
-6.637574
-5.429013
-4.122098
-2.825697
-1.657337
-0.684168
0.047329
0.523415
0.766830
0.830474
0.782960
0.690883
0.604838
0.556215
0.560721
0.595567
0.619905
0.578315
0.405094
0.037847
-0.566282
-1.418485
-2.494446
-3.740142
-5.060757
-6.322524
-7.452109
-8.429027
-9.253736
-9.938341
-10.500193
-10.957937
-11.329285
-11.629917
-11.873134
-12.069929
-12.229272
-12.212567
-12.316797
-12.159376
-11.966568
-11.730263
-11.440600
-11.085690
-10.651439
-10.121636
-9.478587
-8.704627
-7.784940
-6.712297
-5.494316
-4.175721
-2.865858
-1.683175
-0.695891
0.048221
0.534254
0.784281
0.851212
0.804310
0.711220
0.623647
0.573882
0.578159
0.613098
0.636809
0.592756
0.414312
0.038631
-0.576950
-1.442789
-2.533335
-3.793300
-5.126591
-6.398575
-7.536002
-8.518817
-9.347905
-10.035737
-10.599955
-11.059430
-11.432042
-11.733600
-11.977493
-12.174781
-12.334485
-12.316797
-12.420710
-12.262783
-12.069322
-11.832171
-11.541407
-11.185062
-10.748931
-10.216660
-9.570366
-8.792137
-7.866855
-6.786927
-5.559578
-4.229360
-2.906081
-1.709094
-0.707672
0.049118
0.545196
0.801942
0.872256
0.826038
0.731974
0.642884
0.591967
0.595992
0.630989
0.654012
0.607411
0.423642
0.039422
-0.587694
-1.467215
-2.572345
-3.846540
-5.192444
-6.474578
-7.619789
-8.608453
-9.441882
-10.132910
-10.699470
-11.160657
-11.534519
-11.836989
-12.081548
-12.279324
-12.439381
-12.420710
-12.524307
-12.365880
-12.171773
-11.933784
-11.641930
-11.284162
-10.846168
-10.311449
-9.661933
-8.879467
-7.948627
-6.861460
-5.624798
-4.283011
-2.946363
-1.735092
-0.719511
0.050023
0.556240
0.819812
0.893608
0.848145
0.753147
0.662551
0.610474
0.614225
0.649241
0.671516
0.622280
0.433082
0.040221
-0.598513
-1.491760
-2.611474
-3.899858
-5.258313
-6.550532
-7.703469
-8.697934
-9.535666
-10.229860
-10.798738
-11.261618
-11.636715
-11.940086
-12.185303
-12.383557
-12.543963
-12.524307
-12.627590
-12.468669
-12.273923
-12.035104
-11.742170
-11.382991
-10.943149
-10.406002
-9.753289
-8.966616
-8.030257
-6.935895
-5.689972
-4.336672
-2.986701
-1.761165
-0.731406
0.050933
0.567385
0.837891
0.915267
0.870633
0.774742
0.682653
0.629406
0.632860
0.667857
0.689320
0.637362
0.442633
0.041026
-0.609406
-1.516422
-2.650717
-3.953250
-5.324194
-6.626433
-7.787038
-8.787259
-9.629256
-10.326586
-10.897759
-11.362314
-11.738632
-12.042893
-12.288758
-12.487484
-12.648233
-12.627590
-12.730562
-12.571151
-12.375771
-12.136131
-11.842127
-11.481551
-11.039876
-10.500319
-9.844434
-9.053584
-8.111742
-7.010231
-5.755098
-4.390340
-3.027092
-1.787312
-0.743356
0.051850
0.578632
0.856178
0.937233
0.893501
0.796761
0.703191
0.648766
0.651901
0.686838
0.707426
0.652659
0.452294
0.041840
-0.620373
-1.541198
-2.690070
-4.006712
-5.390082
-6.702277
-7.870496
-8.876425
-9.722651
-10.423089
-10.996534
-11.462746
-11.840271
-12.145410
-12.391915
-12.591105
-12.752191
-12.730562
-12.833222
-12.673328
-12.477321
-12.236867
-11.941803
-11.579841
-11.136349
-10.594402
-9.935368
-9.140370
-8.193081
-7.084465
-5.820174
-4.444011
-3.067533
-1.813530
-0.755360
0.052772
0.589977
0.874672
0.959506
0.916752
0.819206
0.724170
0.668558
0.671350
0.706187
0.725835
0.668169
0.462064
0.042660
-0.631412
-1.566087
-2.729531
-4.060240
-5.455975
-6.778063
-7.953840
-8.965432
-9.815850
-10.519367
-11.095063
-11.562914
-11.941632
-12.247639
-12.494774
-12.694422
-12.855839
-12.833222
-12.935574
-12.775201
-12.578574
-12.337313
-12.041198
-11.677862
-11.232568
-10.688250
-10.026090
-9.226974
-8.274274
-7.158596
-5.885196
-4.497682
-3.108020
-1.839817
-0.767418
0.053701
0.601422
0.893373
0.982085
0.940386
0.842079
0.745593
0.688785
0.691210
0.725904
0.744547
0.683892
0.471943
0.043488
-0.642522
-1.591085
-2.769095
-4.113830
-5.521868
-6.853787
-8.037068
-9.054279
-9.908854
-10.615422
-11.193346
-11.662819
-12.042716
-12.349580
-12.597337
-12.797436
-12.959179
-12.935574
-13.037619
-12.876772
-12.679530
-12.437471
-12.140315
-11.775617
-11.328535
-10.781864
-10.116601
-9.313395
-8.355320
-7.232622
-5.950163
-4.551352
-3.148552
-1.866170
-0.779526
0.054635
0.612964
0.912279
1.004971
0.964405
0.865383
0.767462
0.709450
0.711484
0.745993
0.763564
0.699829
0.481930
0.044322
-0.653702
-1.616191
-2.808759
-4.167478
-5.587758
-6.929446
-8.120178
-9.142965
-10.001662
-10.711254
-11.291383
-11.762462
-12.143525
-12.451235
-12.699606
-12.900149
-13.062212
-13.037619
-13.139357
-12.978041
-12.780192
-12.537341
-12.239154
-11.873105
-11.424250
-10.875243
-10.206901
-9.399633
-8.436217
-7.306541
-6.015073
-4.605016
-3.189124
-1.892588
-0.791686
0.055576
0.624604
0.931389
1.028163
0.988807
0.889118
0.789779
0.730556
0.732173
0.766454
0.782884
0.715979
0.492025
0.045164
-0.664952
-1.641401
-2.848520
-4.221180
-5.653643
-7.005038
-8.203168
-9.231488
-10.094273
-10.806861
-11.389176
-11.861843
-12.244059
-12.552605
-12.801581
-13.002562
-13.164940
-13.139357
-13.240792
-13.079012
-12.880560
-12.636926
-12.337715
-11.970328
-11.519713
-10.968390
-10.296989
-9.485687
-8.516964
-7.380352
-6.079922
-4.658672
-3.229735
-1.919068
-0.803895
0.056522
0.636340
0.950703
1.051660
1.013596
0.913288
0.812549
0.752106
0.753282
0.787289
0.802510
0.732342
0.502228
0.046012
-0.676269
-1.666714
-2.888375
-4.274934
-5.719517
-7.080561
-8.286037
-9.319847
-10.186686
-10.902245
-11.486724
-11.960963
-12.344319
-12.653691
-12.903264
-13.104676
-13.267364
-13.240792
-13.341924
-13.179684
-12.980636
-12.736225
-12.436001
-12.067286
-11.614926
-11.061303
-10.386866
-9.571557
-8.597561
-7.454054
-6.144710
-4.712318
-3.270381
-1.945607
-0.816152
0.057473
0.648171
0.970219
1.075462
1.038770
0.937893
0.835773
0.774103
0.774812
0.808500
0.822442
0.748917
0.512538
0.046868
-0.687654
-1.692127
-2.928319
-4.328734
-5.785380
-7.156012
-8.368783
-9.408041
-10.278902
-10.997405
-11.584028
-12.059823
-12.444306
-12.754494
-13.004657
-13.206494
-13.369487
-13.341924
-13.442754
-13.280060
-13.080421
-12.835242
-12.534012
-12.163980
-11.709889
-11.153983
-10.476532
-9.657243
-8.678006
-7.527644
-6.209434
-4.765952
-3.311061
-1.972204
-0.828457
0.058430
0.660097
0.989936
1.099569
1.064330
0.962936
0.859453
0.796551
0.796765
0.830087
0.842679
0.765704
0.522954
0.047730
-0.699105
-1.717638
-2.968350
-4.382578
-5.851226
-7.231388
-8.451404
-9.496071
-10.370920
-11.092341
-11.681088
-12.158423
-12.544021
-12.855015
-13.105760
-13.308015
-13.471308
-13.442754
-13.543285
-13.380141
-13.179917
-12.933975
-12.631750
-12.260412
-11.804603
-11.246431
-10.565987
-9.742744
-8.758300
-7.601122
-6.274092
-4.819570
-3.351770
-1.998856
-0.840808
0.059393
0.672116
1.009854
1.123980
1.090277
0.988417
0.883593
0.819450
0.819144
0.852053
0.863223
0.782703
0.533476
0.048599
-0.710621
-1.743244
-3.008464
-4.436461
-5.917054
-7.306688
-8.533899
-9.583933
-10.462740
-11.187054
-11.777905
-12.256765
-12.643466
-12.955256
-13.206575
-13.409243
-13.572830
-13.543285
-13.643518
-13.479929
-13.279125
-13.032428
-12.729215
-12.356582
-11.899069
-11.338648
-10.655231
-9.828060
-8.838440
-7.674487
-6.338683
-4.873170
-3.392507
-2.025562
-0.853203
0.060360
0.684227
1.029970
1.148695
1.116611
1.014338
0.908194
0.842805
0.841951
0.874398
0.884073
0.799913
0.544103
0.049475
-0.722201
-1.768944
-3.048659
-4.490382
-5.982860
-7.381909
-8.616267
-9.671629
-10.554361
-11.281543
-11.874479
-12.354849
-12.742640
-13.055217
-13.307102
-13.510177
-13.674055
-13.643518
-13.743455
-13.579424
-13.378047
-13.130601
-12.826409
-12.452490
-11.993286
-11.430633
-10.744264
-9.913190
-8.918428
-7.747737
-6.403204
-4.926751
-3.433270
-2.052319
-0.865642
0.061334
0.696430
1.050285
1.173712
1.143333
1.040701
0.933259
0.866617
0.865187
0.897124
0.905229
0.817334
0.554835
0.050357
-0.733844
-1.794734
-3.088931
-4.544336
-6.048641
-7.457049
-8.698505
-9.759156
-10.645783
-11.375810
-11.970811
-12.452675
-12.841546
-13.154900
-13.407344
-13.610820
-13.774983
-13.743455
-13.843096
-13.678629
-13.476683
-13.228495
-12.923332
-12.548139
-12.087257
-11.522386
-10.833086
-9.998136
-8.998261
-7.820870
-6.467653
-4.980309
-3.474055
-2.079125
-0.878124
0.062312
0.708723
1.070796
1.199030
1.170441
1.067507
0.958789
0.890889
0.888856
0.920231
0.926693
0.834965
0.565670
0.051246
-0.745548
-1.820613
-3.129276
-4.598320
-6.114395
-7.532105
-8.780613
-9.846515
-10.737005
-11.469853
-12.066901
-12.550245
-12.940183
-13.254306
-13.507302
-13.711172
-13.875617
-13.843096
-13.942444
-13.777544
-13.575035
-13.326112
-13.019986
-12.643529
-12.180981
-11.613910
-10.921697
-10.082895
-9.077939
-7.893886
-6.532030
-5.033842
-3.514860
-2.105978
-0.890648
0.063295
0.721106
1.091502
1.224650
1.197938
1.094756
0.984787
0.915623
0.912957
0.943721
0.948463
0.852806
0.576609
0.052142
-0.757314
-1.846578
-3.169693
-4.652331
-6.180119
-7.607077
-8.862590
-9.933705
-10.828029
-11.563673
-12.162750
-12.647559
-13.038553
-13.353435
-13.606976
-13.811236
-13.975956
-13.942444
-14.041499
-13.876171
-13.673105
-13.423453
-13.116372
-12.738661
-12.274459
-11.705204
-11.010099
-10.167469
-9.157462
-7.966784
-6.596332
-5.087349
-3.555684
-2.132876
-0.903212
0.064284
0.733577
1.112403
1.250569
1.225821
1.122450
1.011255
0.940821
0.937495
0.967595
0.970539
0.870856
0.587650
0.053043
-0.769139
-1.872627
-3.210177
-4.706365
-6.245810
-7.681962
-8.944433
-10.020724
-10.918853
-11.657271
-12.258358
-12.744618
-13.136657
-13.452290
-13.706369
-13.911012
-14.076004
-14.041499
-14.140264
-13.974512
-13.770893
-13.520519
-13.212491
-12.833535
-12.367692
-11.796268
-11.098290
-10.251857
-9.236829
-8.039562
-6.660557
-5.140827
-3.596523
-2.159818
-0.915815
0.065277
0.746136
1.133496
1.276788
1.254092
1.150590
1.038194
0.966485
0.962469
0.991852
0.992923
0.889114
0.598793
0.053952
-0.781023
-1.898758
-3.250726
-4.760421
-6.311466
-7.756758
-9.026143
-10.107573
-11.009477
-11.750646
-12.353725
-12.841423
-13.234495
-13.550870
-13.805480
-14.010501
-14.175761
-14.140264
-14.238740
-14.072568
-13.868401
-13.617311
-13.308344
-12.928153
-12.460682
-11.887103
-11.186272
-10.336059
-9.316039
-8.112220
-6.724705
-5.194274
-3.637376
-2.186800
-0.928457
0.066275
0.758781
1.154780
1.303305
1.282750
1.179177
1.065606
0.992618
0.987881
1.016495
1.015613
0.907579
0.610037
0.054866
-0.792964
-1.924968
-3.291337
-4.814494
-6.377084
-7.831463
-9.107717
-10.194250
-11.099902
-11.843799
-12.448853
-12.937974
-13.332070
-13.649178
-13.904312
-14.109706
-14.275229
-14.238740
-14.336927
-14.170340
-13.965630
-13.713830
-13.403932
-13.022516
-12.553428
-11.977709
-11.274043
-10.420075
-9.395093
-8.184757
-6.788774
-5.247689
-3.678239
-2.213821
-0.941136
0.067278
0.771511
1.176255
1.330118
1.311795
1.208210
1.093492
1.019221
1.013733
1.041523
1.038609
0.926251
0.621381
0.055786
-0.804962
-1.951255
-3.332006
-4.868582
-6.442661
-7.906076
-9.189155
-10.280756
-11.190127
-11.936730
-12.543741
-13.034272
-13.429380
-13.747214
-14.002866
-14.208627
-14.374409
-14.336927
-14.434829
-14.267829
-14.062582
-13.810078
-13.499256
-13.116624
-12.645931
-12.068088
-11.361606
-10.503905
-9.473989
-8.257171
-6.852761
-5.301069
-3.719112
-2.240880
-0.953851
0.068285
0.784326
1.197917
1.357228
1.341227
1.237692
1.121854
1.046295
1.040027
1.066938
1.061911
0.945129
0.632825
0.056713
-0.817016
-1.977617
-3.372732
-4.922682
-6.508197
-7.980594
-9.270456
-10.367090
-11.280152
-12.029439
-12.638391
-13.130319
-13.526429
-13.844979
-14.101142
-14.307266
-14.473303
-14.434829
-14.532445
-14.365038
-14.159258
-13.906055
-13.594317
-13.210478
-12.738192
-12.158240
-11.448959
-10.587548
-9.552727
-8.329462
-6.916667
-5.354412
-3.759992
-2.267974
-0.966601
0.069297
0.797223
1.219767
1.384632
1.371044
1.267622
1.150694
1.073843
1.066763
1.092739
1.085519
0.964212
0.644367
0.057646
-0.829123
-2.004052
-3.413511
-4.976791
-6.573687
-8.055017
-9.351618
-10.453250
-11.369976
-12.121927
-12.732803
-13.226114
-13.623216
-13.942475
-14.199142
-14.405623
-14.571911
-14.532445
-14.629777
-14.461966
-14.255658
-14.001764
-13.689116
-13.304080
-12.830212
-12.248164
-11.536104
-10.671006
-9.631307
-8.401629
-6.980488
-5.407717
-3.800877
-2.295102
-0.979385
0.070313
0.810203
1.241802
1.412329
1.401247
1.298001
1.180012
1.101866
1.093943
1.118927
1.109432
0.983500
0.656008
0.058584
-0.841285
-2.030558
-3.454341
-5.030907
-6.639130
-8.129343
-9.432641
-10.539238
-11.459601
-12.214194
-12.826977
-13.321659
-13.719742
-14.039702
-14.296868
-14.503701
-14.670235
-14.629777
-14.726828
-14.558616
-14.351785
-14.097204
-13.783655
-13.397430
-12.921991
-12.337862
-11.623039
-10.754276
-9.709728
-8.473671
-7.044225
-5.460982
-3.841764
-2.322261
-0.992203
0.071334
0.823264
1.264021
1.440318
1.431834
1.328830
1.209810
1.130365
1.121567
1.145502
1.133649
1.002990
0.667745
0.059529
-0.853498
-2.057132
-3.495219
-5.085026
-6.704524
-8.203570
-9.513523
-10.625052
-11.549026
-12.306240
-12.920914
-13.416954
-13.816009
-14.136662
-14.394320
-14.601500
-14.768277
-14.726828
-14.823597
-14.654989
-14.447639
-14.192377
-13.877934
-13.490530
-13.013531
-12.427335
-11.709767
-10.837361
-9.787990
-8.545587
-7.107876
-5.514205
-3.882653
-2.349451
-1.005052
0.072359
0.836405
1.286423
1.468597
1.462806
1.360107
1.240088
1.159342
1.149637
1.172464
1.158171
1.022683
0.679579
0.060479
-0.865762
-2.083772
-3.536141
-5.139147
-6.769867
-8.277697
-9.594265
-10.710691
-11.638250
-12.398065
-13.014615
-13.512000
-13.912017
-14.233355
-14.491499
-14.699022
-14.866038
-14.823597
-14.920086
-14.751086
-14.543221
-14.287285
-13.971954
-13.583379
-13.104832
-12.516582
-11.796287
-10.920259
-9.866093
-8.617377
-7.171440
-5.567385
-3.923540
-2.376668
-1.017932
0.073388
0.849624
1.309005
1.497166
1.494161
1.391835
1.270848
1.188797
1.178153
1.199814
1.182996
1.042577
0.691509
0.061435
-0.878077
-2.110477
-3.577106
-5.193266
-6.835156
-8.351722
-9.674864
-10.796157
-11.727275
-12.489671
-13.108079
-13.606797
-14.007767
-14.329783
-14.588407
-14.796268
-14.963519
-14.920086
-15.016298
-14.846908
-14.638534
-14.381928
-14.065716
-13.675979
-13.195894
-12.605604
-11.882599
-11.002971
-9.944036
-8.689039
-7.234915
-5.620519
-3.964424
-2.403912
-1.030842
0.074422
0.862922
1.331766
1.526022
1.525898
1.424011
1.302090
1.218733
1.207117
1.227552
1.208124
1.062672
0.703533
0.062396
-0.890440
-2.137243
-3.618111
-5.247381
-6.900390
-8.425643
-9.755321
-10.881447
-11.816099
-12.581056
-13.201308
-13.701348
-14.103260
-14.425947
-14.685045
-14.893239
-15.060721
-15.016298
-15.112232
-14.942457
-14.733577
-14.476308
-14.159222
-13.768331
-13.286719
-12.694402
-11.968703
-11.085497
-10.021819
-8.760574
-7.298300
-5.673607
-4.005304
-2.431181
-1.043781
0.075459
0.876295
1.354704
1.555164
1.558017
1.456638
1.333816
1.249149
1.236528
1.255677
1.233554
1.082965
0.715650
0.063363
-0.902851
-2.164070
-3.659153
-5.301490
-6.965567
-8.499461
-9.835634
-10.966563
-11.904723
-12.672222
-13.294303
-13.795652
-14.198497
-14.521847
-14.781414
-14.989936
-15.157646
-15.112232
-15.207891
-15.037734
-14.828353
-14.570425
-14.252472
-13.860436
-13.377307
-12.782977
-12.054601
-11.167836
-10.099442
-8.831980
-7.361595
-5.726646
-4.046177
-2.458473
-1.056749
0.076500
0.889744
1.377818
1.584590
1.590517
1.489714
1.366025
1.280047
1.266388
1.284190
1.259286
1.103457
0.727861
0.064336
-0.915309
-2.190955
-3.700230
-5.355591
-7.030684
-8.573173
-9.915802
-11.051503
-11.993148
-12.763168
-13.387063
-13.889709
-14.293480
-14.617485
-14.877515
-15.086361
-15.254295
-15.207891
-15.303275
-15.132740
-14.922863
-14.664282
-14.345467
-13.952294
-13.467659
-12.871328
-12.140292
-11.249990
-10.176904
-8.903257
-7.424798
-5.779636
-4.087042
-2.485786
-1.069743
0.077545
0.903267
1.401106
1.614299
1.623396
1.523238
1.398718
1.311428
1.296697
1.313090
1.285317
1.124145
0.740163
0.065314
-0.927813
-2.217895
-3.741339
-5.409680
-7.095740
-8.646778
-9.995826
-11.136267
-12.081372
-12.853896
-13.479590
-13.983522
-14.388208
-14.712862
-14.973349
-15.182515
-15.350669
-15.303275
-15.398387
-15.227477
-15.017107
-14.757878
-14.438209
-14.043907
-13.557775
-12.959457
-12.225776
-11.331957
-10.254205
-8.974404
-7.487908
-5.832574
-4.127896
-2.513119
-1.082762
0.078594
0.916864
1.424566
1.644289
1.656653
1.557212
1.431896
1.343293
1.327455
1.342376
1.311649
1.145029
0.752556
0.066297
-0.940362
-2.244889
-3.782478
-5.463755
-7.160733
-8.720274
-10.075704
-11.220856
-12.169397
-12.944406
-13.571884
-14.077090
-14.482683
-14.807979
-15.068918
-15.278398
-15.446770
-15.398387
-15.493226
-15.321945
-15.111086
-14.851214
-14.530698
-14.135275
-13.647657
-13.047364
-12.311055
-11.413738
-10.331345
-9.045420
-7.550924
-5.885460
-4.168739
-2.540471
-1.095807
0.079647
0.930532
1.448195
1.674557
1.690287
1.591634
1.465559
1.375641
1.358662
1.372049
1.338278
1.166107
0.765039
0.067285
-0.952954
-2.271935
-3.823644
-5.517816
-7.225662
-8.793662
-10.155435
-11.305268
-12.257222
-13.034697
-13.663945
-14.170415
-14.576906
-14.902837
-15.164222
-15.374013
-15.542598
-15.493226
-15.587795
-15.416145
-15.204803
-14.944293
-14.622935
-14.226399
-13.737305
-13.135050
-12.396128
-11.495334
-10.408324
-9.116306
-7.613845
-5.938292
-4.209568
-2.567839
-1.108876
0.080703
0.944270
1.471994
1.705103
1.724297
1.626504
1.499707
1.408473
1.390319
1.402108
1.365205
1.187378
0.777611
0.068278
-0.965589
-2.299031
-3.864836
-5.571858
-7.290525
-8.866939
-10.235020
-11.389504
-12.344848
-13.124770
-13.755774
-14.263497
-14.670877
-14.997437
-15.259263
-15.469361
-15.638156
-15.587795
-15.682095
-15.510080
-15.298258
-15.037115
-14.714922
-14.317280
-13.826720
-13.222514
-12.480995
-11.576743
-10.485142
-9.187060
-7.676671
-5.991069
-4.250383
-2.595222
-1.121969
0.081762
0.958078
1.495959
1.735924
1.758681
1.661821
1.534339
1.441790
1.422426
1.432553
1.392429
1.208841
0.790271
0.069277
-0.978265
-2.326175
-3.906050
-5.625881
-7.355319
-8.940104
-10.314457
-11.473563
-12.432273
-13.214626
-13.847372
-14.356337
-14.764598
-15.091779
-15.354041
-15.564441
-15.733443
-15.682095
-15.776127
-15.603750
-15.391452
-15.129682
-14.806659
-14.407920
-13.915903
-13.309759
-12.565658
-11.657967
-10.561798
-9.257682
-7.739400
-6.043789
-4.291180
-2.622619
-1.135083
0.082825
0.971955
1.520088
1.767019
1.793437
1.697584
1.569457
1.475592
1.454982
1.463382
1.419947
1.230494
0.803018
0.070280
-0.990982
-2.353365
-3.947285
-5.679881
-7.420044
-9.013157
-10.393745
-11.557445
-12.519500
-13.304266
-13.938740
-14.448936
-14.858069
-15.185865
-15.448558
-15.659257
-15.828462
-15.776127
-15.869892
-15.697157
-15.484386
-15.221993
-14.898147
-14.498318
-14.004854
-13.396784
-12.650116
-11.739006
-10.638293
-9.328172
-7.802031
-6.096451
-4.331960
-2.650028
-1.148219
0.083891
0.985898
1.544380
1.798384
1.828565
1.733793
1.605060
1.509879
1.487988
1.494595
1.447759
1.252336
0.815851
0.071289
-1.003738
-2.380599
-3.988538
-5.733858
-7.484698
-9.086096
-10.472885
-11.641151
-12.606527
-13.393688
-14.029877
-14.541294
-14.951291
-15.279697
-15.542815
-15.753808
-15.923214
-15.869892
-15.963392
-15.790301
-15.577062
-15.314051
-14.989388
-14.588476
-14.093574
-13.483589
-12.734370
-11.819859
-10.714625
-9.398529
-7.864564
-6.149054
-4.372720
-2.677448
-1.161374
0.084961
0.999908
1.568833
1.830019
1.864062
1.770446
1.641147
1.544651
1.521443
1.526192
1.475864
1.274366
0.828769
0.072302
-1.016532
-2.407876
-4.029808
-5.787809
-7.549280
-9.158921
-10.551876
-11.724679
-12.693356
-13.482894
-14.120785
-14.633412
-15.044266
-15.373274
-15.636813
-15.848097
-16.017700
-15.963392
-16.056627
-15.883184
-15.669480
-15.405856
-15.080381
-14.678394
-14.182063
-13.570177
-12.818420
-11.900527
-10.790796
-9.468752
-7.926998
-6.201597
-4.413459
-2.704877
-1.174550
0.086033
1.013982
1.593445
1.861921
1.899927
1.807543
1.677718
1.579907
1.555347
1.558171
1.504260
1.296581
0.841770
0.073319
-1.029364
-2.435192
-4.071091
-5.841731
-7.613787
-9.231630
-10.630716
-11.808030
-12.779985
-13.571885
-14.211464
-14.725291
-15.136993
-15.466598
-15.730553
-15.942123
-16.111920
-16.056627
-16.149599
-15.975807
-15.761642
-15.497409
-15.171129
-14.768074
-14.270323
-13.656546
-12.902267
-11.981010
-10.866804
-9.538841
-7.989332
-6.254078
-4.454175
-2.732314
-1.187744
0.087109
1.028119
1.618213
1.894087
1.936158
1.845082
1.714774
1.615649
1.589699
1.590531
1.532946
1.318981
0.854854
0.074341
-1.042232
-2.462547
-4.112386
-5.895624
-7.678220
-9.304223
-10.709407
-11.891204
-12.866416
-13.660660
-14.301915
-14.816932
-15.229475
-15.559670
-15.824036
-16.035889
-16.205877
-16.149599
-16.242309
-16.068171
-15.853549
-15.588712
-15.261632
-14.857516
-14.358355
-13.742697
-12.985911
-12.061308
-10.942650
-9.608796
-8.051565
-6.306497
-4.494868
-2.759758
-1.200955
0.088187
1.042319
1.643136
1.926517
1.972753
1.883063
1.752312
1.651876
1.624500
1.623272
1.561920
1.341563
0.868020
0.075368
-1.055136
-2.489939
-4.153692
-5.949485
-7.742575
-9.376698
-10.787946
-11.974200
-12.952648
-13.749220
-14.392138
-14.908335
-15.321711
-15.652491
-15.917263
-16.129395
-16.299571
-16.242309
-16.334759
-16.160277
-15.945202
-15.679765
-15.351891
-14.946721
-14.446158
-13.828632
-13.069351
-12.141421
-11.018334
-9.678617
-8.113696
-6.358852
-4.535535
-2.787207
-1.214184
0.089268
1.056580
1.668211
1.959206
2.009710
1.921484
1.790333
1.688586
1.659748
1.656392
1.591180
1.364327
0.881267
0.076399
-1.068073
-2.517365
-4.195005
-6.003313
-7.806852
-9.449055
-10.866335
-12.057018
-13.038681
-13.837566
-14.482133
-14.999502
-15.413704
-15.745061
-16.010235
-16.222643
-16.393004
-16.334759
-16.426949
-16.252127
-16.036602
-15.770570
-15.441907
-15.035690
-14.533734
-13.914351
-13.152590
-12.221350
-11.093855
-9.748302
-8.175726
-6.411142
-4.576175
-2.814659
-1.227428
0.090352
1.070900
1.693437
1.992153
2.047027
1.960343
1.828836
1.725780
1.695442
1.689890
1.620726
1.387270
0.894593
0.077435
-1.081044
-2.544825
-4.236323
-6.057106
-7.871050
-9.521293
-10.944571
-12.139659
-13.124517
-13.925697
-14.571903
-15.090432
-15.505452
-15.837383
-16.102954
-16.315633
-16.486177
-16.426949
-16.518880
-16.343722
-16.127750
-15.861127
-15.531681
-15.124423
-14.621083
-13.999853
-13.235627
-12.301094
-11.169214
-9.817852
-8.237652
-6.463367
-4.616788
-2.842115
-1.240688
0.091439
1.085279
1.718812
2.025356
2.084702
1.999639
1.867820
1.763457
1.731582
1.723765
1.650555
1.410392
0.907998
0.078475
-1.094047
-2.572316
-4.277646
-6.110862
-7.935166
-9.593412
-11.022656
-12.222122
-13.210154
-14.013615
-14.661446
-15.181127
-15.596958
-15.929456
-16.195419
-16.408367
-16.579090
-16.518880
-16.610555
-16.435061
-16.218647
-15.951437
-15.621214
-15.212923
-14.708207
-14.085141
-13.318462
-12.380654
-11.244411
-9.887266
-8.299475
-6.515525
-4.657372
-2.869571
-1.253962
0.092529
1.099716
1.744333
2.058812
2.122732
2.039371
1.907284
1.801617
1.768168
1.758015
1.680665
1.433689
0.921480
0.079519
-1.107081
-2.599837
-4.318971
-6.164579
-7.999201
-9.665410
-11.100588
-12.304407
-13.295593
-14.101319
-14.750764
-15.271588
-15.688223
-16.021281
-16.287633
-16.500846
-16.671745
-16.610555
-16.701973
-16.526148
-16.309295
-16.041503
-15.710506
-15.301189
-14.795105
-14.170214
-13.401096
-12.460030
-11.319445
-9.956544
-8.361193
-6.567615
-4.697925
-2.897028
-1.267249
0.093620
1.114208
1.769998
2.092518
2.161116
2.079536
1.947226
1.840258
1.805197
1.792639
1.711056
1.457161
0.935038
0.080566
-1.120145
-2.627385
-4.360296
-6.218256
-8.063153
-9.737286
-11.178368
-12.386514
-13.380835
-14.188811
-14.839858
-15.361815
-15.779246
-16.112861
-16.379597
-16.593070
-16.764144
-16.701973
-16.793137
-16.616983
-16.399693
-16.131323
-15.799560
-15.389222
-14.881779
-14.255073
-13.483530
-12.539222
-11.394316
-10.025685
-8.422807
-6.619636
-4.738446
-2.924483
-1.280549
0.094715
1.128756
1.795804
2.126473
2.199852
2.120133
1.987646
1.879379
1.842669
1.827636
1.741724
1.480806
0.948671
0.081618
-1.133239
-2.654960
-4.401619
-6.271891
-8.127021
-9.809040
-11.255994
-12.468443
-13.465880
-14.276090
-14.928727
-15.451808
-15.870030
-16.204195
-16.471311
-16.685042
-16.856287
-16.793137
-16.884047
-16.707567
-16.489845
-16.220900
-15.888375
-15.477023
-14.968229
-14.339719
-13.565763
-12.618230
-11.469024
-10.094690
-8.484316
-6.671588
-4.778935
-2.951937
-1.293861
0.095812
1.143357
1.821751
2.160673
2.238936
2.161161
2.028543
1.918981
1.880582
1.863003
1.772669
1.504622
0.962378
0.082674
-1.146361
-2.682559
-4.442939
-6.325482
-8.190803
-9.880672
-11.333467
-12.550194
-13.550727
-14.363157
-15.017373
-15.541570
-15.960574
-16.295285
-16.562776
-16.776762
-16.948175
-16.884047
-16.974704
-16.797900
-16.579749
-16.310235
-15.976952
-15.564593
-15.054456
-14.424152
-13.647797
-12.697055
-11.543570
-10.163558
-8.545718
-6.723469
-4.819390
-2.979386
-1.307184
0.096911
1.158011
1.847836
2.195115
2.278366
2.202617
2.069914
1.959061
1.918936
1.898740
1.803887
1.528607
0.976157
0.083734
-1.159510
-2.710182
-4.484253
-6.379029
-8.254498
-9.952179
-11.410786
-12.631768
-13.635378
-14.450012
-15.105796
-15.631100
-16.050880
-16.386131
-16.653993
-16.868230
-17.039809
-16.974704
-17.065110
-16.887985
-16.669408
-16.399328
-16.065293
-15.651933
-15.140461
-14.508373
-13.729630
-12.775697
-11.617953
-10.232289
-8.607014
-6.775279
-4.859810
-3.006832
-1.320517
0.098012
1.172716
1.874055
2.229798
2.318140
2.244499
2.111759
1.999618
1.957729
1.934843
1.835378
1.552759
0.990009
0.084797
-1.172685
-2.737825
-4.525561
-6.432529
-8.318106
-10.023563
-11.487951
-12.713163
-13.719831
-14.536656
-15.193997
-15.720399
-16.140949
-16.476734
-16.744964
-16.959449
-17.131192
-17.065110
-17.155266
-16.977823
-16.758823
-16.488181
-16.153399
-15.739044
-15.226244
-14.592382
-13.811265
-12.854156
-11.692174
-10.300882
-8.668202
-6.827017
-4.900194
-3.034271
-1.333860
0.099115
1.187471
1.900408
2.264719
2.358255
2.286805
2.154076
2.040651
1.996959
1.971313
1.867139
1.577076
1.003930
0.085864
-1.185886
-2.765489
-4.566859
-6.485982
-8.381625
-10.094822
-11.564962
-12.794380
-13.804088
-14.623089
-15.281976
-15.809468
-16.230781
-16.567096
-16.835690
-17.050420
-17.222323
-17.155266
-17.245172
-17.067413
-16.847994
-16.576794
-16.241270
-15.825926
-15.311806
-14.676180
-13.892702
-12.932433
-11.766232
-10.369337
-8.729283
-6.878682
-4.940540
-3.061703
-1.347211
0.100220
1.202274
1.926892
2.299874
2.398709
2.329532
2.196864
2.082159
2.036626
2.008146
1.899168
1.601557
1.017921
0.086934
-1.199111
-2.793171
-4.608148
-6.539385
-8.445054
-10.165956
-11.641818
-12.875419
-13.888149
-14.709313
-15.369734
-15.898308
-16.320378
-16.657217
-16.926170
-17.141142
-17.313204
-17.245172
-17.334830
-17.156758
-16.936922
-16.665169
-16.328907
-15.912580
-15.397148
-14.759767
-13.973940
-13.010527
-11.840127
-10.437655
-8.790256
-6.930272
-4.980848
-3.089128
-1.360571
0.101328
1.217126
1.953505
2.335261
2.439498
2.372680
2.240119
2.124140
2.076726
2.045340
1.931463
1.626199
1.031979
0.088008
-1.212360
-2.820869
-4.649424
-6.592738
-8.508393
-10.236963
-11.718519
-12.956280
-13.972014
-14.795326
-15.457271
-15.986919
-16.409739
-16.747099
-17.016408
-17.231618
-17.403836
-17.334830
-17.424241
-17.245859
-17.025610
-16.753306
-16.416311
-15.999007
-15.482271
-14.843145
-14.054980
-13.088438
-11.913859
-10.505834
-8.851120
-6.981789
-5.021117
-3.116543
-1.373938
0.102437
1.232024
1.980244
2.370876
2.480620
2.416244
2.283841
2.166592
2.117259
2.082894
1.964021
1.651001
1.046105
0.089086
-1.225631
-2.848583
-4.690687
-6.646039
-8.571640
-10.307844
-11.795064
-13.036964
-14.055684
-14.881130
-15.544589
-16.075302
-16.498867
-16.836742
-17.106402
-17.321849
-17.494219
-17.424241
-17.513407
-17.334716
-17.114057
-16.841206
-16.503483
-16.085208
-15.567175
-14.926313
-14.135823
-13.166168
-11.987429
-10.573874
-8.911874
-7.033229
-5.061346
-3.143949
-1.387312
0.103548
1.246966
2.007107
2.406719
2.522072
2.460223
2.328028
2.209514
2.158223
2.120806
1.996841
1.675960
1.060296
0.090166
-1.238924
-2.876311
-4.731935
-6.699286
-8.634795
-10.378598
-11.871454
-13.117469
-14.139158
-14.966725
-15.631687
-16.163458
-16.587761
-16.926147
-17.196155
-17.411835
-17.584356
-17.513407
-17.602327
-17.423331
-17.202264
-16.928871
-16.590425
-16.171184
-15.651861
-15.009272
-14.216470
-13.243716
-12.060837
-10.641776
-8.972520
-7.084594
-5.101533
-3.171343
-1.400691
0.104661
1.261953
2.034092
2.442784
2.563851
2.504614
2.372677
2.252904
2.199616
2.159073
2.029919
1.701075
1.074551
0.091250
-1.252238
-2.904051
-4.773166
-6.752479
-8.697856
-10.449225
-11.947689
-13.197796
-14.222436
-15.052111
-15.718567
-16.251388
-16.676423
-17.015314
-17.285668
-17.501577
-17.674247
-17.602327
-17.691004
-17.511705
-17.290233
-17.016301
-16.677136
-16.256936
-15.736330
-15.092024
-14.296919
-13.321082
-12.134082
-10.709539
-9.033055
-7.135882
-5.141679
-3.198726
-1.414076
0.105775
1.276983
2.061197
2.479069
2.605954
2.549415
2.417787
2.296760
2.241435
2.197692
2.063254
1.726343
1.088870
0.092337
-1.265571
-2.931802
-4.814379
-6.805616
-8.760822
-10.519723
-12.023768
-13.277946
-14.305520
-15.137290
-15.805229
-16.339092
-16.764854
-17.104246
-17.374940
-17.591077
-17.763894
-17.691004
-17.779438
-17.599838
-17.377965
-17.103497
-16.763618
-16.342463
-15.820582
-15.174567
-14.377173
-13.398267
-12.207164
-10.777164
-9.093479
-7.187092
-5.181781
-3.226095
-1.427465
0.106891
1.292055
2.088419
2.515572
2.648378
2.594622
2.463354
2.341080
2.283679
2.236663
2.096843
1.751762
1.103251
0.093426
-1.278923
-2.959562
-4.855573
-6.858696
-8.823694
-10.590092
-12.099691
-13.357918
-14.388409
-15.222261
-15.891674
-16.426571
-16.853054
-17.192943
-17.463974
-17.680335
-17.853296
-17.779438
-17.867631
-17.687732
-17.465461
-17.190461
-16.849871
-16.427768
-15.904618
-15.256904
-14.457231
-13.475271
-12.280084
-10.844649
-9.153793
-7.238224
-5.221839
-3.253451
-1.440859
0.108009
1.307166
2.115756
2.552289
2.691120
2.640233
2.509377
2.385861
2.326345
2.275981
2.130684
1.777331
1.117692
0.094519
-1.292294
-2.987330
-4.896745
-6.911718
-8.886469
-10.660332
-12.175457
-13.437712
-14.471104
-15.307025
-15.977901
-16.513826
-16.941024
-17.281405
-17.552771
-17.769353
-17.942456
-17.867631
-17.955583
-17.775388
-17.552721
-17.277193
-16.935897
-16.512851
-15.988439
-15.339034
-14.537094
-13.552095
-12.352842
-10.911994
-9.213995
-7.289277
-5.261853
-3.280791
-1.454255
0.109128
1.322317
2.143205
2.589218
2.734176
2.686245
2.555854
2.431103
2.369431
2.315645
2.164774
1.803047
1.132193
0.095615
-1.305681
-3.015105
-4.937895
-6.964680
-8.949148
-10.730443
-12.251067
-13.517329
-14.553605
-15.391582
-16.063913
-16.600858
-17.028765
-17.369634
-17.641331
-17.858132
-18.031375
-17.955583
-18.043296
-17.862807
-17.639747
-17.363694
-17.021696
-16.597713
-16.072046
-15.420959
-14.616763
-13.628738
-12.425438
-10.979200
-9.274086
-7.340250
-5.301820
-3.308116
-1.467655
0.110248
1.337506
2.170765
2.626354
2.777544
2.732655
2.602780
2.476802
2.412935
2.355653
2.199110
1.828908
1.146752
0.096713
-1.319085
-3.042886
-4.979022
-7.017582
-9.011729
-10.800423
-12.326521
-13.596768
-14.635912
-15.475934
-16.149709
-16.687667
-17.116278
-17.457631
-17.729655
-17.946672
-18.120052
-18.043296
-18.130770
-17.949990
-17.726540
-17.449965
-17.107270
-16.682354
-16.155438
-15.502678
-14.696237
-13.705201
-12.497871
-11.046267
-9.334065
-7.391144
-5.341742
-3.335424
-1.481056
0.111369
1.352732
2.198433
2.663696
2.821220
2.779460
2.650155
2.522956
2.456855
2.396000
2.233690
1.854911
1.161368
0.097814
-1.332505
-3.070670
-5.020123
-7.070423
-9.074211
-10.870273
-12.401817
-13.676029
-14.718026
-15.560079
-16.235290
-16.774254
-17.203564
-17.545396
-17.817744
-18.034975
-18.208491
-18.130770
-18.218007
-18.036938
-17.813100
-17.536007
-17.192619
-16.766776
-16.238618
-15.584193
-14.775517
-13.781484
-12.570143
-11.113194
-9.393931
-7.441957
-5.381616
-3.362715
-1.494458
0.112492
1.367994
2.226207
2.701240
2.865201
2.826657
2.697976
2.569562
2.501187
2.436686
2.268511
1.881055
1.176040
0.098917
-1.345939
-3.098458
-5.061198
-7.123201
-9.136595
-10.939992
-12.476957
-13.755114
-14.799946
-15.644020
-16.320657
-16.860620
-17.290623
-17.632931
-17.905599
-18.123041
-18.296691
-18.218007
-18.305008
-18.123652
-17.899429
-17.621821
-17.277744
-16.850978
-16.321586
-15.665504
-14.854604
-13.857588
-12.642252
-11.179981
-9.453684
-7.492688
-5.421441
-3.389987
-1.507862
0.113616
1.383291
2.254084
2.738982
2.909482
2.874242
2.746238
2.616618
2.545929
2.477706
2.303571
1.907338
1.190766
0.100023
-1.359387
-3.126247
-5.102246
-7.175915
-9.198878
-11.009579
-12.551940
-13.834021
-14.881674
-15.727756
-16.405810
-16.946765
-17.377456
-17.720236
-17.993222
-18.210872
-18.384653
-18.305008
-18.391774
-18.210132
-17.985528
-17.707407
-17.362646
-16.934963
-16.404342
-15.746611
-14.933499
-13.933512
-12.714200
-11.246628
-9.513324
-7.543337
-5.461218
-3.417241
-1.521265
0.114741
1.398620
2.282062
2.776920
2.954062
2.922212
2.794940
2.664122
2.591079
2.519059
2.338867
1.933756
1.205546
0.101132
-1.372848
-3.154036
-5.143264
-7.228564
-9.261062
-11.079035
-12.626766
-13.912751
-14.963209
-15.811287
-16.490751
-17.032691
-17.464065
-17.807312
-18.080613
-18.298469
-18.472379
-18.391774
-18.478305
-18.296381
-18.071397
-17.792768
-17.447325
-17.018731
-16.486887
-15.827516
-15.012200
-14.009258
-12.785985
-11.313135
-9.572851
-7.593904
-5.500946
-3.444474
-1.534668
0.115867
1.413983
2.310138
2.815050
2.998935
2.970565
2.844079
2.712069
2.636634
2.560740
2.374396
1.960309
1.220379
0.102243
-1.386322
-3.181825
-5.184253
-7.281148
-9.323143
-11.148359
-12.701434
-13.991304
-15.044553
-15.894615
-16.575478
-17.118398
-17.550450
-17.894161
-18.167772
-18.385832
-18.559870
-18.478305
-18.564604
-18.382399
-18.157038
-17.877904
-17.531784
-17.102282
-16.569221
-15.908218
-15.090710
-14.084825
-12.857610
-11.379502
-9.632264
-7.644388
-5.540622
-3.471686
-1.548070
0.116995
1.429376
2.338312
2.853370
3.044100
3.019296
2.893651
2.760459
2.682590
2.602748
2.410154
1.986994
1.235262
0.103356
-1.399806
-3.209611
-5.225210
-7.333665
-9.385123
-11.217550
-12.775945
-14.069680
-15.125704
-15.977740
-16.659995
-17.203887
-17.636611
-17.980782
-18.254702
-18.472963
-18.647127
-18.564604
-18.650670
-18.468187
-18.242451
-17.962815
-17.616021
-17.185617
-16.651347
-15.988719
-15.169029
-14.160213
-12.929072
-11.445729
-9.691563
-7.694789
-5.580248
-3.498877
-1.561471
0.118122
1.444800
2.366579
2.891875
3.089551
3.068402
2.943653
2.809287
2.728944
2.645079
2.446140
2.013807
1.250194
0.104471
-1.413302
-3.237395
-5.266135
-7.386114
-9.447001
-11.286608
-12.850299
-14.147879
-15.206664
-16.060662
-16.744300
-17.289158
-17.722551
-18.067177
-18.341403
-18.559863
-18.734150
-18.650670
-18.736505
-18.553745
-18.327638
-18.047502
-17.700040
-17.268738
-16.733264
-16.069019
-15.247156
-14.235424
-13.000374
-11.511815
-9.750747
-7.745105
-5.619822
-3.526045
-1.574869
0.119251
1.460252
2.394938
2.930563
3.135286
3.117879
2.994081
2.858551
2.775695
2.687730
2.482351
2.040748
1.265176
0.105589
-1.426807
-3.265173
-5.307026
-7.438495
-9.508775
-11.355533
-12.924495
-14.225902
-15.287432
-16.143382
-16.828394
-17.374212
-17.808268
-18.153347
-18.427876
-18.646532
-18.820941
-18.736505
-18.822110
-18.639076
-18.412600
-18.131968
-17.783839
-17.351645
-16.814972
-16.149118
-15.325093
-14.310456
-13.071514
-11.577761
-9.809817
-7.795337
-5.659344
-3.553191
-1.588265
0.120381
1.475733
2.423387
2.969430
3.181300
3.167724
3.044934
2.908247
2.822838
2.730698
2.518782
2.067814
1.280204
0.106708
-1.440322
-3.292947
-5.347882
-7.490807
-9.570445
-11.424325
-12.998534
-14.303749
-15.368010
-16.225900
-16.912279
-17.459051
-17.893766
-18.239293
-18.514121
-18.732972
-18.907500
-18.822110
-18.907487
-18.724180
-18.497337
-18.216212
-17.867421
-17.434339
-16.896474
-16.229018
-15.402841
-14.385312
-13.142493
-11.643567
-9.868772
-7.845484
-5.698812
-3.580313
-1.601657
0.121511
1.491240
2.451923
3.008474
3.227590
3.217932
3.096206
2.958373
2.870371
2.773980
2.555432
2.095003
1.295279
0.107829
-1.453845
-3.320714
-5.388703
-7.543048
-9.632011
-11.492983
-13.072415
-14.381419
-15.448397
-16.308217
-16.995954
-17.543674
-17.979043
-18.325016
-18.600140
-18.819183
-18.993830
-18.907487
-18.992635
-18.809058
-18.581850
-18.300235
-17.950786
-17.516820
-16.977769
-16.308718
-15.480398
-14.459990
-13.213311
-11.709232
-9.927612
-7.895546
-5.738227
-3.607410
-1.615046
0.122642
1.506773
2.480543
3.047690
3.274153
3.268501
3.147895
3.008924
2.918290
2.817573
2.592298
2.122312
1.310398
0.108952
-1.467376
-3.348473
-5.429487
-7.595218
-9.693472
-11.561506
-13.146138
-14.458913
-15.528594
-16.390334
-17.079421
-17.628083
-18.064101
-18.410516
-18.685935
-18.905167
-19.079930
-18.992635
-19.077556
-18.893711
-18.666141
-18.384038
-18.033935
-17.599090
-17.058858
-16.388221
-15.557767
-14.534492
-13.283969
-11.774756
-9.986336
-7.945521
-5.777587
-3.634482
-1.628431
0.123773
1.522331
2.509247
3.087076
3.320983
3.319426
3.199997
3.059898
2.966591
2.861472
2.629376
2.149739
1.325562
0.110077
-1.480913
-3.376223
-5.470232
-7.647316
-9.754828
-11.629896
-13.219704
-14.536231
-15.608602
-16.472250
-17.162681
-17.712278
-18.148941
-18.495794
-18.771504
-18.990924
-19.165802
-19.077556
-19.162251
-18.978139
-18.750210
-18.467623
-18.116869
-17.681149
-17.139741
-16.467525
-15.634947
-14.608817
-13.354465
-11.840141
-10.044945
-7.995410
-5.816893
-3.661528
-1.641811
0.124905
1.537912
2.538030
3.126627
3.368078
3.370703
3.252508
3.111291
3.015272
2.905675
2.666663
2.177281
1.340767
0.111204
-1.494457
-3.403964
-5.510939
-7.699341
-9.816078
-11.698150
-13.293112
-14.613374
-15.688420
-16.553967
-17.245733
-17.796260
-18.233564
-18.580852
-18.856851
-19.076456
-19.251446
-19.162251
-19.246722
-19.062345
-18.834058
-18.550990
-18.199588
-17.762998
-17.220421
-16.546632
-15.711939
-14.682967
-13.424802
-11.905384
-10.103437
-8.045213
-5.856142
-3.688548
-1.655186
0.126038
1.553516
2.566892
3.166342
3.415433
3.422329
3.305424
3.163099
3.064328
2.950178
2.704156
2.204937
1.356014
0.112332
-1.508007
-3.431694
-5.551607
-7.751293
-9.877221
-11.766270
-13.366362
-14.690341
-15.768049
-16.635484
-17.328578
-17.880030
-18.317970
-18.665689
-18.941975
-19.161764
-19.336865
-19.246722
-19.330968
-19.146329
-18.917687
-18.634140
-18.282094
-17.844638
-17.300897
-16.625542
-15.788743
-14.756940
-13.494978
-11.970487
-10.161814
-8.094928
-5.895336
-3.715540
-1.668555
0.127171
1.569142
2.595830
3.206216
3.463044
3.474299
3.358742
3.215319
3.113757
2.994978
2.741852
2.232704
1.371301
0.113462
-1.521562
-3.459412
-5.592233
-7.803170
-9.938257
-11.834254
-13.439454
-14.767132
-15.847489
-16.716803
-17.411217
-17.963588
-18.402161
-18.750308
-19.026877
-19.246847
-19.422058
-19.330968
-19.414991
-19.230092
-19.001097
-18.717074
-18.364387
-17.926070
-17.381170
-16.704256
-15.865361
-14.830739
-13.564994
-12.035450
-10.220075
-8.144555
-5.934473
-3.742505
-1.681918
0.128304
1.584788
2.624841
3.246246
3.510908
3.526609
3.412457
3.267948
3.163555
3.040071
2.779748
2.260580
1.386627
0.114594
-1.535120
-3.487117
-5.632817
-7.854972
-9.999185
-11.902103
-13.512388
-14.843749
-15.926742
-16.797924
-17.493651
-18.046936
-18.486137
-18.834709
-19.111559
-19.331709
-19.507027
-19.414991
-19.498793
-19.313634
-19.084289
-18.799793
-18.446469
-18.007294
-17.461240
-16.782775
-15.941792
-14.904362
-13.634850
-12.100272
-10.278219
-8.194095
-5.973552
-3.769441
-1.695274
0.129438
1.600454
2.653924
3.286429
3.559020
3.579254
3.466566
3.320980
3.213717
3.085454
2.817840
2.288562
1.401991
0.115726
-1.548683
-3.514809
-5.673359
-7.906699
-10.060006
-11.969817
-13.585165
-14.920190
-16.005806
-16.878848
-17.575881
-18.130073
-18.569899
-18.918893
-19.196022
-19.416348
-19.591773
-19.498793
-19.582373
-19.396957
-19.167264
-18.882298
-18.528340
-18.088311
-17.541110
-16.861099
-16.018037
-14.977811
-13.704547
-12.164953
-10.336246
-8.243546
-6.012574
-3.796349
-1.708623
0.130571
1.616139
2.683076
3.326761
3.607376
3.632232
3.521064
3.374414
3.264240
3.131122
2.856126
2.316648
1.417391
0.116861
-1.562248
-3.542486
-5.713857
-7.958349
-10.120718
-12.037394
-13.657784
-14.996457
-16.084683
-16.959574
-17.657906
-18.213002
-18.653447
-19.002860
-19.280265
-19.500767
-19.676296
-19.582373
-19.665734
-19.480063
-19.250023
-18.964589
-18.610000
-18.169123
-17.620778
-16.939229
-16.094096
-15.051086
-13.774084
-12.229494
-10.394156
-8.292909
-6.051537
-3.823226
-1.721965
0.131705
1.631841
2.712295
3.367239
3.655973
3.685537
3.575948
3.428243
3.315121
3.177073
2.894603
2.344836
1.432826
0.117996
-1.575815
-3.570148
-5.754311
-8.009921
-10.181321
-12.104836
-13.730245
-15.072549
-16.163373
-17.040104
-17.739728
-18.295722
-18.736784
-19.086613
-19.364291
-19.584966
-19.760598
-19.665734
-19.748875
-19.562951
-19.332567
-19.046668
-18.691452
-18.249729
-17.700247
-17.017166
-16.169970
-15.124187
-13.843462
-12.293894
-10.451950
-8.342182
-6.090442
-3.850074
-1.735299
0.132839
1.647559
2.741579
3.407860
3.704806
3.739165
3.631213
3.482465
3.366354
3.223303
2.933266
2.373123
1.448296
0.119133
-1.589384
-3.597793
-5.794719
-8.061416
-10.241814
-12.172141
-13.802548
-15.148467
-16.241876
-17.120439
-17.821348
-18.378234
-18.819908
-19.170150
-19.448100
-19.668947
-19.844680
-19.748875
-19.831799
-19.645623
-19.414898
-19.128536
-18.772695
-18.330131
-17.779516
-17.094910
-16.245660
-15.197114
-13.912681
-12.358154
-10.509626
-8.391366
-6.129287
-3.876891
-1.748625
0.133974
1.663294
2.770925
3.448621
3.753871
3.793111
3.686854
3.537075
3.417937
3.269806
2.972113
2.401507
1.463799
0.120270
-1.602954
-3.625421
-5.835081
-8.112832
-10.302198
-12.239309
-13.874694
-15.224211
-16.320193
-17.200578
-17.902766
-18.460540
-18.902822
-19.253474
-19.531693
-19.752709
-19.928542
-19.831799
-19.914505
-19.728079
-19.497015
-19.210193
-18.853731
-18.410329
-17.858586
-17.172461
-16.321167
-15.269869
-13.981741
-12.422274
-10.567185
-8.440460
-6.168072
-3.903677
-1.761941
0.135108
1.679043
2.800332
3.489517
3.803163
3.847372
3.742868
3.592070
3.469865
3.316581
3.011140
2.429986
1.479333
0.121409
-1.616525
-3.653030
-5.875397
-8.164169
-10.362472
-12.306341
-13.946682
-15.299781
-16.398324
-17.280522
-17.983982
-18.542639
-18.985527
-19.336585
-19.615071
-19.836255
-20.012186
-19.914505
-19.996995
-19.810321
-19.578919
-19.291640
-18.934561
-18.490325
-17.937459
-17.249821
-16.396489
-15.342450
-14.050642
-12.486253
-10.624626
-8.489464
-6.206797
-3.930431
-1.775249
0.136242
1.694806
2.829797
3.530546
3.852679
3.901942
3.799250
3.647444
3.522135
3.363623
3.050344
2.458557
1.494899
0.122549
-1.630095
-3.680621
-5.915664
-8.215426
-10.422635
-12.373237
-14.018512
-15.375178
-16.476269
-17.360272
-18.064998
-18.624533
-19.068022
-19.419485
-19.698235
-19.919585
-20.095613
-19.996995
-20.079271
-19.892350
-19.660613
-19.372879
-19.015184
-18.570119
-18.016135
-17.326990
-16.471629
-15.414860
-14.119385
-12.550092
-10.681950
-8.538378
-6.245462
-3.957153
-1.788547
0.137376
1.710582
2.859319
3.571704
3.902415
3.956818
3.855995
3.703194
3.574741
3.410928
3.089722
2.487218
1.510494
0.123690
-1.643665
-3.708192
-5.955883
-8.266603
-10.482687
-12.439995
-14.090185
-15.450401
-16.554030
-17.439829
-18.145814
-18.706222
-19.150309
-19.502173
-19.781186
-20.002700
-20.178823
-20.079271
-20.161332
-19.974167
-19.742096
-19.453910
-19.095603
-18.649712
-18.094614
-17.403969
-16.546587
-15.487098
-14.187970
-12.613790
-10.739156
-8.587201
-6.284065
-3.983842
-1.801835
0.138510
1.726370
2.888894
3.612988
3.952366
4.011994
3.913099
3.759315
3.627680
3.458492
3.129271
2.515967
1.526118
0.124831
-1.657233
-3.735742
-5.996052
-8.317698
-10.542627
-12.506616
-14.161700
-15.525452
-16.631606
-17.519193
-18.226430
-18.787708
-19.232388
-19.584652
-19.863924
-20.085601
-20.261818
-20.161332
-20.243179
-20.055772
-19.823370
-19.534733
-19.175818
-18.729105
-18.172898
-17.480758
-16.621363
-15.559164
-14.256397
-12.677348
-10.796245
-8.635933
-6.322606
-4.010498
-1.815113
0.139644
1.742169
2.918522
3.654395
4.002528
4.067466
3.970557
3.815802
3.680947
3.506311
3.168986
2.544802
1.541770
0.125974
-1.670800
-3.763271
-6.036171
-8.368712
-10.602456
-12.573100
-14.233058
-15.600329
-16.708998
-17.598364
-18.306849
-18.868990
-19.314261
-19.666921
-19.946452
-20.168289
-20.344598
-20.243179
-20.324815
-20.137166
-19.904435
-19.615351
-19.255830
-18.808298
-18.250987
-17.557359
-16.695957
-15.631059
-14.324667
-12.740766
-10.853215
-8.684573
-6.361085
-4.037120
-1.828380
0.140778
1.757979
2.948200
3.695922
4.052897
4.123229
4.028365
3.872652
3.734539
3.554381
3.208866
2.573720
1.557448
0.127117
-1.684364
-3.790778
-6.076240
-8.419644
-10.662173
-12.639447
-14.304258
-15.675035
-16.786206
-17.677343
-18.387069
-18.950070
-19.395929
-19.748982
-20.028768
-20.250764
-20.427165
-20.324815
-20.406240
-20.218351
-19.985292
-19.695763
-19.335639
-18.887293
-18.328882
-17.633771
-16.770371
-15.702784
-14.392779
-12.804045
-10.910067
-8.733122
-6.399502
-4.063707
-1.841636
0.141911
1.773797
2.977925
3.737564
4.103468
4.179279
4.086518
3.929859
3.788450
3.602698
3.248905
2.602718
1.573151
0.128261
-1.697925
-3.818262
-6.116257
-8.470493
-10.721777
-12.705656
-14.375302
-15.749568
-16.863231
-17.756131
-18.467092
-19.030949
-19.477392
-19.830835
-20.110876
-20.333029
-20.509519
-20.406240
-20.487454
-20.299327
-20.065943
-19.775972
-19.415247
-18.966089
-18.406583
-17.709995
-16.844605
-15.774338
-14.460734
-12.867183
-10.966801
-8.781580
-6.437856
-4.090260
-1.854881
0.143044
1.789625
3.007697
3.779320
4.154238
4.235611
4.145011
3.987420
3.842676
3.651258
3.289102
2.631795
1.588879
0.129405
-1.711483
-3.845722
-6.156222
-8.521259
-10.781269
-12.771727
-14.446188
-15.823929
-16.940074
-17.834728
-18.546918
-19.111627
-19.558650
-19.912482
-20.192774
-20.415083
-20.591661
-20.487454
-20.568458
-20.380096
-20.146388
-19.855976
-19.494655
-19.044689
-18.484092
-17.786032
-16.918659
-15.845723
-14.528532
-12.930181
-11.023417
-8.829945
-6.476147
-4.116778
-1.868114
0.144177
1.805460
3.037513
3.821185
4.205202
4.292219
4.203839
4.045328
3.897214
3.700057
3.329452
2.660948
1.604629
0.130550
-1.725036
-3.873158
-6.196134
-8.571941
-10.840648
-12.837661
-14.516917
-15.898118
-17.016734
-17.913136
-18.626549
-19.192104
-19.639705
-19.993923
-20.274465
-20.496928
-20.673593
-20.568458
-20.649255
-20.460658
-20.226629
-19.935779
-19.573862
-19.123092
-18.561409
-17.861884
-16.992535
-15.916938
-14.596174
-12.993040
-11.079915
-8.878218
-6.514374
-4.143261
-1.881335
0.145310
1.821302
3.067371
3.863156
4.256355
4.349101
4.262997
4.103580
3.952057
3.749091
3.369953
2.690176
1.620402
0.131696
-1.738585
-3.900569
-6.235992
-8.622539
-10.899913
-12.903457
-14.587490
-15.972136
-17.093212
-17.991353
-18.705985
-19.272383
-19.720558
-20.075159
-20.355950
-20.578564
-20.755315
-20.649255
-20.729844
-20.541014
-20.306665
-20.015379
-19.652871
-19.201300
-18.638535
-17.937549
-17.066232
-15.987984
-14.663660
-13.055759
-11.136294
-8.926398
-6.552537
-4.169707
-1.894544
0.146442
1.837150
3.097268
3.905230
4.307694
4.406249
4.322481
4.162171
4.007202
3.798355
3.410601
2.719475
1.636196
0.132842
-1.752129
-3.927954
-6.275796
-8.673052
-10.959065
-12.969115
-14.657905
-16.045984
-17.169508
-18.069382
-18.785226
-19.352463
-19.801210
-20.156192
-20.437228
-20.659993
-20.836828
-20.729844
-20.810226
-20.621165
-20.386499
-20.094779
-19.731682
-19.279314
-18.715471
-18.013030
-17.139751
-16.058862
-14.730989
-13.118338
-11.192555
-8.974486
-6.590635
-4.196117
-1.907739
0.147573
1.853004
3.127204
3.947405
4.359215
4.463661
4.382285
4.221096
4.062644
3.847846
3.451392
2.748844
1.652011
0.133988
-1.765668
-3.955313
-6.315546
-8.723480
-11.018103
-13.034636
-14.728164
-16.119660
-17.245624
-18.147223
-18.864274
-19.432345
-19.881661
-20.237021
-20.518301
-20.741216
-20.918133
-20.810226
-20.890403
-20.701112
-20.466130
-20.173979
-19.810296
-19.357133
-18.792217
-18.088326
-17.213092
-16.129572
-14.798163
-13.180778
-11.248698
-9.022480
-6.628669
-4.222490
-1.920922
0.148704
1.868862
3.157177
3.989676
4.410913
4.521330
4.442405
4.280349
4.118378
3.897559
3.492323
2.778280
1.667844
0.135135
-1.779200
-3.982645
-6.355240
-8.773822
-11.077026
-13.100018
-14.798267
-16.193167
-17.321560
-18.224875
-18.943128
-19.512031
-19.961912
-20.317649
-20.599171
-20.822233
-20.999232
-20.890403
-20.970375
-20.780856
-20.545560
-20.252981
-19.888714
-19.434760
-18.868774
-18.163439
-17.286258
-16.200115
-14.865182
-13.243079
-11.304721
-9.070382
-6.666638
-4.248826
-1.934091
0.149835
1.884724
3.187183
4.032041
4.462783
4.579252
4.502834
4.339927
4.174401
3.947490
3.533391
2.807782
1.683696
0.136282
-1.792726
-4.009949
-6.394878
-8.824078
-11.135835
-13.165262
-14.868213
-16.266503
-17.397315
-18.302341
-19.021791
-19.591521
-20.041964
-20.398074
-20.679837
-20.903045
-21.080124
-20.970375
-21.050143
-20.860398
-20.624790
-20.331784
-19.966936
-19.512195
-18.945143
-18.238369
-17.359246
-16.270490
-14.932045
-13.305241
-11.360627
-9.118190
-6.704541
-4.275124
-1.947247
0.150965
1.900589
3.217222
4.074496
4.514822
4.637422
4.563569
4.399823
4.230706
3.997634
3.574593
2.837346
1.699565
0.137429
-1.806246
-4.037225
-6.434459
-8.874248
-11.194530
-13.230369
-14.938003
-16.339670
-17.472891
-18.379620
-19.100262
-19.670815
-20.121817
-20.478300
-20.760301
-20.983653
-21.160811
-21.050143
