-0.231744
-0.226121
-0.219656
-0.212291
-0.203988
-0.194729
-0.184516
-0.173354
-0.161232
-0.148091
-0.133801
-0.118146
-0.100844
-0.081839
-0.061711
-0.040967
-0.019753
0.001651
0.022828
0.043212
0.062054
0.078376
0.090919
0.098073
0.098073
0.090919
0.078376
0.062054
0.043212
0.022828
0.001651
-0.019750
-0.040953
-0.061659
-0.081682
-0.100475
-0.117441
-0.132644
-0.146414
-0.159035
-0.170709
-0.181546
-0.191584
-0.200813
-0.209212
-0.216766
-0.223478
-0.229378
-0.231744
-0.427253
-0.416421
-0.403784
-0.389161
-0.372415
-0.353472
-0.332352
-0.309178
-0.284158
-0.257533
-0.229479
-0.199996
-0.168827
-0.135883
-0.101929
-0.067479
-0.032494
0.002714
0.037526
0.071030
0.101999
0.128828
0.149446
0.161204
0.161204
0.149446
0.128828
0.101999
0.071029
0.037523
0.002713
-0.032473
-0.067370
-0.101563
-0.134915
-0.166826
-0.196613
-0.224539
-0.251112
-0.276565
-0.300861
-0.323789
-0.345083
-0.364515
-0.381952
-0.397363
-0.410809
-0.422418
-0.427253
-0.612813
-0.597170
-0.578795
-0.557371
-0.532624
-0.504380
-0.472609
-0.437481
-0.399377
-0.358854
-0.316509
-0.272787
-0.227762
-0.181572
-0.135238
-0.089140
-0.042823
0.003573
0.049375
0.093443
0.134178
0.169469
0.196590
0.212058
0.212058
0.196590
0.169468
0.134176
0.093437
0.049363
0.003570
-0.042747
-0.088784
-0.134164
-0.179003
-0.222919
-0.265247
-0.306262
-0.346346
-0.385373
-0.422852
-0.458155
-0.490712
-0.520138
-0.546265
-0.569118
-0.588866
-0.605769
-0.612813
-0.793734
-0.773617
-0.749887
-0.722079
-0.689780
-0.652685
-0.610682
-0.563931
-0.512927
-0.458481
-0.401600
-0.343228
-0.283929
-0.224286
-0.165765
-0.108671
-0.052032
0.004333
0.059834
0.113201
0.162530
0.205271
0.238121
0.256855
0.256855
0.238120
0.205269
0.162522
0.113180
0.059800
0.004326
-0.051846
-0.107877
-0.163560
-0.219410
-0.275359
-0.330658
-0.385348
-0.439458
-0.492363
-0.543076
-0.590581
-0.634073
-0.673077
-0.707446
-0.737298
-0.762934
-0.784758
-0.793734
-0.972066
-0.947767
-0.919011
-0.885191
-0.845739
-0.800209
-0.748377
-0.690359
-0.626705
-0.558429
-0.486901
-0.413569
-0.339552
-0.266033
-0.195114
-0.127147
-0.060629
0.005037
0.069461
0.131339
0.188532
0.238095
0.276193
0.297922
0.297922
0.276192
0.238089
0.188511
0.131287
0.069382
0.005022
-0.060264
-0.125701
-0.191369
-0.258256
-0.326613
-0.395436
-0.464320
-0.532800
-0.599698
-0.663543
-0.722984
-0.777043
-0.825210
-0.867398
-0.903847
-0.935002
-0.961416
-0.972066
-1.148759
-1.120531
-1.087040
-1.047529
-1.001275
-0.947679
-0.886385
-0.817428
-0.741374
-0.659387
-0.573157
-0.484619
-0.395484
-0.307635
-0.223973
-0.145043
-0.068839
0.005701
0.078489
0.148283
0.212779
0.268685
0.311667
0.336185
0.336184
0.311664
0.268669
0.212730
0.148173
0.078333
0.005675
-0.068215
-0.142724
-0.218303
-0.296454
-0.377687
-0.460573
-0.544089
-0.627188
-0.708116
-0.784951
-0.856057
-0.920337
-0.977288
-1.026918
-1.069607
-1.105954
-1.136668
-1.148759
-1.324295
-1.292362
-1.254389
-1.209472
-1.156729
-1.095396
-1.024968
-0.945374
-0.857156
-0.761586
-0.660633
-0.556691
-0.452084
-0.349469
-0.252683
-0.162605
-0.076782
0.006336
0.087038
0.164240
0.235552
0.297381
0.344933
0.372062
0.372061
0.344924
0.297345
0.235450
0.164030
0.086763
0.006293
-0.075813
-0.159191
-0.244735
-0.334456
-0.429048
-0.526488
-0.625006
-0.722909
-0.817868
-0.907539
-0.990049
-1.064228
-1.129619
-1.186353
-1.234963
-1.276215
-1.310974
-1.324295
-1.498930
-1.463489
-1.421260
-1.371192
-1.312240
-1.243467
-1.164206
-1.074255
-0.974101
-0.865082
-0.749406
-0.629907
-0.509522
-0.391740
-0.281447
-0.179988
-0.084535
0.006948
0.095184
0.179337
0.257013
0.324377
0.376208
0.405786
0.405783
0.376188
0.324305
0.256824
0.178975
0.094738
0.006882
-0.083130
-0.175266
-0.270898
-0.372528
-0.480944
-0.593379
-0.707206
-0.820052
-0.929013
-1.031358
-1.125021
-1.208800
-1.282317
-1.345847
-1.400091
-1.445989
-1.484565
-1.498930
-1.672798
-1.634027
-1.587745
-1.532757
-1.467850
-1.391912
-1.304096
-1.204053
-1.092183
-0.969856
-0.839481
-0.704305
-0.567879
-0.434566
-0.310397
-0.197303
-0.092156
0.007541
0.102987
0.193673
0.277285
0.349811
0.405643
0.437516
0.437509
0.405604
0.349680
0.276962
0.193092
0.102311
0.007447
-0.090225
-0.191067
-0.296959
-0.410847
-0.533522
-0.661341
-0.790734
-0.918618
-1.041529
-1.156381
-1.260953
-1.354048
-1.435400
-1.505443
-1.565062
-1.615371
-1.657558
-1.672798
-1.845971
-1.804029
-1.753881
-1.694182
-1.623555
-1.540703
-1.444594
-1.334710
-1.211340
-1.075852
-0.930823
-0.779883
-0.627193
-0.478022
-0.339628
-0.214634
-0.099694
0.008119
0.110500
0.207334
0.296476
0.373803
0.433366
0.467384
0.467370
0.433294
0.373578
0.295957
0.206456
0.109529
0.007990
-0.097145
-0.206696
-0.323045
-0.449538
-0.586875
-0.730417
-0.875587
-1.018571
-1.155359
-1.282542
-1.397784
-1.499928
-1.588839
-1.665135
-1.729889
-1.784398
-1.830010
-1.845971
-2.018483
-1.973517
-1.919670
-1.855454
-1.779322
-1.689792
-1.585636
-1.466152
-1.331496
-1.183003
-1.023381
-0.856619
-0.687479
-0.522158
-0.369210
-0.232050
-0.107188
0.008686
0.117771
0.220404
0.314684
0.396460
0.459489
0.495507
0.495481
0.459365
0.396097
0.313896
0.219136
0.116433
0.008516
-0.103935
-0.222233
-0.349257
-0.488693
-0.641061
-0.800625
-0.961739
-1.119854
-1.270427
-1.409761
-1.535438
-1.646372
-1.742586
-1.824891
-1.894560
-1.953071
-2.001938
-2.018483
-2.190346
-2.142490
-2.085100
-2.016544
-1.935109
-1.839121
-1.727151
-1.598301
-1.452569
-1.291231
-1.117096
-0.934479
-0.748734
-0.567002
-0.399194
-0.249604
-0.114672
0.009246
0.124844
0.232957
0.332008
0.417888
0.484121
0.521992
0.521947
0.483918
0.417331
0.330861
0.231199
0.123064
0.009027
-0.110632
-0.237749
-0.375677
-0.528380
-0.696116
-0.871961
-1.049155
-1.222403
-1.386654
-1.537951
-1.673832
-1.793308
-1.896581
-1.984668
-2.059045
-2.121380
-2.173344
-2.190346
-2.361561
-2.310937
-2.250148
-2.177418
-2.090867
-1.988629
-1.869067
-1.731074
-1.574476
-1.400459
-1.211903
-1.013423
-0.810945
-0.612570
-0.429617
-0.267338
-0.122174
0.009801
0.131760
0.245067
0.348537
0.438187
0.507365
0.546943
0.546869
0.507049
0.437368
0.346933
0.242710
0.129461
0.009527
-0.117269
-0.253302
-0.402369
-0.568649
-0.752060
-0.944411
-1.137786
-1.326148
-1.503954
-1.667023
-1.812880
-1.940659
-2.050760
-2.144415
-2.223310
-2.289300
-2.344217
-2.361561
-2.532121
-2.478845
-2.414789
-2.338039
-2.246547
-2.138255
-2.011311
-1.864393
-1.697135
-1.510611
-1.307740
-1.093406
-0.874093
-0.658869
-0.460507
-0.285287
-0.129717
0.010353
0.138555
0.256801
0.364362
0.457455
0.529319
0.570457
0.570343
0.528849
0.456293
0.362188
0.253730
0.135660
0.010018
-0.123876
-0.268942
-0.429384
-0.609535
-0.808903
-1.017952
-1.227584
-1.431018
-1.622246
-1.796892
-1.952499
-2.088352
-2.205060
-2.304082
-2.387316
-2.456805
-2.514543
-2.532121
-2.702019
-2.646194
-2.578995
-2.498369
-2.402100
-2.287939
-2.153816
-1.998183
-1.820468
-1.621610
-1.404540
-1.174382
-0.938154
-0.705899
-0.491882
-0.303477
-0.137322
0.010905
0.145262
0.268224
0.379567
0.475786
0.550081
0.592630
0.592458
0.549404
0.474191
0.376702
0.264318
0.141695
0.010503
-0.130479
-0.284710
-0.456761
-0.651063
-0.866642
-1.092557
-1.318497
-1.536944
-1.741449
-1.927475
-2.092611
-2.236316
-2.359421
-2.463620
-2.551025
-2.623869
-2.684302
-2.702019
-2.871242
-2.812967
-2.742741
-2.658373
-2.557483
-2.437627
-2.296517
-2.132372
-1.944400
-1.733385
-1.502240
-1.256302
-1.003102
-0.753655
-0.523754
-0.321929
-0.145005
0.011458
0.151912
0.279394
0.394233
0.493272
0.569743
0.613551
0.613302
0.568799
0.491140
0.390546
0.274531
0.147596
0.010984
-0.137098
-0.300639
-0.484533
-0.693250
-0.925273
-1.168194
-1.410470
-1.643854
-1.861484
-2.058691
-2.233141
-2.384483
-2.513786
-2.622981
-2.714401
-2.790464
-2.853477
-2.871242
-3.039779
-2.979146
-2.906001
-2.818016
-2.712651
-2.587266
-2.439354
-2.266892
-2.068860
-1.845867
-1.600780
-1.339119
-1.068908
-0.802128
-0.556130
-0.340658
-0.152780
0.012014
0.158531
0.290366
0.408436
0.510001
0.588396
0.633309
0.632960
0.587116
0.507220
0.403791
0.284422
0.153392
0.011463
-0.143754
-0.316757
-0.512722
-0.736104
-0.984783
-1.244829
-1.503450
-1.751684
-1.982277
-2.190467
-2.374019
-2.532790
-2.668101
-2.782123
-2.877409
-2.956564
-3.022050
-3.039779
-3.207621
-3.144715
-3.068750
-2.977269
-2.867565
-2.736810
-2.582270
-2.401682
-2.193782
-1.958988
-1.700100
-1.422787
-1.135540
-0.851303
-0.589014
-0.359677
-0.160656
0.012575
0.165142
0.301189
0.422248
0.526055
0.606126
0.651987
0.651511
0.604432
0.522503
0.416502
0.294039
0.159109
0.011941
-0.150462
-0.333087
-0.541346
-0.779629
-1.045157
-1.322428
-1.597385
-1.860366
-2.103759
-2.322732
-2.515178
-2.681181
-2.822316
-2.941005
-3.040018
-3.122146
-3.190003
-3.207621
-3.374757
-3.309658
-3.230969
-3.136101
-3.022190
-2.886213
-2.725214
-2.536682
-2.319104
-2.072688
-1.800142
-1.507258
-1.202967
-0.901168
-0.622405
-0.378992
-0.168643
0.013141
0.171767
0.311907
0.435734
0.541516
0.623017
0.669668
0.669034
0.620823
0.537064
0.428743
0.303431
0.164771
0.012420
-0.157236
-0.349646
-0.570419
-0.823826
-1.106377
-1.400952
-1.692222
-1.969839
-2.225862
-2.455421
-2.656559
-2.829601
-2.976387
-3.099590
-3.202198
-3.287187
-3.357321
-3.374757
-3.541178
-3.473962
-3.392638
-3.294489
-3.176492
-3.035436
-2.868139
-2.671840
-2.444768
-2.186908
-1.900851
-1.592487
-1.271157
-0.951706
-0.656300
-0.398612
-0.176748
0.013714
0.178422
0.322562
0.448957
0.556459
0.639149
0.686430
0.685605
0.636362
0.550971
0.440574
0.312639
0.170400
0.012901
-0.164087
-0.366450
-0.599947
-0.868690
-1.168423
-1.480365
-1.787910
-2.080042
-2.348522
-2.588471
-2.798104
-2.978000
-3.130272
-3.257844
-3.363924
-3.451668
-3.523991
-3.541178
-3.706879
-3.637614
-3.553739
-3.452408
-3.330443
-3.184442
-3.011002
-2.807106
-2.570719
-2.301591
-2.002176
-1.678429
-1.340079
-1.002899
-0.690695
-0.418538
-0.184976
0.014294
0.185123
0.333190
0.461974
0.570955
0.654600
0.702349
0.701296
0.651120
0.564290
0.452051
0.321704
0.176014
0.013386
-0.171024
-0.383510
-0.629939
-0.914216
-1.231273
-1.560631
-1.884399
-2.190918
-2.471680
-2.721825
-2.939761
-3.126335
-3.283934
-3.415737
-3.525171
-3.615573
-3.690000
-3.706879
-3.871851
-3.800605
-3.714257
-3.609838
-3.484015
-3.333198
-3.153761
-2.942433
-2.696907
-2.416685
-2.104066
-1.765042
-1.409702
-1.054728
-0.725584
-0.438774
-0.193332
0.014881
0.191885
0.343823
0.474837
0.585072
0.669444
0.717500
0.716179
0.665166
0.577086
0.463228
0.330661
0.181631
0.013875
-0.178057
-0.400834
-0.660395
-0.960396
-1.294905
-1.641711
-1.981641
-2.302413
-2.595280
-2.855431
-3.081483
-3.274562
-3.437338
-3.573242
-3.685920
-3.778884
-3.855338
-3.871851
-4.036091
-3.962926
-3.874180
-3.766761
-3.637184
-3.481674
-3.296381
-3.077779
-2.823285
-2.532142
-2.206473
-1.852285
-1.479992
-1.107176
-0.760959
-0.459318
-0.201819
0.015478
0.198719
0.354490
0.487594
0.598872
0.683751
0.731954
0.730322
0.678566
0.589419
0.474155
0.339545
0.187266
0.014369
-0.185191
-0.418430
-0.691316
-1.007219
-1.359295
-1.723570
-2.079589
-2.414474
-2.719269
-2.989237
-3.223226
-3.422646
-3.590453
-3.730335
-3.846150
-3.941590
-4.019997
-4.036091
-4.199595
-4.124570
-4.033497
-3.923161
-3.789930
-3.629843
-3.438830
-3.213105
-2.949810
-2.647915
-2.309352
-1.940115
-1.550920
-1.160222
-0.796812
-0.480172
-0.210439
0.016083
0.205635
0.365217
0.500289
0.612415
0.697588
0.745779
0.743792
0.691382
0.601347
0.484877
0.348385
0.192933
0.014869
-0.192432
-0.436301
-0.722703
-1.054674
-1.424421
-1.806171
-2.178198
-2.527051
-2.843598
-3.123199
-3.364948
-3.570550
-3.743251
-3.886992
-4.005847
-4.103678
-4.183969
-4.199595
-4.362360
-4.285531
-4.192196
-4.079024
-3.942233
-3.777680
-3.581076
-3.348377
-3.076440
-2.763961
-2.412660
-2.028496
-1.622455
-1.213847
-0.833133
-0.501333
-0.219193
0.016697
0.212641
0.376027
0.512962
0.625755
0.711019
0.759041
0.756653
0.703677
0.612925
0.495439
0.357210
0.198644
0.015375
-0.199784
-0.454453
-0.754552
-1.102749
-1.490257
-1.889480
-2.277425
-2.640098
-2.968220
-3.257273
-3.506611
-3.718245
-3.895707
-4.043196
-4.164995
-4.265138
-4.347247
-4.362360
-4.524385
-4.445803
-4.350270
-4.234338
-4.094076
-3.925164
-3.723092
-3.483560
-3.203139
-2.880239
-2.516356
-2.117390
-1.694567
-1.268031
-0.869913
-0.522798
-0.228084
0.017321
0.219745
0.386939
0.525648
0.638942
0.724104
0.771804
0.768968
0.715509
0.624205
0.505880
0.366044
0.204408
0.015889
-0.207251
-0.472886
-0.786859
-1.151432
-1.556779
-1.973460
-2.377227
-2.753570
-3.093091
-3.391419
-3.648183
-3.865700
-4.047799
-4.198928
-4.323581
-4.425963
-4.509828
-4.524385
-4.685668
-4.605384
-4.507713
-4.389091
-4.245445
-4.072275
-3.864853
-3.618625
-3.329871
-2.996711
-2.620402
-2.206761
-1.767228
-1.322754
-0.907142
-0.544565
-0.237111
0.017955
0.226954
0.397972
0.538380
0.652025
0.736901
0.784129
0.780797
0.726935
0.635237
0.516238
0.374910
0.210237
0.016410
-0.214836
-0.491602
-0.819620
-1.200708
-1.623964
-2.058079
-2.477565
-2.867424
-3.218170
-3.525601
-3.789630
-4.012892
-4.199506
-4.354173
-4.481597
-4.586146
-4.671707
-4.685668
-4.846210
-4.764271
-4.664519
-4.543276
-4.396326
-4.218994
-4.006337
-3.753543
-3.456605
-3.113342
-2.724760
-2.296574
-1.840408
-1.377998
-0.944808
-0.566630
-0.246275
0.018599
0.234273
0.409140
0.551187
0.665046
0.749463
0.796074
0.792198
0.738009
0.646065
0.526547
0.383829
0.216137
0.016939
-0.222541
-0.510602
-0.852830
-1.250565
-1.691787
-2.143304
-2.578399
-2.981620
-3.343420
-3.659784
-3.930925
-4.159796
-4.350809
-4.508919
-4.639031
-4.745680
-4.832882
-4.846210
-5.006011
-4.922463
-4.820683
-4.696883
-4.546709
-4.365307
-4.147524
-3.888291
-3.583310
-3.230098
-2.829397
-2.386797
-1.914081
-1.433742
-0.982903
-0.588989
-0.255576
0.019253
0.241705
0.420458
0.564096
0.678045
0.761840
0.807695
0.803226
0.748782
0.656735
0.536839
0.392818
0.222116
0.017477
-0.230368
-0.529884
-0.886482
-1.300987
-1.760225
-2.229101
-2.679694
-3.096120
-3.468804
-3.793937
-4.072040
-4.306390
-4.501693
-4.663152
-4.795876
-4.904561
-4.993352
-5.006011
-5.165073
-5.079958
-4.976202
-4.849908
-4.696582
-4.511200
-4.288395
-4.022844
-3.709959
-3.346947
-2.934279
-2.477398
-1.988219
-1.489967
-1.021413
-0.611637
-0.265012
0.019918
0.249255
0.431937
0.577130
0.691059
0.774081
0.819045
0.813935
0.759305
0.667287
0.547143
0.401895
0.228180
0.018023
-0.238318
-0.549448
-0.920571
-1.351960
-1.829253
-2.315441
-2.781413
-3.210889
-3.594289
-3.928030
-4.212952
-4.452657
-4.652144
-4.816864
-4.952126
-5.062786
-5.153115
-5.165073
-5.323398
-5.236756
-5.131074
-5.002344
-4.845937
-4.656659
-4.428932
-4.157182
-3.836527
-3.463862
-3.039375
-2.568347
-2.062797
-1.546655
-1.060329
-0.634571
-0.274583
0.020593
0.256926
0.443588
0.590311
0.704122
0.786229
0.830176
0.824377
0.769623
0.677760
0.557486
0.411073
0.234334
0.018577
-0.246391
-0.569292
-0.955088
-1.403470
-1.898850
-2.402293
-2.883523
-3.325893
-3.719844
-4.062037
-4.353639
-4.598577
-4.802148
-4.970044
-5.107775
-5.220353
-5.312172
-5.323398
-5.480989
-5.392859
-5.285297
-5.154188
-4.994767
-4.801674
-4.569122
-4.291285
-3.962989
-3.580815
-3.144656
-2.659615
-2.137789
-1.603786
-1.099639
-0.657785
-0.284288
0.021278
0.264721
0.455419
0.603657
0.717264
0.798327
0.841134
0.834601
0.779782
0.688188
0.567891
0.420367
0.240584
0.019141
-0.254589
-0.589414
-0.990027
-1.455501
-1.968991
-2.489628
-2.985992
-3.441098
-3.845440
-4.195933
-4.494079
-4.744137
-4.951694
-5.122686
-5.262818
-5.377259
-5.470523
-5.480989
-5.637848
-5.548268
-5.438870
-5.305435
-5.143066
-4.946236
-4.708951
-4.425136
-4.089325
-3.697780
-3.250094
-2.751175
-2.213171
-1.661343
-1.139332
-0.681274
-0.294127
0.021973
0.272642
0.467439
0.617186
0.730514
0.810413
0.851966
0.844653
0.789825
0.698607
0.578382
0.429788
0.246934
0.019714
-0.262912
-0.609812
-1.025380
-1.508040
-2.039654
-2.577417
-3.088787
-3.556477
-3.971049
-4.329695
-4.634255
-4.889322
-5.100772
-5.274783
-5.417253
-5.533504
-5.628169
-5.637848
-5.793979
-5.702984
-5.591793
-5.456084
-5.290829
-5.090335
-4.848406
-4.558718
-4.215514
-3.814734
-3.355664
-2.843000
-2.288921
-1.719308
-1.179397
-0.705033
-0.304097
0.022679
0.280689
0.479653
0.630913
0.743898
0.822523
0.862716
0.854578
0.799790
0.709046
0.588979
0.439347
0.253387
0.020296
-0.271359
-0.630482
-1.061140
-1.561071
-2.110818
-2.665633
-3.191881
-3.671998
-4.096646
-4.463301
-4.774150
-5.034119
-5.249373
-5.426330
-5.571077
-5.689088
-5.785113
-5.793979
-5.949386
-5.857009
-5.744066
-5.606132
-5.438050
-5.233964
-4.987477
-4.692017
-4.341537
-3.931655
-3.461341
-2.935066
-2.365014
-1.777662
-1.219823
-0.729057
-0.314197
0.023396
0.288865
0.492069
0.644851
0.757440
0.834691
0.873423
0.864418
0.809716
0.719536
0.599700
0.449053
0.259945
0.020887
-0.279931
-0.651423
-1.097298
-1.614579
-2.182461
-2.754249
-3.295245
-3.787637
-4.222207
-4.596731
-4.913748
-5.178516
-5.397490
-5.577321
-5.724288
-5.844011
-5.941357
-5.949386
-6.104073
-6.010347
-5.895691
-5.755579
-5.584726
-5.377117
-5.126154
-4.825020
-4.467377
-4.048521
-3.567101
-3.027348
-2.441429
-1.836389
-1.260600
-0.753340
-0.324426
0.024122
0.297171
0.504690
0.659012
0.771160
0.846949
0.884127
0.874215
0.819639
0.730102
0.610563
0.458914
0.266613
0.021487
-0.288626
-0.672631
-1.133846
-1.668551
-2.254561
-2.843241
-3.398851
-3.903367
-4.347710
-4.729969
-5.053036
-5.322505
-5.545116
-5.727754
-5.876884
-5.998273
-6.096903
-6.104073
-6.258045
-6.163000
-6.046668
-5.904423
-5.730855
-5.519789
-5.264428
-4.957714
-4.593019
-4.165315
-3.672923
-3.119824
-2.518144
-1.895473
-1.301715
-0.777877
-0.334782
0.024859
0.305607
0.517522
0.673407
0.785079
0.859325
0.894863
0.884004
0.829592
0.740771
0.621583
0.468939
0.273391
0.022097
-0.297445
-0.694102
-1.170777
-1.722972
-2.327098
-2.932583
-3.502675
-4.019165
-4.473135
-4.862996
-5.192001
-5.466076
-5.692245
-5.877626
-6.028866
-6.151878
-6.251754
-6.258045
-6.411306
-6.314972
-6.197000
-6.052666
-5.876435
-5.661975
-5.402293
-5.090089
-4.718449
-4.282018
-3.778786
-3.212472
-2.595141
-1.954896
-1.343159
-0.802663
-0.345264
0.025607
0.314174
0.530567
0.688047
0.799214
0.871847
0.905666
0.893824
0.839607
0.751566
0.632775
0.479133
0.280283
0.022717
-0.306387
-0.715834
-1.208082
-1.777828
-2.400053
-3.022251
-3.606692
-4.135008
-4.598462
-4.995798
-5.330632
-5.609221
-5.838873
-6.026933
-6.180233
-6.304825
-6.405915
-6.411306
-6.563861
-6.466267
-6.346689
-6.200307
-6.021463
-5.803670
-5.539740
-5.222135
-4.843652
-4.398613
-3.884672
-3.305271
-2.672398
-2.014643
-1.384920
-0.827692
-0.355869
0.026364
0.322873
0.543830
0.702939
0.813583
0.884540
0.916567
0.903707
0.849713
0.762507
0.644151
0.489504
0.287289
0.023346
-0.315451
-0.737822
-1.245752
-1.833104
-2.473405
-3.112224
-3.710879
-4.250874
-4.723674
-5.128361
-5.468918
-5.751933
-5.984995
-6.175676
-6.330986
-6.457119
-6.559388
-6.563861
-6.715715
-6.616887
-6.495737
-6.347347
-6.165939
-5.944871
-5.676765
-5.353842
-4.968617
-4.515085
-3.990560
-3.398202
-2.749898
-2.074698
-1.426988
-0.852958
-0.366597
0.027132
0.331702
0.557312
0.718091
0.828200
0.897426
0.927597
0.913685
0.859939
0.773616
0.655724
0.500055
0.294411
0.023984
-0.324636
-0.760063
-1.283781
-1.888787
-2.547135
-3.202478
-3.815214
-4.366745
-4.848753
-5.260672
-5.606849
-5.894206
-6.130608
-6.323852
-6.481126
-6.608760
-6.712178
-6.715715
-6.866874
-6.766839
-6.644148
-6.493789
-6.309863
-6.085577
-5.813361
-5.485203
-5.093333
-4.631420
-4.096436
-3.491246
-2.827621
-2.135046
-1.469354
-0.878457
-0.377444
0.027910
0.340663
0.571016
0.733511
0.843078
0.910529
0.938783
0.923789
0.870309
0.784910
0.667503
0.510793
0.301651
0.024632
-0.333942
-0.782554
-1.322159
-1.944862
-2.621225
-3.292993
-3.919676
-4.482601
-4.973685
-5.392719
-5.744418
-6.036035
-6.275710
-6.471462
-6.630653
-6.759753
-6.864289
-6.866874
-7.017342
-6.916125
-6.791924
-6.639633
-6.453234
-6.225784
-5.949525
-5.616211
-5.217790
-4.747604
-4.202282
-3.584385
-2.905551
-2.195672
-1.512006
-0.904183
-0.388410
0.028697
0.349755
0.584945
0.749203
0.858230
0.923866
0.950152
0.934046
0.880849
0.796408
0.679500
0.521720
0.309009
0.025290
-0.343367
-0.805290
-1.360878
-2.001317
-2.695657
-3.383749
-4.024246
-4.598425
-5.098455
-5.524491
-5.881617
-6.177415
-6.420298
-6.618505
-6.779571
-6.910100
-7.015725
-7.017342
-7.167125
-7.064751
-6.939068
-6.784881
-6.596053
-6.365492
-6.085253
-5.746859
-5.341977
-4.863625
-4.308083
-3.677604
-2.983670
-2.256562
-1.554935
-0.930129
-0.399493
0.029495
0.358979
0.599098
0.765174
0.873668
0.937457
0.961729
0.944482
0.891581
0.808124
0.691723
0.532842
0.316486
0.025957
-0.352910
-0.828267
-1.399931
-2.058139
-2.770413
-3.474725
-4.128903
-4.714201
-5.223051
-5.655978
-6.018439
-6.318342
-6.564370
-6.764981
-6.927880
-7.059805
-7.166492
-7.167125
-7.316230
-7.212721
-7.085585
-6.929536
-6.738320
-6.504699
-6.220541
-5.877141
-5.465887
-4.979472
-4.413826
-3.770884
-3.061964
-2.317703
-1.598131
-0.956292
-0.410690
0.030302
0.368333
0.613479
0.781429
0.889402
0.951319
0.973535
0.955123
0.902526
0.820073
0.704180
0.544162
0.324083
0.026633
-0.362571
-0.851483
-1.439308
-2.115313
-2.845476
-3.565904
-4.233631
-4.829912
-5.347458
-5.787171
-6.154878
-6.458812
-6.707926
-6.910892
-7.075584
-7.208872
-7.316592
-7.316230
-7.464660
-7.360040
-7.231479
-7.073600
-6.880037
-6.643404
-6.355388
-6.007053
-5.589512
-5.095133
-4.519497
-3.864213
-3.140415
-2.379080
-1.641584
-0.982666
-0.422001
0.031120
0.377817
0.628087
0.797972
0.905441
0.965467
0.985592
0.965991
0.913703
0.832270
0.716879
0.555682
0.331800
0.027319
-0.372347
-0.874932
-1.479003
-2.172829
-2.920830
-3.657268
-4.338412
-4.945544
-5.471667
-5.918062
-6.290929
-6.598823
-6.850965
-7.056238
-7.222685
-7.357304
-7.466033
-7.464660
-7.612423
-7.506712
-7.376752
-7.217076
-7.021205
-6.781607
-6.489789
-6.136589
-5.712844
-5.210599
-4.625083
-3.957574
-3.219011
-2.440681
-1.685284
-1.009244
-0.433422
0.031946
0.387431
0.642924
0.814807
0.921794
0.979917
0.997919
0.977107
0.925132
0.844726
0.729827
0.567405
0.339638
0.028014
-0.382239
-0.898611
-1.519006
-2.230671
-2.996458
-3.748798
-4.443230
-5.061084
-5.595666
-6.048644
-6.426586
-6.738373
-6.993486
-7.201021
-7.369185
-7.505105
-7.614817
-7.612423
-7.759523
-7.652743
-7.521409
-7.359968
-7.161825
-6.919309
-6.623744
-6.265746
-5.835877
-5.325861
-4.730573
-4.050955
-3.297735
-2.502493
-1.729223
-1.036023
-0.444952
0.032782
0.397174
0.657990
0.831937
0.938469
0.994681
1.010536
0.988492
0.936828
0.857453
0.743029
0.579333
0.347597
0.028718
-0.392244
-0.922517
-1.559311
-2.288830
-3.072345
-3.840479
-4.548071
-5.176518
-5.719447
-6.178909
-6.561847
-6.877459
-7.135490
-7.345243
-7.515088
-7.652279
-7.762951
-7.759523
-7.905968
-7.798138
-7.665455
-7.502277
-7.301900
-7.056509
-6.757252
-6.394520
-5.958605
-5.440911
-4.835956
-4.144343
-3.376576
-2.564503
-1.773392
-1.062997
-0.456589
0.033628
0.407047
0.673286
0.849365
0.955474
1.009772
1.023459
1.000164
0.948808
0.870462
0.756493
0.591470
0.355677
0.029432
-0.402362
-0.946644
-1.599908
-2.347292
-3.148476
-3.932295
-4.652918
-5.291836
-5.842998
-6.308851
-6.696706
-7.016080
-7.276977
-7.488905
-7.660397
-7.798831
-7.910440
-7.905968
-8.051761
-7.942902
-7.808893
-7.644008
-7.441431
-7.193209
-6.890310
-6.522908
-6.081023
-5.555740
-4.941222
-4.237725
-3.455519
-2.626700
-1.817781
-1.090160
-0.468332
0.034483
0.417047
0.688812
0.867095
0.972815
1.025202
1.036703
1.012140
0.961087
0.883763
0.770222
0.603816
0.363879
0.030155
-0.412592
-0.970990
-1.640792
-2.406046
-3.224837
-4.024231
-4.757760
-5.407025
-5.966313
-6.438465
-6.831162
-7.154236
-7.417947
-7.632010
-7.805114
-7.944765
-8.057289
-8.051761
-8.196909
-8.087039
-7.951728
-7.785163
-7.580421
-7.329408
-7.022920
-6.650908
-6.203127
-5.670341
-5.046361
-4.331089
-3.534552
-2.689073
-1.862381
-1.117508
-0.480178
0.035347
0.427174
0.704568
0.885128
0.990498
1.040981
1.050285
1.024437
0.973678
0.897365
0.784223
0.616374
0.372202
0.030888
-0.422931
-0.995550
-1.681953
-2.465080
-3.301412
-4.116272
-4.862582
-5.522075
-6.089384
-6.567745
-6.965211
-7.291924
-7.558402
-7.774559
-7.949245
-8.090085
-8.203502
-8.196909
-8.341419
-8.230556
-8.093965
-7.925747
-7.718872
-7.465109
-7.155079
-6.778517
-6.324911
-5.784709
-5.151364
-4.424426
-3.613664
-2.751610
-1.907185
-1.145036
-0.492125
0.036220
0.437429
0.720554
0.903468
1.008529
1.057119
1.064216
1.037069
0.986593
0.911277
0.798499
0.629145
0.380647
0.031629
-0.433380
-1.020321
-1.723384
-2.524383
-3.378190
-4.208404
-4.967372
-5.636976
-6.212203
-6.696688
-7.098850
-7.429146
-7.698343
-7.916556
-8.092792
-8.234796
-8.349085
-8.341419
-8.485295
-8.373457
-8.235607
-8.065763
-7.856787
-7.600313
-7.286788
-6.905734
-6.446372
-5.898836
-5.256222
-4.517724
-3.692843
-2.814300
-1.952183
-1.172738
-0.504172
0.037103
0.447809
0.736771
0.922115
1.026913
1.073626
1.078510
1.050050
0.999844
0.925506
0.813054
0.642131
0.389214
0.032380
-0.443936
-1.045298
-1.765079
-2.583943
-3.455155
-4.300614
-5.072119
-5.751719
-6.334764
-6.825289
-7.232079
-7.565900
-7.837771
-8.058003
-8.235758
-8.378903
-8.494044
-8.485295
-8.628544
-8.515747
-8.376659
-8.205214
-7.994168
-7.735021
-7.418048
-7.032557
-6.567507
-6.012717
-5.360928
-4.610973
-3.772078
-2.877133
-1.997368
-1.200610
-0.516317
0.037994
0.458315
0.753217
0.941072
1.045655
1.090508
1.093179
1.063393
1.013443
0.940060
0.827893
0.655332
0.397902
0.033139
-0.454598
-1.070478
-1.807029
-2.643751
-3.532296
-4.392890
-5.176812
-5.866296
-6.457061
-6.953544
-7.364895
-7.702188
-7.976687
-8.198903
-8.378149
-8.522410
-8.638384
-8.628544
-8.771171
-8.657433
-8.517126
-8.344105
-8.131019
-7.869235
-7.548858
-7.158985
-6.688312
-6.126346
-5.465475
-4.704165
-3.851359
-2.940099
-2.042732
-1.228647
-0.528558
0.038894
0.468945
0.769894
0.960340
1.064759
1.107776
1.108233
1.077110
1.027399
0.954945
0.843018
0.668749
0.406712
0.033908
-0.465366
-1.095857
-1.849227
-2.703796
-3.609601
-4.485219
-5.281440
-5.980698
-6.579088
-7.081450
-7.497298
-7.838009
-8.115094
-8.339259
-8.519967
-8.665321
-8.782110
-8.771171
-8.913181
-8.798518
-8.657013
-8.482439
-8.267342
-8.002956
-7.679220
-7.285017
-6.808785
-6.239720
-5.569855
-4.797291
-3.930676
-3.003189
-2.088267
-1.256844
-0.540893
0.039802
0.479698
0.786800
0.979921
1.084229
1.125435
1.123683
1.091211
1.041722
0.970168
0.858434
0.682385
0.415643
0.034685
-0.476237
-1.121431
-1.891666
-2.764067
-3.687057
-4.577590
-5.385993
-6.094918
-6.700840
-7.209004
-7.629286
-7.973364
-8.252994
-8.479074
-8.661216
-8.807641
-8.925227
-8.913181
-9.054582
-8.939008
-8.796323
-8.620220
-8.403141
-8.136188
-7.809133
-7.410652
-6.928923
-6.352834
-5.674062
-4.890342
-4.010019
-3.066392
-2.133966
-1.285196
-0.553320
0.040720
0.490575
0.803936
0.999816
1.104069
1.143493
1.139537
1.105708
1.056420
0.985734
0.874142
0.696239
0.424696
0.035472
-0.487211
-1.147196
-1.934339
-2.824554
-3.764652
-4.669992
-5.490463
-6.208948
-6.822314
-7.336204
-7.760858
-8.108253
-8.390388
-8.618350
-8.801901
-8.949376
-9.067740
-9.054582
-9.195377
-9.078909
-8.935063
-8.757452
-8.538418
-8.268932
-7.938600
-7.535890
-7.048725
-6.465684
-5.778091
-4.983310
-4.089380
-3.129700
-2.179820
-1.313699
-0.565837
0.041645
0.501573
0.821301
1.020025
1.124283
1.161955
1.155806
1.120609
1.071502
1.001650
0.890147
0.710312
0.433869
0.036267
-0.498286
-1.173148
-1.977239
-2.885248
-3.842377
-4.762413
-5.594840
-6.322784
-6.943503
-7.463048
-7.892014
-8.242679
-8.527279
-8.757092
-8.942026
-9.090529
-9.209655
-9.195377
-9.335574
-9.218225
-9.073235
-8.894139
-8.673177
-8.401190
-8.067621
-7.660730
-7.168189
-6.578267
-5.881935
-5.076188
-4.168749
-3.193105
-2.225823
-1.342349
-0.578444
0.042579
0.512693
0.838894
1.040551
1.144873
1.180828
1.172495
1.135924
1.086974
1.017919
0.906449
0.724605
0.443163
0.037071
-0.509462
-1.199285
-2.020359
-2.946138
-3.920219
-4.854845
-5.699116
-6.436418
-7.064405
-7.589534
-8.022754
-8.376642
-8.663670
-8.895302
-9.081594
-9.231106
-9.350978
-9.335574
-9.475177
-9.356961
-9.210846
-9.030286
-8.807421
-8.532965
-8.196197
-7.785174
-7.287312
-6.690578
-5.985590
-5.168970
-4.248118
-3.256597
-2.271968
-1.371140
-0.591137
0.043521
0.523933
0.856715
1.061393
1.165843
1.200117
1.189614
1.151661
1.102844
1.034547
0.923052
0.739119
0.452577
0.037884
-0.520736
-1.225601
-2.063693
-3.007217
-3.998169
-4.947277
-5.803283
-6.549844
-7.185017
-7.715659
-8.153079
-8.510143
-8.799562
-9.032984
-9.220610
-9.371111
-9.491712
-9.475177
-9.614192
-9.495124
-9.347899
-9.165895
-8.941153
-8.664259
-8.324330
-7.909220
-7.406095
-6.802616
-6.089051
-5.261648
-4.327480
-3.320169
-2.318248
-1.400069
-0.603915
0.044472
0.535292
0.874763
1.082553
1.187195
1.219827
1.207169
1.167826
1.119119
1.051537
0.939957
0.753854
0.462111
0.038705
-0.532107
-1.252094
-2.107233
-3.068474
-4.076218
-5.039701
-5.907335
-6.663058
-7.305334
-7.841424
-8.282987
-8.643184
-8.934958
-9.170141
-9.359077
-9.510548
-9.631864
-9.614192
-9.752625
-9.632717
-9.484399
-9.300972
-9.074377
-8.795074
-8.452022
-8.032870
-7.524535
-6.914377
-6.192314
-5.354216
-4.406827
-3.383812
-2.364657
-1.429131
-0.616776
0.045430
0.546770
0.893039
1.104031
1.208932
1.239962
1.225166
1.184428
1.135804
1.068895
0.957167
0.768811
0.471766
0.039535
-0.543575
-1.278759
-2.150974
-3.129901
-4.154354
-5.132107
-6.011263
-6.776055
-7.425355
-7.966826
-8.412480
-8.775767
-9.069860
-9.306777
-9.497001
-9.649423
-9.771439
-9.752625
-9.890481
-9.769746
-9.620351
-9.435519
-9.207096
-8.925414
-8.579273
-8.156123
-7.642632
-7.025859
-6.295373
-5.446670
-4.486152
-3.447520
-2.411187
-1.458322
-0.629719
0.046397
0.558366
0.911540
1.125827
1.231056
1.260528
1.243612
1.201472
1.152904
1.086623
0.974684
0.783989
0.481540
0.040374
-0.555138
-1.305594
-2.194909
-3.191489
-4.232569
-5.224487
-6.115061
-6.888830
-7.545076
-8.091865
-8.541558
-8.907892
-9.204273
-9.442895
-9.634384
-9.787741
-9.910441
-9.890481
-10.027765
-9.906216
-9.755759
-9.569542
-9.339314
-9.055281
-8.706087
-8.278982
-7.760386
-7.137061
-6.398226
-5.539002
-4.565448
-3.511286
-2.457833
-1.487637
-0.642742
0.047371
0.570078
0.930267
1.147943
1.253569
1.281528
1.262512
1.218965
1.170426
1.104725
0.992508
0.799390
0.491433
0.041221
-0.566794
-1.332594
-2.239032
-3.253230
-4.310854
-5.316833
-6.218724
-7.001379
-7.664495
-8.216540
-8.670222
-9.039563
-9.338197
-9.578498
-9.771232
-9.925505
-10.048877
-10.027765
-10.164482
-10.042132
-9.890628
-9.703045
-9.471033
-9.184678
-8.832464
-8.401445
-7.877795
-7.247979
-6.500869
-5.631208
-4.644708
-3.575101
-2.504588
-1.517073
-0.655842
0.048353
0.581907
0.949219
1.170377
1.276473
1.302965
1.281872
1.236913
1.188373
1.123205
1.010642
0.815012
0.501444
0.042076
-0.578542
-1.359756
-2.283336
-3.315116
-4.389201
-5.409138
-6.322245
-7.113698
-7.783611
-8.340851
-8.798473
-9.170781
-9.471637
-9.713591
-9.907548
-10.062721
-10.186750
-10.164482
-10.300639
-10.177499
-10.024962
-9.836031
-9.602258
-9.313607
-8.958407
-8.523514
-7.994861
-7.358614
-6.603299
-5.723283
-4.723927
-3.638959
-2.551447
-1.546626
-0.669020
0.049342
0.593850
0.968395
1.193132
1.299770
1.324843
1.301695
1.255320
1.206750
1.142065
1.029088
0.830858
0.511574
0.042939
-0.590382
-1.387076
-2.327815
-3.377139
-4.467601
-5.501394
-6.425619
-7.225784
-7.902421
-8.464797
-8.926311
-9.301548
-9.604594
-9.848177
-10.043337
-10.199393
-10.324066
-10.300639
-10.436240
-10.312321
-10.158767
-9.968504
-9.732992
-9.442072
-9.083918
-8.645191
-8.111582
-7.468962
-6.705513
-5.815222
-4.803097
-3.702855
-2.598403
-1.576291
-0.682271
0.050339
0.605907
0.987794
1.216206
1.323462
1.347166
1.321987
1.274192
1.225562
1.161309
1.047846
0.846926
0.521822
0.043811
-0.602311
-1.414551
-2.372464
-3.439292
-4.546047
-5.593595
-6.528841
-7.337633
-8.020924
-8.588379
-9.053738
-9.431867
-9.737072
-9.982259
-10.178602
-10.335525
-10.460831
-10.436240
-10.571291
-10.446605
-10.292046
-10.100468
-9.863238
-9.570074
-9.208998
-8.766477
-8.227958
-7.579023
-6.807507
-5.907022
-4.882215
-3.766781
-2.645452
-1.606065
-0.695596
0.051344
0.618077
1.007416
1.239600
1.347549
1.369937
1.342752
1.293532
1.244813
1.180938
1.066917
0.863217
0.532188
0.044691
-0.614329
-1.442177
-2.417276
-3.501566
-4.624530
-5.685734
-6.631906
-7.449242
-8.139118
-8.711596
-9.180755
-9.561738
-9.869074
-10.115840
-10.313348
-10.471123
-10.597048
-10.571291
-10.705796
-10.580353
-10.424804
-10.231928
-9.993000
-9.697618
-9.333650
-8.887372
-8.343990
-7.688795
-6.909280
-5.998677
-4.961274
-3.830732
-2.692586
-1.635944
-0.708992
0.052355
0.630359
1.027260
1.263314
1.372035
1.393158
1.363994
1.313346
1.264505
1.200955
1.086303
0.879730
0.542671
0.045579
-0.626434
-1.469951
-2.462246
-3.563954
-4.703043
-5.777805
-6.734809
-7.560609
-8.257003
-8.834449
-9.307363
-9.691165
-10.000602
-10.248926
-10.447579
-10.606191
-10.732723
-10.705796
-10.839760
-10.713572
-10.557045
-10.362888
-10.122281
-9.824705
-9.457876
-9.007878
-8.459679
-7.798278
-7.010829
-6.090185
-5.040270
-3.894701
-2.739803
-1.665924
-0.722458
0.053374
0.642752
1.047324
1.287348
1.396919
1.416832
1.385716
1.333638
1.284642
1.221363
1.106005
0.896467
0.553270
0.046475
-0.638625
-1.497870
-2.507369
-3.626450
-4.781579
-5.869801
-6.837546
-7.671731
-8.374577
-8.956937
-9.433564
-9.820149
-10.131660
-10.381518
-10.581298
-10.740733
-10.867860
-10.839760
-10.973189
-10.846266
-10.688774
-10.493351
-10.251085
-9.951340
-9.581679
-9.127996
-8.575024
-7.907472
-7.112152
-6.181542
-5.119197
-3.958685
-2.787095
-1.696001
-0.735992
0.054400
0.655256
1.067608
1.311702
1.422203
1.440962
1.407921
1.354410
1.305228
1.242164
1.126023
0.913426
0.563986
0.047380
-0.650900
-1.525930
-2.552638
-3.689047
-4.860132
-5.961718
-6.940114
-7.782606
-8.491840
-9.079062
-9.559358
-9.948694
-10.262251
-10.513621
-10.714511
-10.874754
-11.002465
-10.973189
-11.106088
-10.978440
-10.819995
-10.623321
-10.379416
-10.077524
-9.705060
-9.247728
-8.690025
-8.016374
-7.213248
-6.272744
-5.198050
-4.022676
-2.834458
-1.726172
-0.749593
0.055433
0.667869
1.088112
1.336375
1.447887
1.465549
1.430614
1.375666
1.326266
1.263359
1.146359
0.930608
0.574817
0.048292
-0.663259
-1.554127
-2.598048
-3.751737
-4.938695
-6.053550
-7.042508
-7.893231
-8.608790
-9.200823
-9.684749
-10.076801
-10.392377
-10.645238
-10.847221
-11.008259
-11.136542
-11.106088
-11.238462
-11.110098
-10.950712
-10.752803
-10.507276
-10.203260
-9.828021
-9.367075
-8.804685
-8.124985
-7.314113
-6.363789
-5.276827
-4.086670
-2.881887
-1.756433
-0.763258
0.056473
0.680590
1.108833
1.361368
1.473974
1.490596
1.453797
1.397410
1.347758
1.284951
1.167013
0.948012
0.585764
0.049211
-0.675700
-1.582460
-2.643594
-3.814515
-5.017262
-6.145291
-7.144725
-8.003605
-8.725428
-9.322222
-9.809736
-10.204472
-10.522043
-10.776373
-10.979432
-11.141250
-11.270096
-11.238462
-11.370315
-11.241244
-11.080930
-10.881800
-10.634670
-10.328553
-9.950566
-9.486040
-8.919002
-8.233305
-7.414747
-6.454673
-5.355521
-4.150662
-2.929377
-1.786781
-0.776986
0.057520
0.693418
1.129772
1.386680
1.500463
1.516106
1.477472
1.419644
1.369706
1.306941
1.187986
0.965638
0.596825
0.050139
-0.688222
-1.610923
-2.689271
-3.877374
-5.095826
-6.236937
-7.246762
-8.113725
-8.841752
-9.443259
-9.934322
-10.331711
-10.651249
-10.907029
-11.111147
-11.273734
-11.403131
-11.370315
-11.501652
-11.371885
-11.210653
-11.010317
-10.761600
-10.453404
-10.072697
-9.604622
-9.032978
-8.341333
-7.515148
-6.545393
-5.434131
-4.214647
-2.976924
-1.817213
-0.790776
0.058573
0.706352
1.150927
1.412311
1.527356
1.542078
1.501642
1.442372
1.392113
1.329330
1.209278
0.983487
0.608000
0.051074
-0.700823
-1.639514
-2.735073
-3.940308
-5.174381
-6.328484
-7.348615
-8.223591
-8.957764
-9.563935
-10.058509
-10.458520
-10.780001
-11.037211
-11.242372
-11.405714
-11.535653
-11.501652
-11.632477
-11.502023
-11.339885
-11.138356
-10.888071
-10.577816
-10.194415
-9.722826
-9.146615
-8.449069
-7.615316
-6.635948
-5.512650
-4.278621
-3.024524
-1.847725
-0.804627
0.059632
0.719391
1.172296
1.438260
1.554653
1.568516
1.526310
1.465595
1.414982
1.352121
1.230890
1.001557
0.619289
0.052017
-0.713502
-1.668230
-2.780996
-4.003312
-5.252923
-6.419927
-7.450282
-8.333201
-9.073461
-9.684251
-10.182298
-10.584900
-10.908301
-11.166920
-11.373110
-11.537195
-11.667665
-11.632477
-11.762797
-11.631663
-11.468631
-11.265922
-11.014086
-10.701793
-10.315723
-9.840650
-9.259912
-8.556513
-7.715248
-6.726334
-5.591077
-4.342579
-3.072171
-1.878313
-0.818536
0.060699
0.732535
1.193880
1.464528
1.582355
1.595421
1.551478
1.489316
1.438314
1.375314
1.252823
1.019849
0.630691
0.052967
-0.726259
-1.697067
-2.827035
-4.066379
-5.331445
-6.511261
-7.551760
-8.442554
-9.188845
-9.804208
-10.305691
-10.710855
-11.036151
-11.296162
-11.503365
-11.668180
-11.799172
-11.762797
-11.892614
-11.760810
-11.596893
-11.393019
-11.139647
-10.825338
-10.436624
-9.958099
-9.372871
-8.663664
-7.814944
-6.816550
-5.669408
-4.406518
-3.119862
-1.908975
-0.832502
0.061771
0.745782
1.215677
1.491113
1.610461
1.622794
1.577148
1.513538
1.462112
1.398911
1.275076
1.038362
0.642206
0.053925
-0.739091
-1.726023
-2.873184
-4.129503
-5.409944
-6.602483
-7.653047
-8.551648
-9.303916
-9.923806
-10.428690
-10.836387
-11.163555
-11.424939
-11.633140
-11.798675
-11.930179
-11.892614
-12.021935
-11.889469
-11.724678
-11.519650
-11.264759
-10.948452
-10.557120
-10.075173
-9.485492
-8.770524
-7.914402
-6.906593
-5.747639
-4.470432
-3.167592
-1.939708
-0.846523
0.062850
0.759131
1.237685
1.518015
1.638973
1.650637
1.603322
1.538262
1.486376
1.422912
1.297651
1.057096
0.653832
0.054890
-0.751998
-1.755094
-2.919439
-4.192680
-5.488412
-6.693590
-7.754140
-8.660482
-9.418673
-10.043048
-10.551297
-10.961499
-11.290517
-11.553256
-11.762440
-11.928682
-12.060691
-12.021935
-12.150762
-12.017642
-11.851987
-11.645819
-11.389425
-11.071140
-10.677214
-10.191875
-9.597777
-8.877093
-8.013623
-6.996461
-5.825767
-4.534319
-3.215358
-1.970508
-0.860599
0.063935
0.772581
1.259904
1.545233
1.667891
1.678951
1.630001
1.563491
1.511110
1.447319
1.320546
1.076050
0.665570
0.055863
-0.764978
-1.784277
-2.965796
-4.255904
-5.566847
-6.784576
-7.855037
-8.769057
-9.533117
-10.161933
-10.673513
-11.086192
-11.417038
-11.681114
-11.891269
-12.058207
-12.190710
-12.150762
-12.279101
-12.145336
-11.978827
-11.771530
-11.513648
-11.193405
-10.796908
-10.308205
-9.709728
-8.983370
-8.112605
-7.086153
-5.903790
-4.598174
-3.263156
-2.001372
-0.874728
0.065026
0.786131
1.282333
1.572767
1.697215
1.707736
1.657187
1.589226
1.536313
1.472134
1.343763
1.095223
0.677418
0.056843
-0.778029
-1.813570
-3.012250
-4.319170
-5.645243
-6.875440
-7.955735
-8.877370
-9.647248
-10.280464
-10.795341
-11.210471
-11.543122
-11.808518
-12.019629
-12.187254
-12.320242
-12.279101
-12.406957
-12.272553
-12.105199
-11.896786
-11.637431
-11.315248
-10.916203
-10.424166
-9.821344
-9.089356
-8.211348
-7.175668
-5.981705
-4.661994
-3.310982
-2.032298
-0.888907
0.066122
0.799779
1.304969
1.600616
1.726944
1.736994
1.684883
1.615469
1.561988
1.497355
1.367301
1.114617
0.689377
0.057830
-0.791152
-1.842968
-3.058796
-4.382474
-5.723596
-6.966178
-8.056234
-8.985421
-9.761066
-10.398641
-10.916782
-11.334336
-11.668773
-11.935472
-12.147526
-12.315825
-12.449292
-12.406957
-12.534333
-12.399298
-12.231109
-12.021592
-11.760779
-11.436674
-11.035104
-10.539761
-9.932628
-9.195051
-8.309851
-7.265002
-6.059508
-4.725776
-3.358833
-2.063282
-0.903137
0.067225
0.813526
1.327813
1.628780
1.757080
1.766726
1.713088
1.642222
1.588137
1.522985
1.391161
1.134229
0.701444
0.058824
-0.804344
-1.872470
-3.105430
-4.445809
-5.801901
-7.056787
-8.156532
-9.093209
-9.874572
-10.516466
-11.037839
-11.457791
-11.793992
-12.061978
-12.274962
-12.443926
-12.577862
-12.534333
-12.661233
-12.525575
-12.356561
-12.145950
-11.883693
-11.557685
-11.153612
-10.654990
-10.043580
-9.300457
-8.408114
-7.354156
-6.137199
-4.789516
-3.406704
-2.094322
-0.917414
0.068333
0.827369
1.350863
1.657257
1.787622
1.796933
1.741805
1.669485
1.614759
1.549024
1.415343
1.154059
0.713621
0.059825
-0.817604
-1.902072
-3.152148
-4.509173
-5.880156
-7.147264
-8.256626
-9.200735
-9.987767
-10.633940
-11.158514
-11.580838
-11.918783
-12.188041
-12.401941
-12.571560
-12.705958
-12.661233
-12.787663
-12.651388
-12.481557
-12.269865
-12.006178
-11.678283
-11.271729
-10.769855
-10.154202
-9.405572
-8.506136
-7.443128
-6.214774
-4.853211
-3.454593
-2.125415
-0.931739
0.069447
0.841308
1.374116
1.686047
1.818570
1.827614
1.771035
1.697260
1.641857
1.575473
1.439846
1.174108
0.725905
0.060833
-0.830931
-1.931771
-3.198946
-4.572559
-5.958355
-7.237607
-8.356516
-9.307998
-10.100651
-10.751064
-11.278807
-11.703480
-12.043150
-12.313662
-12.528467
-12.698731
-12.833583
-12.787663
-12.913626
-12.776742
-12.606102
-12.393340
-12.128236
-11.798472
-11.389459
-10.884359
-10.264495
-9.510399
-8.603918
-7.531915
-6.292231
-4.916858
-3.502496
-2.156558
-0.946109
0.070566
0.855342
1.397573
1.715148
1.849924
1.858771
1.800778
1.725550
1.669431
1.602331
1.464670
1.194373
0.738297
0.061847
-0.844323
-1.961565
-3.245819
-4.635964
-6.036495
-7.327812
-8.456199
-9.414998
-10.213225
-10.867841
-11.398723
-11.825719
-12.167094
-12.438846
-12.654544
-12.825444
-12.960741
-12.913626
-13.039126
-12.901639
-12.730200
-12.516377
-12.249871
-11.918255
-11.506803
-10.998504
-10.374461
-9.614938
-8.701458
-7.620519
-6.369568
-4.980454
-3.550410
-2.187748
-0.960523
0.071691
0.869469
1.421232
1.744560
1.881684
1.890404
1.831036
1.754353
1.697482
1.629600
1.489816
1.214854
0.750795
0.062869
-0.857780
-1.991450
-3.292764
-4.699384
-6.114573
-7.417877
-8.555676
-9.521733
-10.325489
-10.984270
-11.518261
-11.947558
-12.290619
-12.563596
-12.780175
-12.951701
-13.087438
-13.039126
-13.164167
-13.026085
-12.853854
-12.638982
-12.371086
-12.037634
-11.623764
-11.112291
-10.484101
-9.719188
-8.798758
-7.708936
-6.446784
-5.043996
-3.598331
-2.218984
-0.974981
0.072821
0.883688
1.445091
1.774282
1.913849
1.922514
1.861810
1.783672
1.726011
1.657280
1.515282
1.235552
0.763399
0.063897
-0.871300
-2.021424
-3.339776
-4.762814
-6.192584
-7.507800
-8.654944
-9.628205
-10.437444
-11.100354
-11.637426
-12.068999
-12.413728
-12.687916
-12.905364
-13.077507
-13.213675
-13.164167
-13.288754
-13.150082
-12.977069
-12.761157
-12.491883
-12.156612
-11.740344
-11.225722
-10.593415
-9.823152
-8.895816
-7.797167
-6.523875
-5.107482
-3.646258
-2.250262
-0.989479
0.073956
0.897999
1.469149
1.804312
1.946418
1.955101
1.893100
1.813508
1.755018
1.685371
1.541069
1.256464
0.776108
0.064932
-0.884882
-2.051484
-3.386853
-4.826251
-6.270527
-7.597580
-8.754002
-9.734413
-10.549091
-11.216095
-11.756217
-12.190044
-12.536423
-12.811807
-13.030114
-13.202865
-13.339458
-13.288754
-13.412890
-13.273635
-13.099846
-12.882905
-12.612267
-12.275192
-11.856546
-11.338800
-10.702407
-9.926830
-8.992634
-7.885211
-6.600841
-5.170909
-3.694187
-2.281580
-1.004018
0.075096
0.912399
1.493404
1.834650
1.979392
1.988164
1.924907
1.843861
1.784505
1.713873
1.567176
1.277590
0.788921
0.065973
-0.898524
-2.081627
-3.433989
-4.889690
-6.348397
-7.687213
-8.852850
-9.840357
-10.660430
-11.331493
-11.874639
-12.310697
-12.658708
-12.935274
-13.154428
-13.327779
-13.464791
-13.412890
-13.536580
-13.396748
-13.222191
-13.004230
-12.732241
-12.393377
-11.972372
-11.451525
-10.811076
-10.030222
-9.089210
-7.973066
-6.677680
-5.234274
-3.742114
-2.312936
-1.018596
0.076241
0.926888
1.517855
1.865295
2.012770
2.021705
1.957231
1.874731
1.814472
1.742787
1.593603
1.298930
0.801838
0.067021
-0.912226
-2.111851
-3.481182
-4.953128
-6.426192
-7.776697
-8.951486
-9.946038
-10.771463
-11.446550
-11.992691
-12.430960
-12.780585
-13.058320
-13.278310
-13.452252
-13.589676
-13.536580
-13.659826
-13.519423
-13.344107
-13.125136
-12.851806
-12.511169
-12.087824
-11.563901
-10.919425
-10.133330
-9.185545
-8.060732
-6.754389
-5.297576
-3.790039
-2.344326
-1.033211
0.077391
0.941465
1.542501
1.896244
2.046551
2.055723
1.990074
1.906121
1.844919
1.772112
1.620349
1.320482
0.814858
0.068075
-0.925986
-2.142153
-3.528428
-5.016561
-6.503908
-7.866032
-9.049910
-10.051454
-10.882190
-11.561267
-12.110378
-12.550834
-12.902058
-13.180948
-13.401764
-13.576289
-13.714118
-13.659826
-13.782634
-13.641666
-13.465597
-13.245625
-12.970967
-12.628572
-12.202905
-11.675929
-11.027455
-10.236154
-9.281640
-8.148209
-6.830969
-5.360812
-3.837956
-2.375750
-1.047863
0.078546
0.956128
1.567340
1.927498
2.080735
2.090218
2.023435
1.938029
1.875847
1.801848
1.647414
1.342246
0.827979
0.069135
-0.939803
-2.172530
-3.575723
-5.079986
-6.581544
-7.955215
-9.148122
-10.156607
-10.992613
-11.675647
-12.227700
-12.670323
-13.023128
-13.303161
-13.524793
-13.699893
-13.838121
-13.782634
-13.905007
-13.763479
-13.586664
-13.365701
-13.089727
-12.745587
-12.317618
-11.787611
-11.135167
-10.338695
-9.377493
-8.235496
-6.907416
-5.423979
-3.885865
-2.407204
-1.062549
0.079706
0.970877
1.592370
1.959054
2.115321
2.125190
2.057315
1.970458
1.907256
1.831995
1.674797
1.364221
0.841202
0.070201
-0.953676
-2.202980
-3.623064
-5.143399
-6.659095
-8.044244
-9.246120
-10.261497
-11.102732
-11.789690
-12.344660
-12.789430
-13.143800
-13.424961
-13.647399
-13.823067
-13.961688
-13.905007
-14.026948
-13.884866
-13.707313
-13.485367
-13.208087
-12.862218
-12.431963
-11.898949
-11.242563
-10.440954
-9.473107
-8.322591
-6.983731
-5.487076
-3.933763
-2.438686
-1.077269
0.080870
0.985709
1.617589
1.990911
2.150308
2.160640
2.091714
2.003406
1.939146
1.862554
1.702498
1.386405
0.854524
0.071274
-0.967603
-2.233499
-3.670448
-5.206797
-6.736561
-8.133119
-9.343904
-10.366124
-11.212548
-11.903399
-12.461259
-12.908156
-13.264075
-13.546353
-13.769587
-13.945815
-14.084824
-14.026948
-14.148461
-14.005830
-13.827546
-13.604626
-13.326052
-12.978467
-12.545945
-12.009945
-11.349644
-10.542932
-9.568480
-8.409496
-7.059911
-5.550101
-3.981647
-2.470194
-1.092022
0.082038
1.000625
1.642997
2.023067
2.185694
2.196565
2.126632
2.036874
1.971517
1.893523
1.730515
1.408798
0.867946
0.072352
-0.981583
-2.264087
-3.717871
-5.270177
-6.813937
-8.221837
-9.441473
-10.470488
-11.322063
-12.016774
-12.577500
-13.026503
-13.383956
-13.667339
-13.891360
-14.068140
-14.207530
-14.148461
-14.269550
-14.126376
-13.947367
-13.723481
-13.443624
-13.094337
-12.659565
-12.120600
-11.456412
-10.644630
-9.663614
-8.496209
-7.135956
-5.613052
-4.029515
-2.501727
-1.106807
0.083211
1.015622
1.668590
2.055522
2.221481
2.232967
2.162069
2.070863
2.004369
1.924903
1.758848
1.431398
0.881467
0.073437
-0.995615
-2.294739
-3.765330
-5.333536
-6.891222
-8.310397
-9.538827
-10.574590
-11.431276
-12.129818
-12.693385
-13.144475
-13.503446
-13.787922
-14.012720
-14.190046
-14.329812
-14.269550
-14.390219
-14.246506
-14.066779
-13.841936
-13.560806
-13.209831
-12.772825
-12.230918
-11.562868
-10.746049
-9.758508
-8.582730
-7.211864
-5.675926
-4.077364
-2.533281
-1.121621
0.084388
1.030700
1.694369
2.088273
2.257665
2.269845
2.198026
2.105373
2.037703
1.956693
1.787497
1.454205
0.895085
0.074527
-1.009699
-2.325454
-3.812822
-5.396870
-6.968414
-8.398798
-9.635965
-10.678430
-11.540190
-12.242532
-12.808915
-13.262074
-13.622548
-13.908105
-14.133672
-14.311535
-14.451672
-14.390219
-14.510470
-14.366225
-14.185785
-13.959993
-13.677600
-13.324950
-12.885728
-12.340898
-11.669014
-10.847189
-9.853163
-8.669059
-7.287634
-5.738723
-4.125193
-2.564855
-1.136465
0.085569
1.045857
1.720330
2.121320
2.294246
2.307198
2.234501
2.140403
2.071518
1.988892
1.816460
1.477218
0.908800
0.075623
-1.023831
-2.356229
-3.860344
-5.460178
-7.045511
-8.487039
-9.732888
-10.782008
-11.648805
-12.354917
-12.924094
-13.379301
-13.741264
-14.027891
-14.254217
-14.432612
-14.573115
-14.510470
-14.630308
-14.485534
-14.304389
-14.077656
-13.794011
-13.439698
-12.998276
-12.450545
-11.774851
-10.948053
-9.947579
-8.755195
-7.363266
-5.801440
-4.173000
-2.596448
-1.151336
0.086754
1.061092
1.746473
2.154659
2.331223
2.345025
2.271496
2.175954
2.105814
2.021501
1.845737
1.500434
0.922610
0.076725
-1.038013
-2.387062
-3.907894
-5.523455
-7.122509
-8.575118
-9.829595
-10.885325
-11.757122
-12.466975
-13.038922
-13.496160
-13.859597
-14.147283
-14.374360
-14.553280
-14.694143
-14.630308
-14.749737
-14.604439
-14.422594
-14.194928
-13.910040
-13.554078
-13.110471
-12.559859
-11.880380
-11.048640
-10.041757
-8.841139
-7.438758
-5.864076
-4.220781
-2.628056
-1.166235
0.087944
1.076404
1.772795
2.188291
2.368595
2.383327
2.309009
2.212025
2.140591
2.054518
1.875326
1.523854
0.936515
0.077832
-1.052241
-2.417950
-3.955467
-5.586699
-7.199409
-8.663034
-9.926085
-10.988381
-11.865142
-12.578707
-13.153401
-13.612653
-13.977550
-14.266284
-14.494103
-14.673541
-14.814759
-14.749737
-14.868758
-14.722941
-14.540403
-14.311811
-14.025690
-13.668090
-13.222316
-12.668842
-11.985604
-11.148952
-10.135698
-8.926890
-7.514109
-5.926630
-4.268536
-2.659678
-1.181158
0.089137
1.091792
1.799294
2.222212
2.406360
2.422101
2.347040
2.248617
2.175849
2.087943
1.905226
1.547476
0.950514
0.078944
-1.066516
-2.448892
-4.003061
-5.649908
-7.276206
-8.750787
-10.022359
-11.091177
-11.972867
-12.690116
-13.267534
-13.728781
-14.095125
-14.384896
-14.613449
-14.793400
-14.934969
-14.868758
-14.987376
-14.841045
-14.657819
-14.428308
-14.140965
-13.781740
-13.333812
-12.777496
-12.090523
-11.248989
-10.229401
-9.012448
-7.589319
-5.989099
-4.316262
-2.691312
-1.196107
0.090333
1.107254
1.825969
2.256421
2.444518
2.461348
2.385590
2.285729
2.211586
2.121776
1.935437
1.571298
0.964605
0.080062
-1.080835
-2.479884
-4.050674
-5.713080
-7.352900
-8.838376
-10.118416
-11.193713
-12.080298
-12.801202
-13.381323
-13.844548
-14.212325
-14.503122
-14.732402
-14.912859
-15.054773
-14.987376
-15.105595
-14.958753
-14.774845
-14.544423
-14.255866
-13.895027
-13.444962
-12.885823
-12.195139
-11.348754
-10.322867
-9.097812
-7.664387
-6.051482
-4.363958
-2.722957
-1.211078
0.091534
1.122788
1.852818
2.290917
2.483065
2.501067
2.424656
2.323360
2.247803
2.156015
1.965957
1.595319
0.978789
0.081186
-1.095198
-2.510925
-4.098303
-5.776210
-7.429490
-8.925798
-10.214256
-11.295991
-12.187435
-12.911968
-13.494770
-13.959956
-14.329152
-14.620966
-14.850964
-15.031921
-15.174177
-15.105595
-15.223417
-15.076069
-14.891484
-14.660158
-14.370396
-14.007956
-13.555768
-12.993825
-12.299454
-11.448246
-10.416097
-9.182984
-7.739313
-6.113779
-4.411621
-2.754611
-1.226072
0.092738
1.138395
1.879838
2.325696
2.522002
2.541256
2.464240
2.361511
2.284500
2.190659
1.996785
1.619539
0.993063
0.082314
-1.109604
-2.542012
-4.145944
-5.839298
-7.505972
-9.013055
-10.309880
-11.398009
-12.294280
-13.022414
-13.607876
-14.075006
-14.445609
-14.738430
-14.969139
-15.150590
-15.293182
-15.223417
-15.340845
-15.192996
-15.007739
-14.775517
-14.484559
-14.120529
-13.666232
-13.101504
-12.403469
-11.547468
-10.509092
-9.267962
-7.814094
-6.175987
-4.459250
-2.786272
-1.241087
0.093945
1.154072
1.907029
2.360758
2.561326
2.581914
2.504339
2.400181
2.321675
2.225708
2.027920
1.643955
1.007427
0.083448
-1.124051
-2.573143
-4.193596
-5.902341
-7.582346
-9.100144
-10.405286
-11.499770
-12.400834
-13.132543
-13.720643
-14.189702
-14.561699
-14.855516
-15.086929
-15.268868
-15.411793
-15.340845
-15.457884
-15.309537
-15.123614
-14.890501
-14.598356
-14.232747
-13.776357
-13.208861
-12.507185
-11.646419
-10.601851
-9.352747
-7.888732
-6.238106
-4.506844
-2.817937
-1.256123
0.095156
1.169819
1.934387
2.396100
2.601036
2.623040
2.544954
2.439369
2.359327
2.261161
2.059360
1.668566
1.021880
0.084586
-1.138538
-2.604316
-4.241256
-5.965337
-7.658610
-9.187066
-10.500476
-11.601274
-12.507098
-13.242355
-13.833074
-14.304044
-14.677423
-14.972228
-15.204337
-15.386759
-15.530012
-15.457884
-15.574535
-15.425695
-15.239111
-15.005114
-14.711791
-14.344614
-13.886144
-13.315899
-12.610604
-11.745101
-10.694376
-9.437339
-7.963225
-6.300134
-4.554400
-2.849607
-1.271178
0.096370
1.185633
1.961912
2.431721
2.641131
2.664634
2.586084
2.479074
2.397457
2.297016
2.091105
1.693371
1.036420
0.085730
-1.153064
-2.635529
-4.288922
-6.028283
-7.734763
-9.273819
-10.595449
-11.702520
-12.613073
-13.351854
-13.945170
-14.418037
-14.792785
-15.088567
-15.321365
-15.504265
-15.647843
-15.574535
-15.690803
-15.541473
-15.354232
-15.119359
-14.824865
-14.456131
-13.995595
-13.422619
-12.713728
-11.843515
-10.786666
-9.521738
-8.037573
-6.362070
-4.601917
-2.881278
-1.286251
0.097587
1.201514
1.989600
2.467617
2.681607
2.706693
2.627727
2.519296
2.436062
2.333273
2.123152
1.718368
1.051047
0.086878
-1.167628
-2.666780
-4.336591
-6.091177
-7.810803
-9.360403
-10.690204
-11.803511
-12.718760
-13.461039
-14.056933
-14.531680
-14.907787
-15.204538
-15.438018
-15.621390
-15.765288
-15.690803
-15.806690
-15.656874
-15.468982
-15.233238
-14.937582
-14.567302
-14.104713
-13.529023
-12.816557
-11.941663
-10.878723
-9.605944
-8.111775
-6.423914
-4.649394
-2.912950
-1.301341
0.098808
1.217461
2.017450
2.503787
2.722464
2.749217
2.669883
2.560035
2.475143
2.369929
2.155500
1.743555
1.065759
0.088031
-1.182229
-2.698066
-4.384260
-6.154018
-7.886729
-9.446818
-10.784743
-11.904246
-12.824161
-13.569912
-14.168366
-14.644978
-15.022431
-15.320142
-15.554297
-15.738136
-15.882351
-15.806690
-15.922200
-15.771901
-15.583363
-15.346754
-15.049944
-14.678128
-14.213500
-13.635113
-12.919094
-12.039545
-10.970548
-9.689956
-8.185831
-6.485663
-4.696828
-2.944621
-1.316447
0.100031
1.233472
2.045460
2.540229
2.763699
2.792203
2.712550
2.601288
2.514699
2.406985
2.188148
1.768932
1.080556
0.089189
-1.196866
-2.729386
-4.431928
-6.216803
-7.962539
-9.533062
-10.879066
-12.004727
-12.929276
-13.678476
-14.279469
-14.757932
-15.136719
-15.435381
-15.670205
-15.854507
-15.999034
-15.922200
-16.037335
-15.886557
-15.697377
-15.459909
-15.161954
-14.788611
-14.321958
-13.740890
-13.021340
-12.137161
-11.062140
-9.773776
-8.259740
-6.547317
-4.744219
-2.976290
-1.331569
0.101257
1.249545
2.073627
2.576939
2.805310
2.835651
2.755728
2.643056
2.554727
2.444439
2.221093
1.794496
1.095436
0.090351
-1.211537
-2.760738
-4.479591
-6.279531
-8.038233
-9.619135
-10.973172
-12.104953
-13.034107
-13.786732
-14.390245
-14.870544
-15.250654
-15.550259
-15.785746
-15.970505
-16.115342
-16.037335
-16.152098
-16.000845
-15.811028
-15.572707
-15.273613
-14.898755
-14.430089
-13.846357
-13.123295
-12.234515
-11.153501
-9.857403
-8.333502
-6.608876
-4.791565
-3.007954
-1.346705
0.102486
1.265680
2.101950
2.613917
2.847296
2.879558
2.799416
2.685337
2.595228
2.482289
2.254336
1.820246
1.110398
0.091518
-1.226242
-2.792119
-4.527249
-6.342199
-8.113809
-9.705037
-11.067061
-12.204927
-13.138654
-13.894680
-14.500695
-14.982817
-15.364239
-15.664779
-15.900921
-16.086133
-16.231275
-16.152098
-16.266493
-16.114767
-15.924317
-15.685150
-15.384925
-15.008561
-14.537894
-13.951514
-13.224963
-12.331605
-11.244630
-9.940838
-8.407117
-6.670337
-4.838865
-3.039613
-1.361854
0.103718
1.281876
2.130427
2.651159
2.889654
2.923924
2.843611
2.728130
2.636200
2.520534
2.287873
1.846181
1.125442
0.092689
-1.240979
-2.823529
-4.574899
-6.404806
-8.189266
-9.790767
-11.160734
-12.304647
-13.242920
-14.002324
-14.610822
-15.094751
-15.477476
-15.778941
-16.015734
-16.201394
-16.346839
-16.266493
-16.380522
-16.228328
-16.037249
-15.797240
-15.495892
-15.118031
-14.645376
-14.056365
-13.326343
-12.428434
-11.335530
-10.024080
-8.480584
-6.731701
-4.886118
-3.071265
-1.377016
0.104952
1.298131
2.159055
2.688664
2.932382
2.968745
2.888312
2.771433
2.677641
2.559171
2.321702
1.872297
1.140565
0.093864
-1.255748
-2.854964
-4.622539
-6.467350
-8.264603
-9.876325
-11.254192
-12.404116
-13.346905
-14.109663
-14.720628
-15.206351
-15.590366
-15.892750
-16.130186
-16.316291
-16.462034
-16.380522
-16.494189
-16.341528
-16.149825
-15.908981
-15.606516
-15.227168
-14.752537
-14.160909
-13.427438
-12.525003
-11.426200
-10.107130
-8.553903
-6.792966
-4.933322
-3.102910
-1.392190
0.106189
1.314443
2.187832
2.726428
2.975478
3.014021
2.933519
2.815247
2.719550
2.598201
2.355823
1.898595
1.155767
0.095044
-1.270546
-2.886423
-4.670166
-6.529830
-8.339819
-9.961711
-11.347433
-12.503333
-13.450610
-14.216700
-14.830113
-15.317616
-15.702913
-16.006207
-16.244282
-16.430826
-16.576865
-16.494189
-16.607495
-16.454372
-16.262049
-16.020374
-15.716800
-15.335973
-14.859379
-14.265151
-13.528248
-12.621312
-11.516641
-10.189988
-8.627073
-6.854131
-4.980475
-3.134544
-1.407374
0.107428
1.330812
2.216755
2.764448
3.018939
3.059750
2.979229
2.859568
2.761926
2.637621
2.390233
1.925071
1.171046
0.096227
-1.285374
-2.917905
-4.717779
-6.592244
-8.414913
-10.046924
-11.440460
-12.602300
-13.554036
-14.323437
-14.939280
-15.428551
-15.815118
-16.119315
-16.358023
-16.545002
-16.691334
-16.607495
-16.720445
-16.566862
-16.373922
-16.131422
-15.826745
-15.444450
-14.965904
-14.369090
-13.628776
-12.717362
-11.606854
-10.272655
-8.700095
-6.915197
-5.027578
-3.166168
-1.422568
0.108670
1.347236
2.245824
2.802724
3.062763
3.105928
3.025442
2.904397
2.804768
2.677428
2.424931
1.951725
1.186402
0.097415
-1.300230
-2.949407
-4.765376
-6.654589
-8.489884
-10.131964
-11.533270
-12.701017
-13.657185
-14.429874
-15.048131
-15.539156
-15.926984
-16.232077
-16.471411
-16.658822
-16.805444
-16.720445
-16.833040
-16.679000
-16.485448
-16.242128
-15.936356
-15.552600
-15.072113
-14.472728
-13.729023
-12.813156
-11.696839
-10.355130
-8.772968
-6.976161
-5.074628
-3.197780
-1.437772
0.109914
1.363714
2.275035
2.841251
3.106948
3.152555
3.072154
2.949730
2.848073
2.717623
2.459914
1.978554
1.201834
0.098607
-1.315113
-2.980927
-4.812955
-6.716866
-8.564731
-10.216830
-11.625866
-12.799485
-13.760058
-14.536013
-15.156668
-15.649433
-16.038513
-16.344494
-16.584450
-16.772288
-16.919197
-16.833040
-16.945283
-16.790790
-16.596629
-16.352494
-16.045632
-15.660425
-15.178010
-14.576069
-13.828990
-12.908693
-11.786597
-10.437413
-8.845692
-7.037024
-5.121625
-3.229379
-1.452983
0.111160
1.380245
2.304386
2.880027
3.151490
3.199628
3.119365
2.995568
2.891840
2.758202
2.495180
2.005557
1.217339
0.099802
-1.330023
-3.012465
-4.860514
-6.779072
-8.639453
-10.301523
-11.718247
-12.897705
-13.862655
-14.641856
-15.264891
-15.759386
-16.149707
-16.456570
-16.697142
-16.885404
-17.032597
-16.945283
-17.057178
-16.902234
-16.707467
-16.462522
-16.154578
-15.767928
-15.283594
-14.679112
-13.928678
-13.003975
-11.876130
-10.519506
-8.918266
-7.097784
-5.168567
-3.260964
-1.468202
0.112408
1.396827
2.333874
2.919050
3.196387
3.247145
3.167072
3.041907
2.936068
2.799163
2.530727
2.032731
1.232917
0.101001
-1.344957
-3.044018
-4.908052
-6.841205
-8.714049
-10.386042
-11.810414
-12.995677
-13.964978
-14.747403
-15.372804
-15.869015
-16.260568
-16.568305
-16.809490
-16.998171
-17.145645
-17.057178
-17.168726
-17.013334
-16.817966
-16.572215
-16.263195
-15.875111
-15.388869
-14.781859
-14.028089
-13.099003
-11.965436
-10.601408
-8.990692
-7.158442
-5.215454
-3.292533
-1.483427
0.113658
1.413459
2.363499
2.958316
3.241637
3.295104
3.215274
3.088747
2.980754
2.840505
2.566554
2.060074
1.248567
0.102203
-1.359915
-3.075584
-4.955566
-6.903265
-8.788519
-10.470387
-11.902367
-13.093402
-14.067029
-14.852658
-15.480407
-15.978322
-16.371099
-16.679704
-16.921495
-17.110592
-17.258346
-17.168726
-17.279932
-17.124094
-16.928128
-16.681576
-16.371486
-15.981975
-15.493837
-14.884313
-14.127224
-13.193777
-12.054518
-10.683120
-9.062967
-7.218996
-5.262284
-3.324085
-1.498658
0.114911
1.430140
2.393257
2.997823
3.287237
3.343501
3.263968
3.136085
3.025897
2.882225
2.602657
2.087586
1.264287
0.103410
-1.374896
-3.107163
-5.003055
-6.965250
-8.862862
-10.554558
-11.994106
-13.190882
-14.168807
-14.957620
-15.587703
-16.087311
-16.481302
-16.790768
-17.033160
-17.222671
-17.370700
-17.279932
-17.390796
-17.234515
-17.037954
-16.790606
-16.479452
-16.088522
-15.598499
-14.986475
-14.226085
-13.288300
-12.143376
-10.764641
-9.135093
-7.279446
-5.309057
-3.355619
-1.513894
0.116165
1.446869
2.423145
3.037568
3.333183
3.392335
3.313153
3.183919
3.071494
2.924322
2.639035
2.115263
1.280076
0.104619
-1.389900
-3.138752
-5.050518
-7.027160
-8.937077
-10.638554
-12.085631
-13.288116
-14.270315
-15.062292
-15.694693
-16.195981
-16.591179
-16.901499
-17.144489
-17.334408
-17.482712
-17.390796
-17.501322
-17.344600
-17.147448
-16.899308
-16.587096
-16.194756
-15.702856
-15.088347
-14.324673
-13.382572
-12.232010
-10.845973
-9.207069
-7.339791
-5.355771
-3.387135
-1.529134
0.117420
1.463644
2.453163
3.077548
3.379474
3.441603
3.362826
3.232248
3.117544
2.966793
2.675685
2.143104
1.295933
0.105832
-1.404924
-3.170349
-5.097952
-7.088991
-9.011164
-10.722376
-12.176944
-13.385106
-14.371554
-15.166675
-15.801378
-16.304336
-16.700731
-17.011900
-17.255482
-17.445807
-17.594382
-17.501322
-17.611513
-17.454353
-17.256613
-17.007685
-16.694420
-16.300677
-15.806912
-15.189929
-14.422989
-13.476593
-12.320422
-10.927116
-9.278895
-7.400031
-5.402426
-3.418631
-1.544378
0.118678
1.480464
2.483307
3.117760
3.426105
3.491303
3.412985
3.281069
3.164044
3.009636
2.712605
2.171106
1.311857
0.107048
-1.419969
-3.201954
-5.145356
-7.150745
-9.085121
-10.806023
-12.268044
-13.481852
-14.472524
-15.270770
-15.907761
-16.412378
-16.809962
-17.121973
-17.366143
-17.556871
-17.705715
-17.611513
-17.721370
-17.563774
-17.365449
-17.115738
-16.801427
-16.406288
-15.910668
-15.291225
-14.521034
-13.570366
-12.408611
-11.008069
-9.350571
-7.460165
-5.449020
-3.450106
-1.559625
0.119937
1.497327
2.513574
3.158201
3.473075
3.541431
3.463627
3.330381
3.210993
3.052848
2.749793
2.199268
1.327847
0.108268
-1.435033
-3.233565
-5.192729
-7.212418
-9.158949
-10.889496
-12.358931
-13.578355
-14.573227
-15.374579
-16.013844
-16.520108
-16.918872
-17.231720
-17.476473
-17.667601
-17.816713
-17.721370
-17.830897
-17.672867
-17.473961
-17.223471
-16.908118
-16.511591
-16.014125
-15.392234
-14.618811
-13.663891
-12.496580
-11.088833
-9.422097
-7.520193
-5.495554
-3.481559
-1.574873
0.121197
1.514234
2.543964
3.198869
3.520379
3.591984
3.514751
3.380181
3.258387
3.096427
2.787246
2.227587
1.343901
0.109490
-1.450115
-3.265180
-5.240069
-7.274011
-9.232646
-10.972793
-12.449607
-13.674616
-14.673663
-15.478102
-16.119627
-16.627527
-17.027465
-17.341144
-17.586476
-17.778001
-17.927377
-17.830897
-17.940096
-17.781635
-17.582149
-17.330884
-17.014495
-16.616587
-16.117285
-15.492960
-14.716320
-13.757170
-12.584327
-11.169409
-9.493473
-7.580114
-5.542026
-3.512989
-1.590123
0.122459
1.531182
2.574472
3.239759
3.568015
3.642961
3.566353
3.430466
3.306225
3.140371
2.824962
2.256062
1.360018
0.110716
-1.465214
-3.296798
-5.287374
-7.335521
-9.306212
-11.055916
-12.540071
-13.770635
-14.773835
-15.581343
-16.225112
-16.734639
-17.135742
-17.450245
-17.696153
-17.888072
-18.037711
-17.940096
-18.048970
-17.890079
-17.690018
-17.437981
-17.120561
-16.721280
-16.220150
-15.593403
-14.813562
-13.850202
-12.671855
-11.249797
-9.564698
-7.639928
-5.588435
-3.544396
-1.605374
0.123723
1.548170
2.605098
3.280870
3.615979
3.694357
3.618430
3.481234
3.354504
3.184677
2.862937
2.284690
1.376196
0.111944
-1.480330
-3.328417
-5.334644
-7.396949
-9.379647
-11.138864
-12.630324
-13.866414
-14.873742
-15.684301
-16.330302
-16.841445
-17.243705
-17.559028
-17.805507
-17.997817
-18.147717
-18.048970
-18.157520
-17.998202
-17.797567
-17.544763
-17.226318
-16.825670
-16.322723
-15.693565
-14.910540
-13.942990
-12.759164
-11.329998
-9.635774
-7.699635
-5.634780
-3.575778
-1.620624
0.124987
1.565196
2.635838
3.322197
3.664268
3.746171
3.670981
3.532483
3.403222
3.229342
2.901170
2.313469
1.392435
0.113175
-1.495461
-3.360036
-5.381877
-7.458293
-9.452949
-11.221637
-12.720366
-13.961953
-14.973387
-15.786979
-16.435198
-16.947946
-17.351357
-17.667493
-17.914540
-18.107238
-18.257397
-18.157520
-18.265750
-18.106007
-17.904801
-17.651233
-17.331768
-16.929759
-16.425004
-15.793448
-15.007253
-14.035534
-12.846254
-11.410011
-9.706699
-7.759233
-5.681061
-3.607134
-1.635874
0.126253
1.582261
2.666690
3.363738
3.712880
3.798397
3.724002
3.584211
3.452376
3.274363
2.939658
2.342397
1.408733
0.114409
-1.510607
-3.391653
-5.429071
-7.519552
-9.526119
-11.304235
-12.810198
-14.057254
-15.072770
-15.889377
-16.539801
-17.054145
-17.458699
-17.775644
-18.023255
-18.216338
-18.366754
-18.265750
-18.373661
-18.213495
-18.011722
-17.757394
-17.436913
-17.033550
-16.526995
-15.893053
-15.103704
-14.127835
-12.933127
-11.489837
-9.777474
-7.818723
-5.727278
-3.638464
-1.651123
0.127520
1.599362
2.697652
3.405490
3.761809
3.851035
3.777491
3.636413
3.501963
3.319739
2.978398
2.371471
1.425090
0.115646
-1.525766
-3.423268
-5.476225
-7.580725
-9.599156
-11.386658
-12.899819
-14.152315
-15.171892
-15.991498
-16.644113
-17.160043
-17.565732
-17.883481
-18.131652
-18.325119
-18.475790
-18.373661
-18.481257
-18.320669
-18.118331
-17.863246
-17.541754
-17.137045
-16.628698
-15.992381
-15.199894
-14.219894
-13.019782
-11.569476
-9.848098
-7.878105
-5.773429
-3.669767
-1.666370
0.128788
1.616498
2.728721
3.447449
3.811054
3.904079
3.831444
3.689089
3.551981
3.365465
3.017387
2.400690
1.441503
0.116885
-1.540939
-3.454879
-5.523339
-7.641811
-9.672060
-11.468907
-12.989232
-14.247140
-15.270755
-16.093342
-16.748135
-17.265642
-17.672460
-17.991008
-18.239735
-18.433583
-18.584508
-18.481257
-18.588539
-18.427532
-18.224631
-17.968792
-17.646295
-17.240245
-16.730116
-16.091435
-15.295824
-14.311713
-13.106221
-11.648929
-9.918573
-7.937377
-5.819513
-3.701041
-1.681614
0.130057
1.633669
2.759895
3.489612
3.860610
3.957527
3.885858
3.742234
3.602426
3.411539
3.056623
2.430051
1.457971
0.118126
-1.556123
-3.486485
-5.570410
-7.702809
-9.744829
-11.550980
-13.078435
-14.341728
-15.369360
-16.194910
-16.851870
-17.370944
-17.778884
-18.098226
-18.347507
-18.541732
-18.692909
-18.588539
-18.695510
-18.534085
-18.330623
-18.074035
-17.750536
-17.343151
-16.831248
-16.190215
-15.391495
-14.403293
-13.192445
-11.728196
-9.988898
-7.996541
-5.865531
-3.732287
-1.696855
0.131327
1.650872
2.791172
3.531976
3.910474
4.011376
3.940731
3.795846
3.653296
3.457959
3.096102
2.459552
1.474494
0.119370
-1.571319
-3.518084
-5.617437
-7.763719
-9.817465
-11.632879
-13.167430
-14.436079
-15.467707
-16.296205
-16.955318
-17.475950
-17.885006
-18.205137
-18.454968
-18.649569
-18.800997
-18.695510
-18.802172
-18.640330
-18.436311
-18.178977
-17.854480
-17.445767
-16.932098
-16.288724
-15.486909
-14.494633
-13.278454
-11.807278
-10.059072
-8.055594
-5.911481
-3.763503
-1.712092
0.132598
1.668107
2.822549
3.574537
3.960642
4.065621
3.996058
3.849922
3.704588
3.504720
3.135823
2.489191
1.491069
0.120617
-1.586525
-3.549675
-5.664420
-7.824539
-9.889966
-11.714602
-13.256216
-14.530196
-15.565797
-16.397227
-17.058482
-17.580663
-17.990828
-18.311743
-18.562121
-18.757096
-18.908773
-18.802172
-18.908527
-18.746271
-18.541696
-18.283618
-17.958130
-17.548094
-17.032667
-16.386962
-15.582067
-14.585736
-13.364248
-11.886175
-10.129096
-8.114538
-5.957363
-3.794689
-1.727325
0.133870
1.685373
2.854024
3.617293
4.011111
4.120259
4.051837
3.904459
3.756299
3.551821
3.175781
2.518965
1.507697
0.121865
-1.601740
-3.581257
-5.711358
-7.885269
-9.962331
-11.796151
-13.344795
-14.624079
-15.663633
-16.497979
-17.161363
-17.685084
-18.096352
-18.418047
-18.668968
-18.864315
-19.016239
-18.908527
-19.014578
-18.851909
-18.646781
-18.387963
-18.061486
-17.650133
-17.132957
-16.484932
-15.676970
-14.676603
-13.449830
-11.964888
-10.198971
-8.173371
-6.003176
-3.825843
-1.742553
0.135142
1.702668
2.885595
3.660240
4.061876
4.175287
4.108065
3.959454
3.808425
3.599257
3.215975
2.548872
1.524375
0.123116
-1.616965
-3.612829
-5.758248
-7.945908
-10.034562
-11.877526
-13.433167
-14.717727
-15.761215
-16.598460
-17.263962
-17.789215
-18.201580
-18.524050
-18.775512
-18.971228
-19.123399
-19.014578
-19.120327
-18.957247
-18.751568
-18.492012
-18.164550
-17.751887
-17.232968
-16.582634
-15.771620
-14.767233
-13.535198
-12.043416
-10.268696
-8.232094
-6.048920
-3.856966
-1.757775
0.136415
1.719991
2.917258
3.703375
4.112935
4.230701
4.164737
4.014902
3.860963
3.647026
3.256400
2.578909
1.541101
0.124368
-1.632197
-3.644390
-5.805090
-8.006455
-10.106657
-11.958726
-13.521332
-14.811144
-15.858543
-16.698673
-17.366281
-17.893057
-18.306512
-18.629754
-18.881754
-19.077838
-19.230253
-19.120327
-19.225776
-19.062286
-18.856058
-18.595768
-18.267326
-17.853357
-17.332704
-16.680070
-15.866017
-14.857629
-13.620355
-12.121760
-10.338270
-8.290706
-6.094594
-3.888056
-1.772992
0.137689
1.737342
2.949013
3.746694
4.164282
4.286497
4.221850
4.070802
3.913911
3.695124
3.297054
2.609075
1.557876
0.125623
-1.647436
-3.675938
-5.851884
-8.066910
-10.178615
-12.039751
-13.609290
-14.904328
-15.955619
-16.798619
-17.468322
-17.996613
-18.411153
-18.735162
-18.987696
-19.184146
-19.336805
-19.225776
-19.330927
-19.167029
-18.960253
-18.699232
-18.369814
-17.954545
-17.432165
-16.777241
-15.960163
-14.947792
-13.705300
-12.199921
-10.407695
-8.349207
-6.140197
-3.919112
-1.788202
0.138963
1.754719
2.980855
3.790193
4.215915
4.342671
4.279401
4.127149
3.967264
3.743548
3.337935
2.639367
1.574698
0.126879
-1.662682
-3.707473
-5.898627
-8.127272
-10.250438
-12.120602
-13.697042
-14.997281
-16.052445
-16.898298
-17.570085
-18.099884
-18.515502
-18.840275
-19.093341
-19.290154
-19.443056
-19.330927
-19.435782
-19.271478
-19.064157
-18.802407
-18.472017
-18.055453
-17.531353
-16.874150
-16.054059
-15.037722
-13.790035
-12.277899
-10.476971
-8.407596
-6.185730
-3.950135
-1.803404
0.140238
1.772121
3.012784
3.833871
4.267830
4.399219
4.337386
4.183941
4.021020
3.792294
3.379038
2.669782
1.591565
0.128138
-1.677934
-3.738993
-5.945319
-8.187540
-10.322124
-12.201279
-13.784590
-15.090003
-16.149021
-16.997714
-17.671573
-18.202871
-18.619563
-18.945095
-19.198690
-19.395866
-19.549009
-19.435782
-19.540345
-19.375634
-19.167771
-18.905294
-18.573935
-18.156083
-17.630269
-16.970797
-16.147706
-15.127420
-13.874560
-12.355694
-10.546097
-8.465875
-6.231191
-3.981124
-1.818600
0.141513
1.789546
3.044797
3.877722
4.320022
4.456137
4.395800
4.241172
4.075174
3.841360
3.420360
2.700319
1.608476
0.129398
-1.693190
-3.770497
-5.991960
-8.247713
-10.393673
-12.281782
-13.871932
-15.182496
-16.245348
-17.096866
-17.772788
-18.305577
-18.723336
-19.049624
-19.303746
-19.501282
-19.654666
-19.540345
-19.644615
-19.479501
-19.271096
-19.007896
-18.675572
-18.256436
-17.728916
-17.067183
-16.241106
-15.216888
-13.958875
-12.433308
-10.615074
-8.524041
-6.276581
-4.012077
-1.833787
0.142789
1.806995
3.076890
3.921744
4.372487
4.513421
4.454641
4.298841
4.129723
3.890741
3.461900
2.730974
1.625430
0.130659
-1.708451
-3.801985
-6.038547
-8.307792
-10.465085
-12.362111
-13.959069
-15.274760
-16.341427
-17.195756
-17.873729
-18.408002
-18.826825
-19.153864
-19.408511
-19.606406
-19.760028
-19.644615
-19.748597
-19.583079
-19.374135
-19.110215
-18.776930
-18.356513
-17.827295
-17.163311
-16.334260
-15.306125
-14.042983
-12.510739
-10.683901
-8.582096
-6.321898
-4.042994
-1.848965
0.144064
1.824465
3.109063
3.965934
4.425222
4.571067
4.513904
4.356943
4.184663
3.940434
3.503652
2.761746
1.642426
0.131922
-1.723715
-3.833455
-6.085081
-8.367774
-10.536360
-12.442266
-14.046003
-15.366796
-16.437259
-17.294385
-17.974400
-18.510149
-18.930029
-19.257817
-19.512986
-19.711238
-19.865098
-19.748597
-19.852291
-19.686372
-19.476890
-19.212251
-18.878009
-18.456318
-17.925408
-17.259182
-16.427168
-15.395134
-14.126883
-12.587990
-10.752579
-8.640039
-6.367142
-4.073875
-1.864135
0.145340
1.841956
3.141313
4.010287
4.478222
4.629071
4.573585
4.415473
4.239991
3.990435
3.545615
2.792633
1.659463
0.133187
-1.738982
-3.864906
-6.131559
-8.427661
-10.607497
-12.522248
-14.132733
-15.458605
-16.532846
-17.392755
-18.074801
-18.612020
-19.032952
-19.361484
-19.617173
-19.815781
-19.969879
-19.852291
-19.955701
-19.789381
-19.579363
-19.314009
-18.978811
-18.555851
-18.023255
-17.354797
-16.519833
-15.483916
-14.210575
-12.665060
-10.821109
-8.697870
-6.412314
-4.104719
-1.879295
0.146617
1.859466
3.173637
4.054801
4.531483
4.687428
4.633681
4.474429
4.295703
4.040741
3.587784
2.823630
1.676539
0.134453
-1.754251
-3.896337
-6.177983
-8.487450
-10.678497
-12.602056
-14.219261
-15.550188
-16.628189
-17.490867
-18.174934
-18.713615
-19.135595
-19.464869
-19.721075
-19.920037
-20.074371
-19.955701
-20.058827
-19.892108
-19.681556
-19.415488
-19.079339
-18.655114
-18.120839
-17.450157
-16.612256
-15.572471
-14.294062
-12.741949
-10.889489
-8.755589
-6.457411
-4.135526
-1.894445
0.147893
1.876995
3.206033
4.099471
4.585002
4.746134
4.694185
4.533806
4.351795
4.091348
3.630157
2.854738
1.693653
0.135721
-1.769522
-3.927748
-6.224350
-8.547142
-10.749359
-12.681691
-14.305586
-15.641544
-16.723288
-17.588721
-18.274801
-18.814937
-19.237959
-19.567971
-19.824693
-20.024008
-20.178578
-20.058827
-20.161673
-19.994556
-19.783471
-19.516691
-19.179595
-18.754109
-18.218161
-17.545264
-16.704437
-15.660799
-14.377343
-12.818658
-10.957721
-8.813195
-6.502435
-4.166295
-1.909585
0.149169
1.894542
3.238499
4.144295
4.638773
4.805185
4.755096
4.593601
4.408262
4.142252
3.672731
2.885952
1.710803
0.136990
-1.784793
-3.959137
-6.270659
-8.606736
-10.820083
-12.761152
-14.391708
-15.732676
-16.818144
-17.686321
-18.374402
-18.915987
-19.340047
-19.670794
-19.928029
-20.127696
-20.282500
-20.161673
-20.264239
-20.096725
-19.885109
-19.617620
-19.279579
-18.852837
-18.315223
-17.640119
-16.796377
-15.748903
-14.460419
-12.895188
-11.025805
-8.870689
-6.547384
-4.197025
-1.924714
0.150446
1.912105
3.271032
4.189270
4.692793
4.864576
4.816408
4.653808
4.465102
4.193450
3.715501
2.917270
1.727990
0.138260
-1.800064
-3.990504
-6.316911
-8.666232
-10.890669
-12.840441
-14.477630
-15.823584
-16.912759
-17.783666
-18.473740
-19.016767
-19.441860
-19.773340
-20.031085
-20.231102
-20.386141
-20.264239
-20.366528
-20.198618
-19.986473
-19.718277
-19.379294
-18.951301
-18.412026
-17.734724
-16.888079
-15.836784
-14.543291
-12.971539
-11.093740
-8.928070
-6.592259
-4.227716
-1.939832
0.151722
1.929684
3.303631
4.234391
4.747058
4.924303
4.878116
4.714424
4.522309
4.244937
3.758465
2.948691
1.745211
0.139531
-1.815335
-4.021848
-6.363104
-8.725628
-10.961116
-12.919557
-14.563350
-15.914268
-17.007134
-17.880758
-18.572816
-19.117278
-19.543400
-19.875608
-20.133864
-20.334230
-20.489502
-20.366528
-20.468543
-20.300238
-20.087564
-19.818663
-19.478742
-19.049501
-18.508572
-17.829079
-16.979543
-15.924441
-14.625960
-13.047711
-11.161527
-8.985338
-6.637058
-4.258367
-1.954938
0.152998
1.947278
3.336293
4.279655
4.801563
4.984361
4.940217
4.775445
4.579880
4.296709
3.801619
2.980212
1.762465
0.140803
-1.830605
-4.053167
-6.409237
-8.784926
-11.031425
-12.998500
-14.648870
-16.004730
-17.101269
-17.977598
-18.671630
-19.217522
-19.644668
-19.977603
-20.236366
-20.437080
-20.592584
-20.468543
-20.570284
-20.401585
-20.188385
-19.918781
-19.577924
-19.147440
-18.604862
-17.923187
-17.070770
-16.011876
-14.708426
-13.123706
-11.229166
-9.042493
-6.681782
-4.288979
-1.970032
0.154274
1.964885
3.369016
4.325059
4.856304
5.044745
5.002705
4.836865
4.637811
4.348763
3.844959
3.011830
1.779752
0.142076
-1.845873
-4.084462
-6.455310
-8.844123
-11.101595
-13.077271
-14.734190
-16.094970
-17.195166
-18.074187
-18.770186
-19.317500
-19.745667
-20.079325
-20.338594
-20.539655
-20.695391
-20.570284
-20.671754
-20.502662
-20.288936
-20.018632
-19.676842
-19.245119
-18.700898
-18.017049
-17.161762
-16.099091
-14.790691
-13.199522
-11.296657
-9.099535
-6.726430
-4.319549
-1.985113
0.155550
1.982505
3.401798
4.370599
4.911276
5.105452
5.065576
4.898682
4.696097
4.401094
3.888484
3.043542
1.797069
0.143350
-1.861139
-4.115730
-6.501322
-8.903220
-11.171627
-13.155870
-14.819310
-16.184990
-17.288826
-18.170527
-18.868483
-19.417214
-19.846397
-20.180777
-20.440549
-20.641956
-20.797924
-20.671754
-20.772955
-20.603471
-20.389221
-20.118218
-19.775498
-19.342539
-18.796680
-18.110666
-17.252519
-16.186085
-14.872754
-13.275161
-11.364000
-9.156465
-6.771002
-4.350079
-2.000182
0.156826
2.000136
3.434636
4.416273
4.966476
5.166476
5.128826
4.960890
4.754733
4.453699
3.932188
3.075348
1.814417
0.144625
-1.876402
-4.146972
-6.547272
-8.962217
-11.241520
-13.234297
-14.904232
-16.274789
-17.382249
-18.266619
-18.966523
-19.516666
-19.946861
-20.281959
-20.542234
-20.743985
-20.900184
-20.772955
-20.873889
-20.704013
-20.489240
-20.217540
-19.873893
-19.439703
-18.892212
-18.204039
-17.343043
-16.272860
-14.954616
-13.350624
-11.431196
-9.213281
-6.815498
-4.380568
-2.015238
0.158101
2.017779
3.467529
4.462075
5.021899
5.227812
5.192450
5.023484
4.813716
4.506573
3.976069
3.107243
1.831793
0.145901
-1.891661
-4.178187
-6.593160
-9.021112
-11.311274
-13.312552
-14.988955
-16.364368
-17.475437
-18.362464
-19.064309
-19.615857
-20.047061
-20.382874
-20.643649
-20.845745
-21.002175
-20.873889
-20.974557
-20.804291
-20.588996
-20.316601
-19.972029
-19.536611
-18.987494
-18.297169
-17.433335
-16.359418
-15.036279
-13.425910
-11.498245
-9.269984
-6.859917
-4.411014
-2.030280
0.159376
2.035431
3.500474
4.508004
5.077540
5.289456
5.256443
5.086460
4.873041
4.559713
4.020123
3.139227
1.849197
0.147177
-1.906916
-4.209373
-6.638985
-9.079906
-11.380889
-13.390636
-15.073480
-16.453729
-17.568391
-18.458064
-19.161841
-19.714788
-20.146997
-20.483523
-20.744798
-20.947237
-21.103896
-20.974557
-21.074962
-20.904306
-20.688491
-20.415402
-20.069908
-19.633266
-19.082527
-18.390059
-17.523396
-16.445758
-15.117743
-13.501021
-11.565147
-9.326573
-6.904259
-4.441419
-2.045308
0.160651
2.053093
3.533469
4.554056
5.133396
5.351403
5.320799
5.149814
4.932704
4.613113
4.064346
3.171296
1.866627
0.148454
-1.922167
-4.240530
-6.684747
-9.138597
-11.450365
-13.468548
-15.157808
-16.542873
-17.661111
-18.553419
-19.259120
-19.813462
-20.246671
-20.583909
-20.845682
-21.048463
-21.205352
-21.074962
-21.175104
-21.004060
-20.787726
-20.513945
-20.167531
-19.729669
-19.177314
-18.482709
-17.613228
-16.531881
-15.199008
-13.575956
-11.631902
-9.383050
-6.948524
-4.471780
-2.060321
0.161925
2.070762
3.566512
4.600227
5.189462
5.413648
5.385515
5.213540
4.992699
4.666771
4.108736
3.203447
1.884083
0.149732
-1.937412
-4.271658
-6.730444
-9.197187
-11.519702
-13.546290
-15.241939
-16.631799
-17.753600
-18.648531
-19.356148
-19.911879
-20.346086
-20.684032
-20.946301
-21.149424
-21.306542
-21.175104
-21.274987
-21.103554
-20.886703
-20.612232
-20.264900
-19.825821
-19.271855
-18.575120
-17.702831
-16.617790
-15.280076
-13.650716
-11.698510
-9.439413
-6.992711
-4.502099
-2.075320
0.163199
2.088439
3.599601
4.646514
5.245733
5.476186
5.450585
5.277633
5.053023
4.720681
4.153289
3.235680
1.901563
0.151010
-1.952652
-4.302756
-6.776076
-9.255674
-11.588899
-13.623861
-15.325873
-16.720509
-17.845857
-18.743400
-19.452927
-20.010041
-20.445243
-20.783895
-21.046660
-21.250123
-21.407470
-21.274987
-21.374612
-21.202792
-20.985423
-20.710264
-20.362017
-19.921725
-19.366152
-18.667295
-17.792206
-16.703484
-15.360947
-13.725302
-11.764972
-9.495662
-7.036820
-4.532374
-2.090305
0.164472
2.106123
3.632734
4.692913
5.302206
5.539013
5.516004
5.342090
5.113670
4.774840
4.198001
3.267991
1.919066
0.152289
-1.967885
-4.333823
-6.821643
-9.314058
-11.657958
-13.701261
-15.409612
-16.809004
-17.937884
-18.838029
-19.549457
-20.107950
-20.544142
-20.883499
-21.146758
-21.350561
-21.508136
-21.374612
-21.473981
-21.301774
-21.083889
-20.808043
-20.458884
-20.017381
-19.460206
-18.759234
-17.881355
-16.788965
-15.441622
-13.799714
-11.831288
-9.551799
-7.080852
-4.562606
-2.105273
0.165744
2.123812
3.665909
4.739422
5.358875
5.602123
5.581767
5.406904
5.174637
4.829243
4.242869
3.300379
1.936592
0.153568
-1.983112
-4.364858
-6.867144
-9.372338
-11.726877
-13.778491
-15.493155
-16.897283
-18.029682
-18.932419
-19.645741
-20.205607
-20.642787
-20.982847
-21.246597
-21.450740
-21.608544
-21.473981
-21.573095
-21.400502
-21.182102
-20.905570
-20.555501
-20.112791
-19.554020
-18.850938
-17.970279
-16.874234
-15.522101
-13.873953
-11.897458
-9.607821
-7.124805
-4.592793
-2.120227
0.167016
2.141506
3.699124
4.786037
5.415737
5.665511
5.647870
5.472072
5.235918
4.883886
4.287889
3.332840
1.954138
0.154847
-1.998331
-4.395860
-6.912579
-9.430516
-11.795657
-13.855551
-15.576504
-16.985349
-18.121252
-19.026569
-19.741779
-20.303014
-20.741178
-21.081938
-21.346181
-21.550662
-21.708693
-21.573095
-21.671956
-21.498977
-21.280064
-21.002848
-20.651870
-20.207957
-19.647593
-18.942409
-18.058979
-16.959290
-15.602386
-13.948018
-11.963482
-9.663731
-7.168679
-4.622935
-2.135164
0.168288
2.159203
3.732377
4.832754
5.472787
5.729173
5.714305
5.537587
5.297508
4.938765
4.333058
3.365372
1.971705
0.156127
-2.013543
-4.426830
-6.957946
-9.488589
-11.864298
-13.932442
-15.659659
-17.073202
-18.212595
-19.120483
-19.837572
-20.400172
-20.839317
-21.180776
-21.445509
-21.650329
-21.808587
-21.671956
-21.770567
-21.597203
-21.377776
-21.099878
-20.747994
-20.302880
-19.740929
-19.033648
-18.147456
-17.044137
-15.682476
-14.021912
-12.029361
-9.719527
-7.212475
-4.653033
-2.150085
0.169559
2.176904
3.765666
4.879571
5.530021
5.793102
5.781070
5.603445
5.359402
4.993875
4.378372
3.397974
1.989290
0.157407
-2.028746
-4.457766
-7.003246
-9.546558
-11.932799
-14.009163
-15.742620
-17.160843
-18.303711
-19.214161
-19.933123
-20.497082
-20.937206
-21.279361
-21.544584
-21.749741
-21.908228
-21.770567
-21.868928
-21.695180
-21.475241
-21.196662
-20.843873
-20.397562
-19.834027
-19.124656
-18.235711
-17.128774
-15.762374
-14.095633
-12.095094
-9.775209
-7.256192
-4.683086
-2.164990
0.170829
2.194607
3.798988
4.926484
5.587433
5.857296
5.848158
5.669640
5.421597
5.049212
4.423829
3.430643
2.006894
0.158687
-2.043941
-4.488668
-7.048478
-9.604422
-12.001161
-14.085715
-15.825388
-17.248272
-18.394603
-19.307604
-20.028432
-20.593747
-21.034846
-21.377696
-21.643407
-21.848902
-22.007615
-21.868928
-21.967041
-21.792910
-21.572460
-21.293200
-20.939510
-20.492004
-19.926890
-19.215435
-18.323746
-17.213202
-15.842079
-14.169182
-12.160682
-9.830778
-7.299830
-4.713093
-2.179878
0.172098
2.212312
3.832343
4.973490
5.645021
5.921747
5.915564
5.736168
5.484087
5.104771
4.469424
3.463376
2.024514
0.159967
-2.059127
-4.519535
-7.093641
-9.662182
-12.069384
-14.162098
-15.907963
-17.335491
-18.485270
-19.400813
-20.123501
-20.690166
-21.132239
-21.475782
-21.741980
-21.947812
-22.106753
-21.967041
-22.064909
-21.890394
-21.669434
-21.389496
-21.034906
-20.586207
-20.019518
-19.305986
-18.411561
-17.297422
-15.921592
-14.242561
-12.226126
-9.886234
-7.343388
-4.743054
-2.194749
0.173366
2.230018
3.865729
5.020586
5.702780
5.986451
5.983283
5.803024
5.546866
5.160549
4.515154
3.496172
2.042151
0.161247
-2.074303
-4.550367
-7.138736
-9.719837
-12.137468
-14.238312
-15.990347
-17.422499
-18.575714
-19.493789
-20.218331
-20.786343
-21.229386
-21.573621
-21.840306
-22.046474
-22.205641
-22.064909
-22.162532
-21.987635
-21.766165
-21.485550
-21.130061
-20.680174
-20.111914
-19.396310
-18.499157
-17.381435
-16.000913
-14.315769
-12.291425
-9.941576
-7.386868
-4.772969
-2.209603
0.174634
2.247724
3.899142
5.067768
5.760704
6.051404
6.051309
5.870201
5.609930
5.216541
4.561015
3.529028
2.059802
0.162528
-2.089469
-4.581163
-7.183761
-9.777387
-12.205412
-14.314358
-16.072539
-17.509299
-18.665936
-19.586535
-20.312924
-20.882278
-21.326288
-21.671213
-21.938384
-22.144888
-22.304283
-22.162532
-22.259913
-22.084634
-21.862656
-21.581364
-21.224979
-20.773905
-20.204079
-19.486408
-18.586536
-17.465243
-16.080045
-14.388808
-12.356580
-9.996805
-7.430267
-4.802838
-2.224439
0.175900
2.265429
3.932582
5.115033
5.818790
6.116600
6.119637
5.937695
5.673275
5.272742
4.607005
3.561942
2.077467
0.163808
-2.104625
-4.611923
-7.228716
-9.834831
-12.273218
-14.390237
-16.154540
-17.595890
-18.755937
-19.679050
-20.407280
-20.977973
-21.422948
-21.768562
-22.036218
-22.243057
-22.402678
-22.259913
-22.357054
-22.181393
-21.958906
-21.676940
-21.319660
-20.867403
-20.296013
-19.576283
-18.673699
-17.548845
-16.158987
-14.461676
-12.421591
-10.051920
-7.473587
-4.832660
-2.239257
0.177166
2.283133
3.966047
5.162379
5.877034
6.182033
6.188262
6.005501
5.736894
5.329148
4.653119
3.594912
2.095146
0.165088
-2.119769
-4.642645
-7.273600
-9.892169
-12.340884
-14.465947
-16.236350
-17.682273
-18.845718
-19.771336
-20.501401
-21.073429
-21.519366
-21.865668
-22.133808
-22.340983
-22.500831
-22.357054
-22.453955
-22.277913
-22.054919
-21.772279
-21.414106
-20.960667
-20.387719
-19.665934
-18.760647
-17.632244
-16.237740
-14.534376
-12.486459
-10.106923
-7.516826
-4.862435
-2.254057
0.178431
2.300835
3.999535
5.209802
5.935431
6.247699
6.257178
6.073612
5.800784
5.385755
4.699355
3.627936
2.112836
0.166368
-2.134903
-4.673330
-7.318414
-9.949402
-12.408411
-14.541491
-16.317971
-17.768450
-18.935280
-19.863394
-20.595289
-21.168647
-21.615545
-21.962533
-22.231156
-22.438666
-22.598741
-22.453955
-22.550618
-22.374196
-22.150695
-21.867383
-21.508318
-21.053701
-20.479197
-19.755363
-18.847380
-17.715439
-16.316304
-14.606907
-12.551183
-10.161812
-7.559986
-4.892162
-2.268839
0.179695
2.318534
4.033044
5.257299
5.993977
6.313593
6.326380
6.142024
5.864938
5.442557
4.745708
3.661011
2.130538
0.167648
-2.150024
-4.703977
-7.363157
-10.006529
-12.475799
-14.616867
-16.399403
-17.854421
-19.024624
-19.955226
-20.688944
-21.263629
-21.711486
-22.059158
-22.328264
-22.536109
-22.696410
-22.550618
-22.647046
-22.470243
-22.246237
-21.962253
-21.602298
-21.146505
-20.570450
-19.844571
-18.933901
-17.798432
-16.394681
-14.679270
-12.615763
-10.216587
-7.603065
-4.921842
-2.283602
0.180958
2.336230
4.066572
5.304867
6.052668
6.379709
6.395862
6.210731
5.929352
5.499552
4.792176
3.694136
2.148250
0.168927
-2.165134
-4.734586
-7.407829
-10.063549
-12.543047
-14.692076
-16.480647
-17.940187
-19.113750
-20.046833
-20.782368
-21.358377
-21.807189
-22.155545
-22.425134
-22.633313
-22.793841
-22.647046
-22.743239
-22.566057
-22.341545
-22.056890
-21.696048
-21.239081
-20.661477
-19.933560
-19.020210
-17.881224
-16.472872
-14.751466
-12.680201
-10.271250
-7.646064
-4.951475
-2.298347
0.182220
2.353922
4.100119
5.352503
6.111499
6.446042
6.465620
6.279729
5.994021
5.556734
4.838756
3.727308
2.165972
0.170207
-2.180231
-4.765156
-7.452428
-10.120463
-12.610157
-14.767119
-16.561702
-18.025748
-19.202660
-20.138214
-20.875563
-21.452892
-21.902657
-22.251695
-22.521766
-22.730279
-22.891034
-22.743239
-22.839200
-22.661638
-22.436622
-22.151297
-21.789568
-21.331430
-20.752282
-20.022331
-19.106308
-17.963816
-16.550876
-14.823494
-12.744497
-10.325799
-7.688982
-4.981059
-2.313072
0.183480
2.371609
4.133681
5.400204
6.170467
6.512588
6.535646
6.349010
6.058940
5.614099
4.885443
3.760525
2.183702
0.171486
-2.195316
-4.795686
-7.496956
-10.177271
-12.677129
-14.841996
-16.642570
-18.111106
-19.291355
-20.229373
-20.968529
-21.547174
-21.997892
-22.347611
-22.618163
-22.827010
-22.987992
-22.839200
-22.934929
-22.756989
-22.531468
-22.245475
-21.882861
-21.423554
-20.842864
-20.110885
-19.192196
-18.046208
-16.628695
-14.895357
-12.808650
-10.380236
-7.731820
-5.010595
-2.327778
0.184740
2.389290
4.167258
5.447967
6.229566
6.579341
6.605936
6.418570
6.124103
5.671643
4.932234
3.793786
2.201439
0.172764
-2.210387
-4.826176
-7.541410
-10.233971
-12.743961
-14.916708
-16.723250
-18.196261
-19.379836
-20.320310
-21.061267
-21.641226
-22.092894
-22.443293
-22.714326
-22.923507
-23.084715
-22.934929
-23.030429
-22.852110
-22.626086
-22.339425
-21.975928
-21.515454
-20.933226
-20.199223
-19.277875
-18.128402
-16.706330
-14.967053
-12.872661
-10.434559
-7.774576
-5.040083
-2.342465
0.185998
2.406966
4.200847
5.495789
6.288793
6.646297
6.676485
6.488404
6.189506
5.729361
4.979127
3.827088
2.219184
0.174042
-2.225445
-4.856626
-7.585792
-10.290565
-12.810655
-14.991254
-16.803745
-18.281214
-19.468104
-20.411026
-21.153780
-21.735049
-22.187665
-22.538743
-22.810256
-23.019772
-23.181207
-23.030429
-23.125701
-22.947004
-22.720477
-22.433150
-22.068770
-21.607131
-21.023368
-20.287347
-19.363348
-18.210398
-16.783781
-15.038584
-12.936530
-10.488770
-7.817252
-5.069522
-2.357132
0.187256
2.424635
4.234448
5.543668
6.348143
6.713449
6.747286
6.558505
6.255143
5.787249
5.026118
3.860429
2.236934
0.175320
-2.240488
-4.887036
-7.630100
-10.347052
-12.877210
-15.065635
-16.884054
-18.365966
-19.556160
-20.501522
-21.246068
-21.828644
-22.282206
-22.633963
-22.905955
-23.115805
-23.277467
-23.125701
-23.220746
-23.041671
-22.814642
-22.526649
-22.161388
-21.698587
-21.113293
-20.375257
-19.448613
-18.292197
-16.861048
-15.109950
-13.000258
-10.542867
-7.859847
-5.098912
-2.371779
0.188512
2.442297
4.268058
5.591600
6.407614
6.780793
6.818334
6.628869
6.321009
5.845302
5.073203
3.893807
2.254689
0.176597
-2.255518
-4.917404
-7.674335
-10.403431
-12.943626
-15.139851
-16.964177
-18.450517
-19.644004
-20.591799
-21.338133
-21.922013
-22.376519
-22.728953
-23.001425
-23.211608
-23.373498
-23.220746
-23.315567
-23.136114
-22.908584
-22.619925
-22.253785
-21.789823
-21.203000
-20.462955
-19.533673
-18.373801
-16.938133
-15.181151
-13.063845
-10.596852
-7.902361
-5.128253
-2.386407
0.189767
2.459951
4.301676
5.639582
6.467199
6.848324
6.889624
6.699490
6.387100
5.903516
5.120380
3.927221
2.272449
0.177873
-2.270533
-4.947730
-7.718496
-10.459703
-13.009904
-15.213903
-17.044117
-18.534869
-19.731638
-20.681860
-21.429975
-22.015157
-22.470606
-22.823716
-23.096667
-23.307184
-23.469301
-23.315567
-23.410164
-23.230334
-23.002302
-22.712979
-22.345961
-21.880840
-21.292492
-20.550442
-19.618529
-18.455209
-17.015037
-15.252189
-13.127291
-10.650725
-7.944794
-5.157545
-2.401013
0.191021
2.477597
4.335301
5.687612
6.526896
6.916036
6.961151
6.770362
6.453409
5.961887
5.167645
3.960667
2.290212
0.179149
-2.285533
-4.978015
-7.762583
-10.515868
-13.076044
-15.287791
-17.123872
-18.619022
-19.819063
-20.771703
-21.521596
-22.108077
-22.564467
-22.918253
-23.191683
-23.402533
-23.564877
-23.410164
-23.504539
-23.324332
-23.095800
-22.805813
-22.437917
-21.971640
-21.381770
-20.637719
-19.703182
-18.536424
-17.091760
-15.323063
-13.190596
-10.704485
-7.987146
-5.186787
-2.415600
0.192273
2.495234
4.368931
5.735688
6.586701
6.983926
7.032908
6.841480
6.519932
6.020410
5.214995
3.994146
2.307978
0.180425
-2.300518
-5.008257
-7.806595
-10.571925
-13.142046
-15.361515
-17.203444
-18.702978
-19.906280
-20.861332
-21.612998
-22.200774
-22.658104
-23.012565
-23.286473
-23.497658
-23.660229
-23.504539
-23.598693
-23.418110
-23.189077
-22.898428
-22.529657
-22.062225
-21.470835
-20.724788
-19.787632
-18.617446
-17.168302
-15.393775
-13.253761
-10.758132
-8.029416
-5.215979
-2.430166
0.193524
2.512861
4.402565
5.783806
6.646608
7.051987
7.104890
6.912837
6.586664
6.079082
5.262426
4.027653
2.325745
0.181699
-2.315487
-5.038457
-7.850532
-10.627875
-13.207910
-15.435076
-17.282833
-18.786736
-19.993289
-20.950746
-21.704182
-22.293251
-22.751518
-23.106653
-23.381040
-23.592558
-23.755357
-23.598693
-23.692629
-23.511669
-23.282137
-22.990826
-22.621180
-22.152595
-21.559688
-20.811649
-19.871881
-18.698276
-17.244665
-15.464324
-13.316787
-10.811667
-8.071605
-5.245122
-2.444711
0.194774
2.530479
4.436201
5.831964
6.706616
7.120216
7.177091
6.984430
6.653599
6.137897
5.309937
4.061189
2.343514
0.182973
-2.330441
-5.068613
-7.894395
-10.683717
-13.273636
-15.508474
-17.362039
-18.870297
-20.080092
-21.039947
-21.795148
-22.385507
-22.844712
-23.200520
-23.475385
-23.687237
-23.850264
-23.692629
-23.786347
-23.605011
-23.374979
-23.083007
-22.712488
-22.242751
-21.648331
-20.898304
-19.955931
-18.778914
-17.320850
-15.534712
-13.379673
-10.865090
-8.113712
-5.274215
-2.459235
0.196022
2.548086
4.469837
5.880158
6.766718
7.188606
7.249507
7.056252
6.720733
6.196852
5.357523
4.094750
2.361283
0.184246
-2.345378
-5.098726
-7.938182
-10.739451
-13.339224
-15.581710
-17.441065
-18.953664
-20.166690
-21.128937
-21.885898
-22.477545
-22.937686
-23.294166
-23.569510
-23.781695
-23.944950
-23.786347
-23.879848
-23.698137
-23.467607
-23.174974
-22.803582
-22.332696
-21.736765
-20.984754
-20.039781
-18.859362
-17.396856
-15.604938
-13.442419
-10.918401
-8.155738
-5.303257
-2.473738
0.197269
2.565682
4.503473
5.928388
6.826912
7.257153
7.322132
7.128297
6.788060
6.255942
5.405181
4.128335
2.379052
0.185519
-2.360299
-5.128796
-7.981893
-10.795077
-13.404675
-15.654784
-17.519909
-19.036835
-20.253083
-21.217716
-21.976433
-22.569367
-23.030441
-23.387594
-23.663415
-23.875934
-24.039417
-23.879848
-23.973136
-23.791048
-23.560020
-23.266727
-22.894464
-22.422431
-21.824990
-21.071000
-20.123433
-18.939621
-17.472685
-15.675004
-13.505027
-10.971600
-8.197683
-5.332249
-2.488220
0.198515
2.583266
4.537107
5.976649
6.887194
7.325852
7.394960
7.200561
6.855576
6.315164
5.452909
4.161943
2.396820
0.186790
-2.375203
-5.158821
-8.025529
-10.850596
-13.469988
-15.727696
-17.598573
-19.119812
-20.339274
-21.306285
-22.066755
-22.660972
-23.122979
-23.480804
-23.757102
-23.969955
-24.133667
-23.973136
-24.066209
-23.883747
-23.652221
-23.358269
-22.985135
-22.511956
-21.913010
-21.157044
-20.206888
-19.019692
-17.548338
-15.744910
-13.567496
-11.024687
-8.239545
-5.361191
-2.502681
0.199759
2.600838
4.570737
6.024939
6.947560
7.394699
7.467985
7.273037
6.923275
6.374512
5.500704
4.195571
2.414586
0.188061
-2.390091
-5.188801
-8.069089
-10.906006
-13.535164
-15.800446
-17.677057
-19.202597
-20.425261
-21.394646
-22.156864
-22.752362
-23.215301
-23.573797
-23.850573
-24.063760
-24.227701
-24.066209
-24.159072
-23.976234
-23.744210
-23.449600
-23.075597
-22.601274
-22.000823
-21.242885
-20.290147
-19.099574
-17.623815
-15.814656
-13.629827
-11.077663
-8.281326
-5.390081
-2.517119
0.201002
2.618398
4.604363
6.073257
7.008006
7.463688
7.541203
7.345720
6.991152
6.433983
5.548562
4.229218
2.432349
0.189330
-2.404961
-5.218737
-8.112572
-10.961308
-13.600202
-15.873036
-17.755362
-19.285189
-20.511047
-21.482799
-22.246763
-22.843540
-23.307409
-23.666576
-23.943829
-24.157350
-24.321520
-24.159072
-24.251723
-24.068511
-23.835990
-23.540722
-23.165851
-22.690384
-22.088433
-21.328527
-20.373212
-19.179271
-17.699117
-15.884243
-13.692021
-11.130527
-8.323026
-5.418921
-2.531536
0.202244
2.635945
4.637982
6.121599
7.068529
7.532814
7.614607
7.418605
7.059203
6.493573
5.596480
4.262881
2.450110
0.190599
-2.419814
-5.248628
-8.155979
-11.016502
-13.665104
-15.945465
-17.833489
-19.367589
-20.596633
-21.570746
-22.336451
-22.934505
-23.399304
-23.759141
-24.036871
-24.250727
-24.415125
-24.251723
-24.344166
-24.160579
-23.927562
-23.631636
-23.255898
-22.779290
-22.175840
-21.413969
-20.456083
-19.258781
-17.774244
-15.953672
-13.754076
-11.183279
-8.364644
-5.447711
-2.545932
0.203484
2.653478
4.671595
6.169963
7.129124
7.602073
7.688193
7.491687
7.127421
6.553277
5.644456
4.296561
2.467866
0.191867
-2.434649
-5.278473
-8.199309
-11.071588
-13.729869
-16.017734
-17.911437
-19.449799
-20.682019
-21.658488
-22.425931
-23.025260
-23.490987
-23.851494
-24.129701
-24.343892
-24.508520
-24.344166
-24.436401
-24.252440
-24.018926
-23.722344
-23.345739
-22.867991
-22.263044
-21.499213
-20.538761
-19.338107
-17.849199
-16.022943
-13.815995
-11.235921
-8.406180
-5.476449
-2.560305
0.204722
2.670998
4.705199
6.218347
7.189789
7.671461
7.761956
7.564959
7.195804
6.613092
5.692487
4.330254
2.485618
0.193134
-2.449466
-5.308273
-8.242562
-11.126566
-13.794497
-16.089843
-17.989209
-19.531819
-20.767207
-21.746026
-22.515203
-23.115805
-23.582460
-23.943636
-24.222321
-24.436846
-24.601703
-24.436401
-24.528429
-24.344095
-24.110084
-23.812846
-23.435376
-22.956490
-22.350049
-21.584259
-20.621247
-19.417248
-17.923980
-16.092056
-13.877776
-11.288451
-8.447634
-5.505135
-2.574656
0.205959
2.688503
4.738793
6.266748
7.250519
7.740972
7.835889
7.638417
7.264344
6.673013
5.740570
4.363959
2.503365
0.194400
-2.464264
-5.338027
-8.285739
-11.181436
-13.858989
-16.161792
-18.066804
-19.613650
-20.852197
-21.833360
-22.604269
-23.206142
-23.673723
-24.035569
-24.314731
-24.529591
-24.694678
-24.528429
-24.620253
-24.435545
-24.201039
-23.903145
-23.524810
-23.044787
-22.436854
-21.669110
-20.703542
-19.496207
-17.998589
-16.161013
-13.939422
-11.340870
-8.489006
-5.533771
-2.588984
0.207194
2.705993
4.772376
6.315164
7.311311
7.810602
7.909987
7.712054
7.333038
6.733036
5.788702
4.397674
2.521106
0.195664
-2.479045
-5.367735
-8.328838
-11.236197
-13.923345
-16.233583
-18.144222
-19.695293
-20.936991
-21.920493
-22.693130
-23.296272
-23.764779
-24.127293
-24.406933
-24.622127
-24.787445
-24.620253
-24.711873
-24.526791
-24.291790
-23.993241
-23.614043
-23.132884
-22.523461
-21.753767
-20.785648
-19.574983
-18.073027
-16.229813
-14.000931
-11.393178
-8.530297
-5.562355
-2.603291
0.208428
2.723468
4.805948
6.363594
7.372162
7.880346
7.984246
7.785867
7.401880
6.793158
5.836880
4.431399
2.538841
0.196928
-2.493806
-5.397396
-8.371859
-11.290850
-13.987565
-16.305216
-18.221466
-19.776748
-21.021589
-22.007425
-22.781787
-23.386196
-23.855628
-24.218811
-24.498927
-24.714457
-24.880005
-24.711873
-24.803291
-24.617836
-24.382339
-24.083136
-23.703075
-23.220781
-22.609871
-21.838229
-20.867565
-19.653579
-18.147295
-16.298458
-14.062304
-11.445376
-8.571506
-5.590887
-2.617574
0.209660
2.740928
4.839506
6.412033
7.433068
7.950200
8.058660
7.859848
7.470867
6.853375
5.885102
4.465130
2.556569
0.198190
-2.508549
-5.427010
-8.414803
-11.345395
-14.051649
-16.376690
-18.298534
-19.858017
-21.105993
-22.094157
-22.870241
-23.475916
-23.946272
-24.310123
-24.590717
-24.806582
-24.972361
-24.803291
-24.894508
-24.708679
-24.472688
-24.172831
-23.791908
-23.308481
-22.696085
-21.922499
-20.949295
-19.731993
-18.221392
-16.366948
-14.123542
-11.497463
-8.612633
-5.619368
-2.631835
0.210891
2.758372
4.873050
6.460482
7.494025
8.020159
8.133224
7.933994
7.539992
6.913682
5.933365
4.498868
2.574289
0.199452
-2.523273
-5.456578
-8.457670
-11.399832
-14.115597
-16.448007
-18.375429
-19.939099
-21.190203
-22.180691
-22.958493
-23.565433
-24.036712
-24.401231
-24.682302
-24.898503
-25.064513
-24.894508
-24.985525
-24.799323
-24.562838
-24.262327
-23.880543
-23.395985
-22.782105
-22.006578
-21.030838
-19.810229
-18.295321
-16.435283
-14.184645
-11.549440
-8.653679
-5.647797
-2.646074
0.212120
2.775799
4.906578
6.508936
7.555031
8.090218
8.207933
8.008299
7.609251
6.974077
5.981666
4.532610
2.592001
0.200712
-2.537977
-5.486098
-8.500458
-11.454160
-14.179410
-16.519166
-18.452150
-20.019997
-21.274220
-22.267027
-23.046545
-23.654747
-24.126949
-24.492136
-24.773685
-24.990222
-25.156462
-24.985525
-25.076343
-24.889769
-24.652790
-24.351626
-23.968981
-23.483293
-22.867931
-22.090466
-21.112195
-19.888286
-18.369081
-16.503464
-14.245614
-11.601307
-8.694643
-5.676174
-2.660289
0.213347
2.793209
4.940090
6.557395
7.616082
8.160374
8.282781
8.082757
7.678640
7.034554
6.030003
4.566356
2.609704
0.201971
-2.552662
-5.515571
-8.543169
-11.508381
-14.243088
-16.590169
-18.528698
-20.100711
-21.358045
-22.353166
-23.134398
-23.743861
-24.216985
-24.582840
-24.864866
-25.081739
-25.248211
-25.076343
