-0.220428
-0.215580
-0.210021
-0.203689
-0.196530
-0.188490
-0.179520
-0.169562
-0.158533
-0.146315
-0.132738
-0.117580
-0.100583
-0.081739
-0.061680
-0.040959
-0.019752
0.001651
0.022828
0.043212
0.062054
0.078376
0.090919
0.098073
0.098073
0.090919
0.078376
0.062054
0.043212
0.022828
0.001651
-0.019750
-0.040951
-0.061648
-0.081641
-0.100352
-0.117137
-0.132009
-0.145251
-0.157128
-0.167851
-0.177575
-0.186397
-0.194379
-0.201563
-0.207982
-0.213675
-0.218685
-0.220428
-0.395412
-0.386003
-0.375120
-0.362620
-0.348384
-0.332328
-0.314408
-0.294625
-0.273007
-0.249570
-0.224270
-0.196940
-0.167265
-0.135212
-0.101694
-0.067414
-0.032482
0.002714
0.037524
0.071030
0.101999
0.128828
0.149446
0.161204
0.161204
0.149446
0.128828
0.101999
0.071029
0.037523
0.002713
-0.032469
-0.067345
-0.101464
-0.134604
-0.166002
-0.194793
-0.221108
-0.245411
-0.268013
-0.289054
-0.308549
-0.326451
-0.342711
-0.357307
-0.370262
-0.381647
-0.391562
-0.395412
-0.556606
-0.542891
-0.526971
-0.508616
-0.487631
-0.463875
-0.437285
-0.407895
-0.375832
-0.341279
-0.304402
-0.265245
-0.223628
-0.179650
-0.134502
-0.088915
-0.042778
0.003571
0.049369
0.093441
0.134177
0.169469
0.196590
0.212058
0.212058
0.196590
0.169468
0.134176
0.093437
0.049362
0.003570
-0.042730
-0.088692
-0.133826
-0.178029
-0.220558
-0.260433
-0.297795
-0.333098
-0.366500
-0.397923
-0.427171
-0.454034
-0.478368
-0.500120
-0.519336
-0.536140
-0.550710
-0.556606
-0.711205
-0.693403
-0.672697
-0.648771
-0.621347
-0.590218
-0.555284
-0.516586
-0.474318
-0.428806
-0.380423
-0.329466
-0.275991
-0.220362
-0.164153
-0.108140
-0.051917
0.004329
0.059817
0.113191
0.162526
0.205270
0.238120
0.256855
0.256855
0.238120
0.205269
0.162522
0.113178
0.059795
0.004325
-0.051801
-0.107640
-0.162761
-0.217275
-0.270541
-0.321413
-0.369896
-0.416285
-0.460495
-0.502199
-0.540998
-0.576553
-0.608658
-0.637260
-0.662445
-0.684401
-0.703389
-0.711205
-0.862252
-0.840538
-0.815246
-0.785972
-0.752354
-0.714111
-0.671092
-0.623328
-0.571056
-0.514712
-0.454864
-0.392062
-0.326648
-0.259340
-0.192203
-0.126127
-0.060394
0.005028
0.069418
0.131313
0.188522
0.238092
0.276192
0.297922
0.297922
0.276192
0.238088
0.188509
0.131280
0.069369
0.005019
-0.060164
-0.125214
-0.189833
-0.254404
-0.318395
-0.380408
-0.440174
-0.497743
-0.552750
-0.604622
-0.652785
-0.696798
-0.736422
-0.771622
-0.802538
-0.829431
-0.852642
-0.862252
-1.011270
-0.985781
-0.956058
-0.921608
-0.881981
-0.836818
-0.785908
-0.729253
-0.667116
-0.600025
-0.528717
-0.453996
-0.376511
-0.297400
-0.219308
-0.143320
-0.068419
0.005685
0.078401
0.148225
0.212755
0.268678
0.311666
0.336185
0.336184
0.311664
0.268668
0.212724
0.148156
0.078303
0.005669
-0.068025
-0.141852
-0.215710
-0.290280
-0.365122
-0.438478
-0.509708
-0.578559
-0.644367
-0.706329
-0.763716
-0.816011
-0.862963
-0.904569
-0.941032
-0.972693
-0.999977
-1.011270
-1.159103
-1.129948
-1.095915
-1.056423
-1.010930
-0.958994
-0.900334
-0.834917
-0.763011
-0.685218
-0.602432
-0.515702
-0.426001
-0.334928
-0.245790
-0.159943
-0.076099
0.006309
0.086877
0.164127
0.235501
0.297364
0.344929
0.372062
0.372061
0.344924
0.297342
0.235437
0.163995
0.086703
0.006282
-0.075485
-0.157776
-0.240729
-0.325332
-0.411196
-0.496113
-0.578987
-0.659222
-0.735856
-0.807860
-0.874373
-0.934821
-0.988956
-1.036821
-1.078688
-1.114983
-1.146220
-1.159103
-1.306252
-1.273518
-1.235274
-1.190847
-1.139602
-1.081007
-1.014707
-0.940620
-0.859010
-0.770539
-0.676243
-0.577410
-0.475345
-0.372145
-0.271840
-0.176134
-0.083503
0.006904
0.094914
0.179136
0.256916
0.324343
0.376199
0.405784
0.405782
0.376187
0.324298
0.256797
0.178908
0.094632
0.006863
-0.082610
-0.173125
-0.265097
-0.359813
-0.456887
-0.553578
-0.648267
-0.739991
-0.827482
-0.909503
-0.985071
-1.053575
-1.114781
-1.168788
-1.215945
-1.256768
-1.291859
-1.306252
-1.453030
-1.416792
-1.374419
-1.325144
-1.268239
-1.203078
-1.129225
-1.046540
-0.955273
-0.856133
-0.750287
-0.639259
-0.524688
-0.409195
-0.297591
-0.191992
-0.090679
0.007476
0.102564
0.193341
0.277115
0.349747
0.405626
0.437513
0.437509
0.405601
0.349665
0.276911
0.192974
0.102136
0.007416
-0.089448
-0.188005
-0.288965
-0.393897
-0.502374
-0.611041
-0.717706
-0.821016
-0.919402
-1.011424
-1.095997
-1.172479
-1.240666
-1.300719
-1.353073
-1.398333
-1.437196
-1.453030
-1.599640
-1.559962
-1.513529
-1.459482
-1.396995
-1.325345
-1.244011
-1.152786
-1.051898
-0.942091
-0.824655
-0.701341
-0.574130
-0.446186
-0.323145
-0.207596
-0.097670
0.008027
0.109872
0.206818
0.296196
0.373691
0.433332
0.467377
0.467368
0.433287
0.373549
0.295868
0.206261
0.109256
0.007944
-0.096041
-0.202500
-0.312451
-0.427720
-0.547789
-0.668621
-0.787407
-0.902394
-1.011712
-1.113728
-1.207264
-1.291661
-1.366753
-1.432773
-1.490243
-1.539864
-1.582427
-1.599640
-1.746218
-1.703155
-1.652723
-1.593970
-1.525969
-1.447897
-1.359142
-1.259427
-1.148946
-1.028471
-0.899407
-0.763724
-0.623747
-0.483200
-0.348582
-0.223013
-0.104512
0.008560
0.116879
0.219637
0.314249
0.396276
0.459431
0.495493
0.495477
0.459352
0.396047
0.313750
0.218833
0.116028
0.008451
-0.102425
-0.216684
-0.335654
-0.461389
-0.593232
-0.726404
-0.857445
-0.984193
-1.104476
-1.216480
-1.318944
-1.411203
-1.493134
-1.565050
-1.627565
-1.681480
-1.727682
-1.746218
-1.892855
-1.846457
-1.792082
-1.728681
-1.655226
-1.570792
-1.474671
-1.366508
-1.246458
-1.115314
-0.974584
-0.826456
-0.673596
-0.520303
-0.373970
-0.238297
-0.111235
0.009079
0.123623
0.231865
0.331359
0.417599
0.484023
0.521967
0.521939
0.483895
0.417247
0.330633
0.230748
0.122488
0.008939
-0.108633
-0.230622
-0.358659
-0.494993
-0.638783
-0.784457
-0.927875
-1.066456
-1.197736
-1.319725
-1.431086
-1.531156
-1.619869
-1.697617
-1.765115
-1.823263
-1.873048
-1.892855
-2.039613
-1.989926
-1.931657
-1.863661
-1.784808
-1.694067
-1.590628
-1.474058
-1.344462
-1.202646
-1.050216
-0.889572
-0.723722
-0.557546
-0.399363
-0.253497
-0.117866
0.009586
0.130138
0.243564
0.347608
0.437753
0.507210
0.546901
0.546854
0.507010
0.437234
0.346589
0.242063
0.128668
0.009410
-0.114695
-0.244370
-0.381537
-0.528604
-0.684507
-0.842832
-0.998736
-1.149219
-1.291522
-1.423489
-1.543718
-1.651555
-1.746995
-1.830518
-1.902940
-1.965267
-2.018583
-2.039613
-2.186535
-2.133600
-2.071483
-1.998942
-1.914742
-1.817743
-1.707034
-1.582093
-1.442973
-1.290484
-1.126325
-0.953100
-0.774158
-0.594972
-0.424808
-0.268653
-0.124429
0.010082
0.136456
0.254794
0.363074
0.456827
0.529083
0.570389
0.570316
0.528785
0.456090
0.361691
0.252833
0.134600
0.009867
-0.120638
-0.257977
-0.404347
-0.562283
-0.730455
-0.901570
-1.070060
-1.232503
-1.385852
-1.527790
-1.656858
-1.772420
-1.874535
-1.963780
-2.041073
-2.107526
-2.164326
-2.186535
-2.333647
-2.277504
-2.211583
-2.134543
-2.045044
-1.941835
-1.823899
-1.690622
-1.542000
-1.378840
-1.202925
-1.017059
-0.824932
-0.632614
-0.450341
-0.283797
-0.130944
0.010571
0.142607
0.265608
0.377831
0.474906
0.549734
0.592523
0.592414
0.549305
0.473892
0.376005
0.263109
0.140313
0.010311
-0.126486
-0.271487
-0.427141
-0.596080
-0.776669
-0.960700
-1.141868
-1.316323
-1.480737
-1.632638
-1.770516
-1.893762
-2.002504
-2.097418
-2.179531
-2.250063
-2.310303
-2.333647
-2.480969
-2.421654
-2.351969
-2.270474
-2.175721
-2.066349
-1.941228
-1.799651
-1.641547
-1.467719
-1.280025
-1.081463
-0.876065
-0.670500
-0.475994
-0.298960
-0.137431
0.011054
0.148618
0.276060
0.391950
0.492071
0.569249
0.613390
0.613232
0.568650
0.490715
0.389595
0.272941
0.145834
0.010746
-0.132260
-0.284935
-0.449963
-0.630034
-0.823182
-1.020248
-1.214176
-1.400691
-1.576184
-1.738037
-1.884697
-2.015585
-2.130908
-2.231442
-2.318327
-2.392892
-2.456529
-2.480969
-2.628508
-2.566058
-2.492647
-2.406740
-2.306777
-2.191285
-2.059021
-1.909177
-1.741615
-1.557122
-1.357629
-1.146324
-0.927572
-0.708651
-0.501793
-0.314166
-0.143903
0.011532
0.154513
0.286196
0.405497
0.508402
0.587712
0.633074
0.632852
0.586898
0.506630
0.402526
0.282375
0.151189
0.011172
-0.137978
-0.298354
-0.472848
-0.664182
-0.870021
-1.080232
-1.286996
-1.485611
-1.672195
-1.843987
-1.999399
-2.137889
-2.259747
-2.365855
-2.457465
-2.536018
-2.603012
-2.628508
-2.776271
-2.710719
-2.633620
-2.543340
-2.438210
-2.316640
-2.177274
-2.019198
-1.842201
-1.647050
-1.435741
-1.211646
-0.979465
-0.747085
-0.527757
-0.329434
-0.150375
0.012006
0.160315
0.296062
0.418537
0.523974
0.605201
0.651654
0.651351
0.604123
0.521706
0.414854
0.291455
0.156401
0.011592
-0.143658
-0.311772
-0.495829
-0.698549
-0.917206
-1.140666
-1.360334
-1.571086
-1.768768
-1.950485
-2.114619
-2.260672
-2.389020
-2.500654
-2.596944
-2.679444
-2.749756
-2.776271
-2.924258
-2.855636
-2.774886
-2.680272
-2.570016
-2.442411
-2.295981
-2.129707
-1.943299
-1.737498
-1.514360
-1.277435
-1.031752
-0.785814
-0.553906
-0.344782
-0.156858
0.012479
0.166042
0.305698
0.431127
0.538856
0.621793
0.669207
0.668804
0.620395
0.536010
0.426637
0.300222
0.161491
0.012006
-0.149313
-0.325212
-0.518929
-0.733159
-0.964755
-1.201559
-1.434196
-1.657116
-1.865900
-2.057525
-2.230350
-2.383925
-2.518719
-2.635836
-2.736762
-2.823168
-2.896760
-2.924258
-3.072466
-3.000805
-2.916439
-2.817529
-2.702188
-2.568587
-2.415133
-2.240696
-2.044902
-1.828461
-1.593483
-1.343690
-1.084440
-0.824851
-0.580252
-0.360225
-0.163361
0.012951
0.171713
0.315141
0.443323
0.553117
0.637562
0.685806
0.685280
0.635783
0.549603
0.437928
0.308715
0.166480
0.012416
-0.154957
-0.338695
-0.542172
-0.768031
-1.012681
-1.262918
-1.508582
-1.743698
-1.963586
-2.165101
-2.346585
-2.507642
-2.648838
-2.771392
-2.876912
-2.967183
-3.044020
-3.072466
-3.220890
-3.146222
-3.058272
-2.955104
-2.834716
-2.695162
-2.534723
-2.352157
-2.147002
-1.919934
-1.673107
-1.410413
-1.137533
-0.864202
-0.606806
-0.375775
-0.169893
0.013422
0.177344
0.324425
0.455176
0.566821
0.652576
0.701521
0.700849
0.650353
0.562546
0.448778
0.316970
0.171384
0.012823
-0.160601
-0.352238
-0.565576
-0.803179
-1.060993
-1.324749
-1.583493
-1.830828
-2.061818
-2.273203
-2.463313
-2.631813
-2.779367
-2.907315
-3.017386
-3.111485
-3.191531
-3.220890
-3.369525
-3.291878
-3.200379
-3.092988
-2.967593
-2.822124
-2.654739
-2.464079
-2.249591
-2.011908
-1.753226
-1.477601
-1.191033
-0.903874
-0.633580
-0.391442
-0.176462
0.013895
0.182949
0.333582
0.466734
0.580027
0.666903
0.716421
0.715577
0.664166
0.574896
0.459234
0.325018
0.176222
0.013228
-0.166255
-0.365857
-0.589156
-0.838617
-1.109699
-1.387054
-1.658926
-1.918501
-2.160589
-2.381822
-2.580524
-2.756426
-2.910296
-3.043594
-3.158177
-3.256064
-3.339285
-3.369525
-3.518362
-3.437765
-3.342748
-3.231171
-3.100806
-2.949462
-2.775170
-2.576452
-2.352658
-2.104375
-1.833836
-1.545252
-1.244939
-0.943872
-0.660579
-0.407234
-0.183073
0.014369
0.188541
0.342640
0.478041
0.592791
0.680605
0.730570
0.729527
0.677282
0.586707
0.469340
0.332892
0.181006
0.013633
-0.171927
-0.379564
-0.612924
-0.874353
-1.158804
-1.449833
-1.734879
-2.006709
-2.259890
-2.490947
-2.698207
-2.881470
-3.041613
-3.180219
-3.299272
-3.400911
-3.487273
-3.518362
-3.667392
-3.583874
-3.485371
-3.369642
-3.234345
-3.077165
-2.896005
-2.689263
-2.456192
-2.197326
-1.914928
-1.613361
-1.299253
-0.984197
-0.687809
-0.423158
-0.189732
0.014845
0.194130
0.351623
0.489137
0.605168
0.693743
0.744030
0.742758
0.689761
0.598033
0.479139
0.340619
0.185752
0.014037
-0.177625
-0.393370
-0.636891
-0.910396
-1.208313
-1.513085
-1.811345
-2.095446
-2.359710
-2.600567
-2.816350
-3.006933
-3.173305
-3.317178
-3.440661
-3.546016
-3.635486
-3.667392
-3.816606
-3.730195
-3.628237
-3.508390
-3.368198
-3.205221
-3.017231
-2.802502
-2.560183
-2.290752
-1.996496
-1.681924
-1.353972
-1.024853
-0.715276
-0.439220
-0.196443
0.015324
0.199726
0.360555
0.500060
0.617206
0.706374
0.756860
0.755330
0.701655
0.608921
0.488670
0.348226
0.190470
0.014441
-0.183355
-0.407284
-0.661067
-0.946751
-1.258226
-1.576809
-1.888322
-2.184703
-2.460040
-2.710670
-2.934940
-3.132802
-3.305362
-3.454459
-3.582334
-3.691367
-3.783914
-3.816606
-3.965994
-3.876717
-3.771335
-3.647404
-3.502353
-3.333617
-3.138836
-2.916156
-2.664619
-2.384642
-2.078531
-1.750935
-1.409093
-1.065839
-0.742982
-0.455425
-0.203210
0.015806
0.205339
0.369457
0.510844
0.628951
0.718551
0.769118
0.767298
0.713019
0.619418
0.497970
0.355735
0.195173
0.014847
-0.189123
-0.421314
-0.685457
-0.983423
-1.308545
-1.641003
-1.965802
-2.274471
-2.560869
-2.821245
-3.053965
-3.259065
-3.437769
-3.592050
-3.724277
-3.836955
-3.932546
-3.965994
-4.115547
-4.023429
-3.914653
-3.786671
-3.636798
-3.462340
-3.260807
-3.030213
-2.769489
-2.478987
-2.161025
-1.820388
-1.464614
-1.107156
-0.770930
-0.471777
-0.210036
0.016292
0.210976
0.378346
0.521520
0.640447
0.730326
0.780858
0.778717
0.723903
0.629569
0.507072
0.363169
0.199869
0.015255
-0.194933
-0.435467
-0.710068
-1.020416
-1.359271
-1.705662
-2.043778
-2.364742
-2.662186
-2.932279
-3.173412
-3.385708
-3.570515
-3.729938
-3.866479
-3.982766
-4.081371
-4.115547
-4.265253
-4.170321
-4.058180
-3.926180
-3.771520
-3.591379
-3.383132
-3.144660
-2.874781
-2.573775
-2.243970
-1.890278
-1.520532
-1.148803
-0.799121
-0.488279
-0.216925
0.016781
0.216644
0.387241
0.532116
0.651734
0.741748
0.792132
0.789638
0.734354
0.639415
0.516008
0.370548
0.204568
0.015665
-0.200790
-0.449749
-0.734905
-1.057731
-1.410401
-1.770782
-2.122245
-2.455506
-2.763979
-3.043760
-3.293267
-3.512719
-3.703585
-3.868110
-4.008929
-4.128790
-4.230379
-4.265253
-4.415103
-4.317382
-4.201904
-4.065919
-3.906507
-3.720721
-3.505798
-3.259485
-2.980483
-2.668998
-2.327357
-1.960598
-1.576842
-1.190778
-0.827558
-0.504933
-0.223877
0.017275
0.222349
0.396155
0.542660
0.662848
0.752860
0.802989
0.800109
0.744419
0.648994
0.524807
0.377890
0.209277
0.016077
-0.206698
-0.464164
-0.759971
-1.095370
-1.461935
-1.836360
-2.201194
-2.546754
-2.866239
-3.155676
-3.413519
-3.640084
-3.836968
-4.006555
-4.151613
-4.275016
-4.379558
-4.415103
-4.565085
-4.464601
-4.345815
-4.205875
-4.041748
-3.850354
-3.628793
-3.374677
-3.086585
-2.764643
-2.411177
-2.031340
-1.633540
-1.233081
-0.856240
-0.521741
-0.230896
0.017773
0.228096
0.405102
0.553174
0.673824
0.763708
0.813476
0.810179
0.754141
0.658345
0.533498
0.385212
0.214003
0.016493
-0.212659
-0.478716
-0.785269
-1.133334
-1.513870
-1.902389
-2.280617
-2.638475
-2.968952
-3.268014
-3.534154
-3.767790
-3.970651
-4.145259
-4.294519
-4.421431
-4.528896
-4.565085
-4.715190
-4.611967
-4.489901
-4.346039
-4.177229
-3.980264
-3.752104
-3.490222
-3.193073
-2.860700
-2.495420
-2.102498
-1.690621
-1.275708
-0.885167
-0.538705
-0.237983
0.018276
0.233890
0.414095
0.563680
0.684695
0.774329
0.823638
0.819892
0.763563
0.667501
0.542104
0.392528
0.218754
0.016912
-0.218677
-0.493409
-0.810801
-1.171622
-1.566204
-1.968864
-2.360507
-2.730660
-3.072108
-3.380762
-3.655160
-3.895824
-4.104620
-4.284210
-4.437637
-4.568024
-4.678384
-4.715190
-4.865406
-4.759469
-4.634151
-4.486397
-4.312939
-4.110440
-3.875719
-3.606109
-3.299938
-2.957159
-2.580078
-2.174064
-1.748080
-1.318657
-0.914339
-0.555826
-0.245139
0.018784
0.239735
0.423143
0.574198
0.695489
0.784763
0.833519
0.829292
0.772722
0.676495
0.550650
0.399853
0.223534
0.017334
-0.224753
-0.508245
-0.836570
-1.210235
-1.618933
-2.035780
-2.440856
-2.823299
-3.175696
-3.493907
-3.776523
-4.024174
-4.238863
-4.423396
-4.580953
-4.714784
-4.828011
-4.865406
-5.015725
-4.907096
-4.778554
-4.626938
-4.448867
-4.240870
-3.999627
-3.722326
-3.407166
-3.054010
-2.665142
-2.246032
-1.805912
-1.361925
-0.943755
-0.573104
-0.252365
0.019297
0.245634
0.432257
0.584746
0.706233
0.795044
0.843157
0.838419
0.781658
0.685358
0.559157
0.407198
0.228348
0.017761
-0.230890
-0.523226
-0.862575
-1.249171
-1.672055
-2.103131
-2.521655
-2.916381
-3.279703
-3.607439
-3.898232
-4.152828
-4.373368
-4.562805
-4.724457
-4.861699
-4.977764
-5.015725
-5.166135
-5.054839
-4.923098
-4.767652
-4.585000
-4.371541
-4.123814
-3.838860
-3.514747
-3.151241
-2.750601
-2.318393
-1.864113
-1.405510
-0.973415
-0.590540
-0.259661
0.019815
0.251591
0.441444
0.595340
0.716953
0.805206
0.852591
0.847312
0.790404
0.694118
0.567644
0.414575
0.233202
0.018192
-0.237089
-0.538355
-0.888818
-1.288428
-1.725564
-2.170910
-2.602896
-3.009897
-3.384120
-3.721343
-4.020273
-4.281772
-4.508122
-4.702424
-4.868136
-5.008758
-5.127635
-5.166135
-5.316627
-5.202687
-5.067774
-4.908527
-4.721328
-4.502444
-4.248269
-3.955701
-3.622670
-3.248842
-2.836448
-2.391141
-1.922675
-1.449408
-1.003316
-0.608134
-0.267030
0.020338
0.257609
0.450714
0.605994
0.727671
0.815279
0.861858
0.856008
0.798994
0.702801
0.576131
0.421994
0.238099
0.018627
-0.243352
-0.553632
-0.915298
-1.328006
-1.779458
-2.239111
-2.684571
-3.103836
-3.488934
-3.835610
-4.142636
-4.410994
-4.643114
-4.842243
-5.011980
-5.155952
-5.277612
-5.316627
-5.467191
-5.350630
-5.212571
-5.049553
-4.857839
-4.633565
-4.372981
-4.072836
-3.730923
-3.346803
-2.922673
-2.464267
-1.981595
-1.493615
-1.033457
-0.625886
-0.274471
0.020867
0.263689
0.460071
0.616723
0.738409
0.825292
0.870991
0.864543
0.807461
0.711433
0.584633
0.429465
0.243042
0.019066
-0.249680
-0.569059
-0.942017
-1.367902
-1.833732
-2.307727
-2.766672
-3.198189
-3.594134
-3.950226
-4.265307
-4.540483
-4.778332
-4.982251
-5.155978
-5.303268
-5.427685
-5.467191
-5.617819
-5.498658
-5.357479
-5.190718
-4.994522
-4.764894
-4.497939
-4.190256
-3.839496
-3.445114
-3.009267
-2.537765
-2.040865
-1.538128
-1.063838
-0.643796
-0.281984
0.021402
0.269834
0.469524
0.627537
0.749187
0.835272
0.880022
0.872950
0.815834
0.720036
0.593166
0.436996
0.248035
0.019511
-0.256074
-0.584637
-0.968973
-1.408114
-1.888381
-2.376753
-2.849189
-3.292946
-3.699711
-4.065181
-4.388275
-4.670227
-4.913764
-5.122434
-5.300119
-5.450697
-5.577845
-5.617819
-5.768500
-5.646762
-5.502488
-5.332013
-5.131367
-4.896420
-4.623131
-4.307948
-3.948378
-3.543765
-3.096220
-2.611627
-2.100482
-1.582944
-1.094455
-0.661863
-0.289571
0.021942
0.276046
0.479076
0.638449
0.760022
0.845245
0.888982
0.881259
0.824140
0.728633
0.601744
0.444595
0.253082
0.019960
-0.262535
-0.600365
-0.996165
-1.448640
-1.943402
-2.446181
-2.932114
-3.388097
-3.805652
-4.180463
-4.511529
-4.800215
-5.049400
-5.262784
-5.444392
-5.598229
-5.728082
-5.768500
-5.919226
-5.794932
-5.647588
-5.473428
-5.268364
-5.028132
-4.748547
-4.425901
-4.057558
-3.642745
-3.183525
-2.685845
-2.160438
-1.628058
-1.125308
-0.680087
-0.297230
0.022487
0.282327
0.488733
0.649468
0.770930
0.855233
0.897899
0.889501
0.832407
0.737243
0.610381
0.452268
0.258183
0.020414
-0.269064
-0.616245
-1.023593
-1.489477
-1.998789
-2.516005
-3.015440
-3.483632
-3.911947
-4.296061
-4.635057
-4.930435
-5.185227
-5.403289
-5.588787
-5.745854
-5.878386
-5.919226
-6.069988
-5.943160
-5.792770
-5.614952
-5.405502
-5.160021
-4.874176
-4.544106
-4.167027
-3.742046
-3.271173
-2.760412
-2.220729
-1.673467
-1.156393
-0.698467
-0.304962
0.023039
0.288678
0.498499
0.660603
0.781928
0.865258
0.906799
0.897704
0.840658
0.745885
0.619089
0.460022
0.263342
0.020873
-0.275660
-0.632277
-1.051257
-1.530622
-2.054539
-2.586218
-3.099158
-3.579542
-4.018586
-4.411964
-4.758848
-5.060876
-5.321236
-5.543939
-5.733294
-5.893562
-6.028748
-6.069988
-6.220778
-6.091436
-5.938026
-5.756578
-5.542771
-5.292075
-5.000008
-4.662553
-4.276774
-3.841657
-3.359153
-2.835321
-2.281349
-1.719167
-1.187709
-0.717002
-0.312768
0.023596
0.295099
0.508379
0.671863
0.793029
0.875340
0.915708
0.905893
0.848917
0.754577
0.627878
0.467863
0.268561
0.021338
-0.282326
-0.648461
-1.079154
-1.572073
-2.110646
-2.656815
-3.183259
-3.675816
-4.125559
-4.528162
-4.882891
-5.191528
-5.457417
-5.684725
-5.877904
-6.041345
-6.179160
-6.220778
-6.371587
-6.239753
-6.083345
-5.898294
-5.680163
-5.424286
-5.126033
-4.781229
-4.386789
-3.941570
-3.447460
-2.910564
-2.342291
-1.765155
-1.219255
-0.735691
-0.320647
0.024159
0.301593
0.518375
0.683254
0.804246
0.885499
0.924650
0.914094
0.857206
0.763334
0.636759
0.475795
0.273842
0.021807
-0.289060
-0.664796
-1.107283
-1.613826
-2.167105
-2.727787
-3.267736
-3.772447
-4.232855
-4.644643
-5.007177
-5.322380
-5.593758
-5.825635
-6.022608
-6.189192
-6.329612
-6.371587
-6.522408
-6.388101
-6.228719
-6.040093
-5.817667
-5.556643
-5.252240
-4.900127
-4.497062
-4.041774
-3.536082
-2.986135
-2.403551
-1.811426
-1.251026
-0.754534
-0.328598
0.024727
0.308160
0.528490
0.694783
0.815590
0.895751
0.933645
0.922329
0.865545
0.772172
0.645740
0.483824
0.279186
0.022282
-0.295864
-0.681282
-1.135644
-1.655880
-2.223912
-2.799129
-3.352580
-3.869424
-4.340464
-4.761398
-5.131693
-5.453421
-5.730250
-5.966661
-6.167395
-6.337096
-6.480097
-6.522408
-6.673232
-6.536474
-6.374141
-6.181965
-5.955275
-5.689137
-5.378621
-5.019237
-4.607584
-4.142261
-3.625014
-3.062025
-2.465122
-1.857976
-1.283022
-0.773530
-0.336623
0.025302
0.314800
0.538728
0.706457
0.827073
0.906113
0.942714
0.930621
0.873953
0.781104
0.654832
0.491954
0.284594
0.022762
-0.302738
-0.697919
-1.164234
-1.698230
-2.281063
-2.870834
-3.437784
-3.966739
-4.448377
-4.878417
-5.256431
-5.584643
-5.866884
-6.107793
-6.312258
-6.485048
-6.630606
-6.673232
-6.824053
-6.684862
-6.519601
-6.323903
-6.092978
-5.821760
-5.505167
-5.138548
-4.718346
-4.243022
-3.714245
-3.138229
-2.527000
-1.904801
-1.315240
-0.792677
-0.344720
0.025882
0.321515
0.549091
0.718282
0.838704
0.916600
0.951877
0.938989
0.882448
0.790144
0.664041
0.500188
0.290068
0.023248
-0.309681
-0.714707
-1.193052
-1.740874
-2.338551
-2.942896
-3.523339
-4.064382
-4.556585
-4.995689
-5.381381
-5.716036
-6.003650
-6.249023
-6.457187
-6.633040
-6.781132
-6.824053
-6.974863
-6.833259
-6.665093
-6.465897
-6.230768
-5.954501
-5.631867
-5.258052
-4.829338
-4.344048
-3.803769
-3.214738
-2.589179
-1.951898
-1.347677
-0.811975
-0.352890
0.026468
0.328306
0.559581
0.730261
0.850493
0.927225
0.961152
0.947454
0.891046
0.799303
0.673375
0.508530
0.295610
0.023739
-0.316694
-0.731645
-1.222097
-1.783809
-2.396373
-3.015308
-3.609237
-4.162345
-4.665077
-5.113206
-5.506533
-5.847589
-6.140539
-6.390341
-6.602174
-6.781063
-6.931666
-6.974863
-7.125656
-6.981657
-6.810608
-6.607941
-6.368635
-6.087353
-5.758714
-5.377740
-4.940552
-4.445331
-3.893577
-3.291547
-2.651652
-1.999263
-1.380332
-0.831422
-0.361131
0.027060
0.335172
0.570200
0.742401
0.862449
0.938002
0.970554
0.956031
0.899763
0.808593
0.682840
0.516984
0.301220
0.024235
-0.323777
-0.748732
-1.251366
-1.827031
-2.454523
-3.088063
-3.695472
-4.260619
-4.773844
-5.230957
-5.631877
-5.979295
-6.277541
-6.531739
-6.747211
-6.929110
-7.082201
-7.125656
-7.276423
-7.130050
-6.956139
-6.750026
-6.506573
-6.220308
-5.885698
-5.497604
-5.051979
-4.546862
-3.983661
-3.368649
-2.714415
-2.046892
-1.413201
-0.851017
-0.369445
0.027658
0.342114
0.580950
0.754705
0.874577
0.948942
0.980100
0.964739
0.908612
0.818024
0.692443
0.525552
0.306898
0.024737
-0.330929
-0.765968
-1.280859
-1.870537
-2.512997
-3.161156
-3.782035
-4.359196
-4.882878
-5.348933
-5.757404
-6.111143
-6.414650
-6.673210
-6.892291
-7.077173
-7.232731
-7.276423
-7.427160
-7.278430
-7.101679
-6.892145
-6.644573
-6.353357
-6.012811
-5.617633
-5.163610
-4.648633
-4.074015
-3.446036
-2.777463
-2.094780
-1.446283
-0.870759
-0.377830
0.028262
0.349132
0.591832
0.767177
0.886887
0.960056
0.989804
0.973592
0.917609
0.827605
0.702189
0.534237
0.312647
0.025245
-0.338152
-0.783353
-1.310573
-1.914325
-2.571791
-3.234580
-3.868918
-4.458067
-4.992170
-5.467126
-5.883107
-6.243125
-6.551856
-6.814744
-7.037405
-7.225246
-7.383247
-7.427160
-7.577859
-7.426791
-7.247222
-7.034291
-6.782628
-6.486492
-6.140046
-5.737822
-5.275438
-4.750636
-4.164629
-3.523702
-2.840790
-2.142924
-1.479575
-0.890648
-0.386286
0.028871
0.356227
0.602848
0.779820
0.899385
0.971355
0.999679
0.982605
0.926763
0.837345
0.712084
0.543041
0.318467
0.025758
-0.345444
-0.800885
-1.340507
-1.958390
-2.630898
-3.308329
-3.956116
-4.557224
-5.101711
-5.585527
-6.008974
-6.375234
-6.689150
-6.956334
-7.182547
-7.373320
-7.533745
-7.577859
-7.728515
-7.575126
-7.392760
-7.176456
-6.920730
-6.619706
-6.267394
-5.858160
-5.387454
-4.852863
-4.255498
-3.601641
-2.904390
-2.191321
-1.513074
-0.910681
-0.394813
0.029486
0.363399
0.613999
0.792639
0.912076
0.982848
1.009738
0.991791
0.936089
0.847253
0.722132
0.551967
0.324357
0.026276
-0.352806
-0.818564
-1.370659
-2.002731
-2.690315
-3.382397
-4.043619
-4.656659
-5.211493
-5.704127
-6.135000
-6.507460
-6.826526
-7.097974
-7.327709
-7.521391
-7.684216
-7.728515
-7.879121
-7.723430
-7.538287
-7.318635
-7.058873
-6.752991
-6.394848
-5.978641
-5.499650
-4.955306
-4.346614
-3.679847
-2.968259
-2.239966
-1.546779
-0.930857
-0.403410
0.030107
0.370649
0.625287
0.805635
0.924966
0.994545
1.019992
1.001163
0.945595
0.857335
0.732338
0.561017
0.330320
0.026800
-0.360238
-0.836389
-1.401026
-2.047344
-2.750038
-3.456777
-4.131422
-4.756364
-5.321507
-5.822918
-6.261174
-6.639795
-6.963976
-7.239654
-7.472884
-7.669450
-7.834656
-7.879121
-8.029673
-7.871696
-7.683797
-7.460820
-7.197049
-6.886341
-6.522400
-6.099257
-5.612018
-5.057958
-4.437970
-3.758313
-3.032391
-2.288856
-1.580687
-0.951176
-0.412078
0.030734
0.377976
0.636712
0.818811
0.938061
1.006452
1.030453
1.010733
0.955292
0.867600
0.742706
0.570193
0.336356
0.027330
-0.367739
-0.854360
-1.431608
-2.092225
-2.810061
-3.531465
-4.219516
-4.856332
-5.431745
-5.941892
-6.387490
-6.772233
-7.101492
-7.381369
-7.618066
-7.817492
-7.985058
-8.029673
-8.180164
-8.019919
-7.829283
-7.603005
-7.335252
-7.019748
-6.650043
-6.220000
-5.724552
-5.160812
-4.529559
-3.837032
-3.096782
-2.337987
-1.614796
-0.971637
-0.420815
0.031367
0.385380
0.648275
0.832170
0.951365
1.018578
1.041129
1.020510
0.965190
0.878053
0.753240
0.579496
0.342464
0.027865
-0.375310
-0.872475
-1.462403
-2.137371
-2.870379
-3.606453
-4.307896
-4.956554
-5.542200
-6.061040
-6.513939
-6.904765
-7.239067
-7.523112
-7.763247
-7.965510
-8.135415
-8.180164
-8.330589
-8.168094
-7.974741
-7.745184
-7.473476
-7.153205
-6.777770
-6.340863
-5.837243
-5.263860
-4.621374
-3.916000
-3.161427
-2.387355
-1.649102
-0.992237
-0.429622
0.032006
0.392862
0.659977
0.845715
0.964883
1.030930
1.052031
1.030506
0.975296
0.888701
0.763942
0.588928
0.348646
0.028406
-0.382950
-0.890734
-1.493408
-2.182781
-2.930989
-3.681737
-4.396554
-5.057024
-5.652863
-6.180355
-6.640514
-7.037384
-7.376694
-7.664876
-7.908423
-8.113499
-8.285724
-8.330589
-8.480944
-8.316214
-8.120165
-7.887352
-7.611714
-7.286707
-6.905574
-6.461839
-5.950085
-5.367095
-4.713408
-3.995209
-3.226319
-2.436957
-1.683605
-1.012976
-0.438498
0.032650
0.400421
0.671819
0.859447
0.978619
1.043513
1.063166
1.040728
0.985619
0.899548
0.774817
0.598491
0.354902
0.028953
-0.390658
-0.909136
-1.524622
-2.228449
-2.991886
-3.757310
-4.485484
-5.157735
-5.763727
-6.299830
-6.767207
-7.170084
-7.514366
-7.806654
-8.053587
-8.261452
-8.435977
-8.480944
-8.631223
-8.464275
-8.265548
-8.029502
-7.749961
-7.420246
-7.033448
-6.582922
-6.063071
-5.470511
-4.805655
-4.074655
-3.291456
-2.486789
-1.718302
-1.033853
-0.447442
0.033300
0.408058
0.683802
0.873368
0.992576
1.056335
1.074543
1.051187
0.996166
0.910601
0.785868
0.608185
0.361232
0.029505
-0.398436
-0.927680
-1.556043
-2.274374
-3.053066
-3.833166
-4.574679
-5.258678
-5.874786
-6.419457
-6.894012
-7.302856
-7.652078
-7.948441
-8.198733
-8.409366
-8.586171
-8.631223
-8.781422
-8.612273
-8.410887
-8.171629
-7.888210
-7.553816
-7.161387
-6.704104
-6.176193
-5.574100
-4.898109
-4.154331
-3.356831
-2.536848
-1.753190
-1.054865
-0.456455
0.033956
0.415773
0.695926
0.887480
1.006758
1.069401
1.086169
1.061889
1.006945
0.921865
0.797097
0.618012
0.367637
0.030063
-0.406282
-0.946365
-1.587670
-2.320552
-3.114523
-3.909301
-4.664132
-5.359847
-5.986031
-6.539229
-7.020921
-7.435696
-7.789822
-8.090231
-8.343856
-8.557233
-8.736299
-8.781422
-8.931537
-8.760201
-8.556175
-8.313727
-8.026455
-7.687413
-7.289383
-6.825380
-6.289446
-5.677857
-4.990763
-4.234232
-3.422441
-2.587129
-1.788267
-1.076014
-0.465535
0.034617
0.423566
0.708192
0.901785
1.021169
1.082716
1.098052
1.072842
1.017960
0.933342
0.808507
0.627974
0.374117
0.030627
-0.414196
-0.965191
-1.619500
-2.366981
-3.176255
-3.985709
-4.753838
-5.461236
-6.097455
-6.659138
-7.147927
-7.568595
-7.927592
-8.232017
-8.488949
-8.705049
-8.886358
-8.931537
-9.081562
-8.908056
-8.701408
-8.455792
-8.164693
-7.821029
-7.417432
-6.946742
-6.402822
-5.781775
-5.083612
-4.314352
-3.488280
-2.637631
-1.823530
-1.097296
-0.474682
0.035284
0.431437
0.720600
0.916285
1.035811
1.096285
1.110196
1.084054
1.029219
0.945039
0.820100
0.638070
0.380671
0.031196
-0.422179
-0.984157
-1.651532
-2.413656
-3.238256
-4.062384
-4.843790
-5.562837
-6.209052
-6.779179
-7.275025
-7.701548
-8.065383
-8.373795
-8.634009
-8.852810
-9.036343
-9.081562
-9.231494
-9.055834
-8.846582
-8.597819
-8.302916
-7.954659
-7.545526
-7.068185
-6.516317
-5.885847
-5.176648
-4.394686
-3.554345
-2.688348
-1.858979
-1.118711
-0.483897
0.035957
0.439385
0.733150
0.930980
1.050688
1.110112
1.122609
1.095529
1.040727
0.956958
0.831878
0.648304
0.387301
0.031770
-0.430230
-1.003261
-1.683763
-2.460577
-3.300522
-4.139321
-4.933982
-5.664644
-6.320815
-6.899345
-7.402207
-7.834549
-8.203188
-8.515558
-8.779029
-9.000509
-9.186248
-9.231494
-9.381329
-9.203529
-8.991692
-8.739803
-8.441121
-8.088299
-7.673660
-7.189702
-6.629923
-5.990067
-5.269868
-4.475228
-3.620629
-2.739278
-1.894610
-1.140258
-0.493178
0.036636
0.447411
0.745844
0.945872
1.065801
1.124201
1.135296
1.107275
1.052488
0.969104
0.843844
0.658674
0.394007
0.032351
-0.438348
-1.022504
-1.716193
-2.507738
-3.363050
-4.216515
-5.024408
-5.766651
-6.432738
-7.019628
-7.529467
-7.967591
-8.341003
-8.657302
-8.924005
-9.148144
-9.336070
-9.381329
-9.531062
-9.351138
-9.136734
-8.881739
-8.579301
-8.221942
-7.801830
-7.311289
-6.743634
-6.094430
-5.363263
-4.555973
-3.687130
-2.790418
-1.930421
-1.161935
-0.502525
0.037320
0.455515
0.758681
0.960962
1.081154
1.138557
1.148261
1.119297
1.064508
0.981479
0.856000
0.669182
0.400789
0.032937
-0.446534
-1.041884
-1.748820
-2.555139
-3.425835
-4.293961
-5.115063
-5.868851
-6.544813
-7.140024
-7.656800
-8.100670
-8.478821
-8.799022
-9.068933
-9.295709
-9.485806
-9.531062
-9.680691
-9.498658
-9.281703
-9.023623
-8.717454
-8.355584
-7.930028
-7.432940
-6.857445
-6.198930
-5.456830
-4.636917
-3.753843
-2.841763
-1.966410
-1.183742
-0.511938
0.038010
0.463696
0.771663
0.976252
1.096749
1.153182
1.161510
1.131599
1.076790
0.994087
0.868347
0.679830
0.407646
0.033528
-0.454787
-1.061400
-1.781641
-2.602775
-3.488873
-4.371654
-5.205939
-5.971238
-6.657036
-7.260525
-7.784199
-8.233779
-8.616638
-8.940712
-9.213807
-9.443201
-9.635449
-9.680691
-9.830212
-9.646084
-9.426595
-9.165450
-8.855573
-8.489219
-8.058251
-7.554648
-6.971351
-6.303561
-5.550563
-4.718054
-3.820764
-2.893312
-2.002576
-1.205677
-0.521417
0.038705
0.471955
0.784788
0.991742
1.112588
1.168081
1.175047
1.144186
1.089340
1.006931
0.880887
0.690617
0.414580
0.034126
-0.463107
-1.081052
-1.814655
-2.650644
-3.552160
-4.449588
-5.297033
-6.073807
-6.769399
-7.381126
-7.911659
-8.366913
-8.754449
-9.082369
-9.358623
-9.590614
-9.784998
-9.830212
-9.979621
-9.793412
-9.571407
-9.307217
-8.993655
-8.622844
-8.186494
-7.676409
-7.085345
-6.408318
-5.644455
-4.799379
-3.887887
-2.945060
-2.038915
-1.227739
-0.530960
0.039406
0.480292
0.798058
1.007434
1.128672
1.183257
1.188876
1.157063
1.102160
1.020012
0.893622
0.701544
0.421590
0.034728
-0.471495
-1.100838
-1.847861
-2.698743
-3.615692
-4.527759
-5.388337
-6.176550
-6.881897
-7.501820
-8.039174
-8.500068
-8.892249
-9.223987
-9.503378
-9.737946
-9.934448
-9.979621
-10.128915
-9.940640
-9.716135
-9.448919
-9.131695
-8.756453
-8.314750
-7.798217
-7.199423
-6.513194
-5.738503
-4.880887
-3.955210
-2.997005
-2.075426
-1.249927
-0.540569
0.040113
0.488706
0.811472
1.023328
1.145004
1.198712
1.203000
1.170234
1.115254
1.033335
0.906553
0.712612
0.428677
0.035337
-0.479948
-1.120759
-1.881256
-2.747069
-3.679465
-4.606162
-5.479848
-6.279464
-6.994524
-7.622603
-8.166739
-8.633237
-9.030032
-9.365562
-9.648067
-9.885192
-10.083796
-10.128915
-10.278091
-10.087763
-9.860775
-9.590553
-9.269689
-8.890042
-8.443016
-7.920069
-7.313578
-6.618186
-5.832700
-4.962573
-4.022728
-3.049143
-2.112106
-1.272240
-0.550241
0.040825
0.497197
0.825032
1.039426
1.161586
1.214449
1.217424
1.183703
1.128626
1.046901
0.919681
0.723822
0.435840
0.035951
-0.488468
-1.140812
-1.914839
-2.795621
-3.743476
-4.684792
-5.571559
-6.382541
-7.107275
-7.743469
-8.294348
-8.766416
-9.167795
-9.507090
-9.792686
-10.032348
-10.233038
-10.278091
-10.427146
-10.234779
-10.005324
-9.732115
-9.407633
-9.023607
-8.571288
-8.041958
-7.427807
-6.723287
-5.927042
-5.044434
-4.090437
-3.101472
-2.148955
-1.294677
-0.559977
0.041542
0.505766
0.838736
1.055727
1.178419
1.230471
1.232150
1.197472
1.142278
1.060712
0.933009
0.735174
0.443079
0.036570
-0.497055
-1.160998
-1.948608
-2.844394
-3.807720
-4.763644
-5.663465
-6.485777
-7.220143
-7.864413
-8.421997
-8.899601
-9.305533
-9.648567
-9.937231
-10.179413
-10.382172
-10.427146
-10.576077
-10.381685
-10.149778
-9.873601
-9.545523
-9.157144
-8.699560
-8.163880
-7.542105
-6.828494
-6.021524
-5.126464
-4.158333
-3.153988
-2.185969
-1.317236
-0.569776
0.042265
0.514411
0.852586
1.072234
1.195505
1.246779
1.247182
1.211545
1.156213
1.074771
0.946537
0.746668
0.450396
0.037195
-0.505707
-1.181315
-1.982562
-2.893386
-3.872195
-4.842715
-5.755561
-6.589165
-7.333124
-7.985428
-8.549681
-9.032786
-9.443242
-9.789989
-10.081699
-10.326381
-10.531193
-10.576077
-10.724881
-10.528477
-10.294135
-10.015008
-9.683356
-9.290648
-8.827828
-8.285830
-7.656466
-6.933800
-6.116141
-5.208658
-4.226413
-3.206688
-2.223146
-1.339917
-0.579639
0.042994
0.523134
0.866582
1.088946
1.212845
1.263378
1.262522
1.225925
1.170434
1.089080
0.960266
0.758306
0.457789
0.037826
-0.514424
-1.201763
-2.016699
-2.942595
-3.936895
-4.921999
-5.847842
-6.692702
-7.446213
-8.106511
-8.677395
-9.165968
-9.580918
-9.931352
-10.226087
-10.473249
-10.680099
-10.724881
-10.873556
-10.675153
-10.438392
-10.156333
-9.821129
-9.424117
-8.956089
-8.407805
-7.770885
-7.039201
-6.210889
-5.291013
-4.294672
-3.259569
-2.260485
-1.362719
-0.589564
0.043728
0.531934
0.880722
1.105864
1.230441
1.280268
1.278173
1.240616
1.184943
1.103639
0.974197
0.770088
0.465260
0.038462
-0.523208
-1.222341
-2.051017
-2.992017
-4.001819
-5.001492
-5.940304
-6.796381
-7.559403
-8.227657
-8.805134
-9.299141
-9.718556
-10.072653
-10.370390
-10.620016
-10.828888
-10.873556
-11.022099
-10.821711
-10.582544
-10.297572
-9.958836
-9.557545
-9.084337
-8.529800
-7.885359
-7.144692
-6.305762
-5.373525
-4.363106
-3.312629
-2.297984
-1.385640
-0.599552
0.044468
0.540811
0.895009
1.122990
1.248294
1.297451
1.294137
1.255618
1.199744
1.118452
0.988332
0.782013
0.472807
0.039104
-0.532056
-1.243048
-2.085515
-3.041651
-4.066961
-5.081190
-6.032940
-6.900198
-7.672691
-8.348860
-8.932893
-9.432303
-9.856153
-10.213887
-10.514606
-10.766677
-10.977556
-11.022099
-11.170508
-10.968146
-10.726591
-10.438723
-10.096476
-9.690930
-9.212571
-8.651810
-7.999883
-7.250270
-6.400756
-5.456188
-4.431713
-3.365864
-2.335640
-1.408679
-0.609601
0.045212
0.549764
0.909442
1.140323
1.266405
1.314930
1.310417
1.270936
1.214836
1.133519
1.002671
0.794083
0.480431
0.039752
-0.540969
-1.263884
-2.120192
-3.091494
-4.132319
-5.161088
-6.125747
-7.004147
-7.786070
-8.470115
-9.060669
-9.565447
-9.993705
-10.355052
-10.658732
-10.913229
-11.126100
-11.170508
-11.318780
-11.114458
-10.870528
-10.579782
-10.234045
-9.824268
-9.340784
-8.773831
-8.114453
-7.355929
-6.495868
-5.538998
-4.500488
-3.419272
-2.373453
-1.431835
-0.619712
0.045963
0.558794
0.924020
1.157864
1.284775
1.332705
1.327016
1.286571
1.230224
1.148843
1.017216
0.806298
0.488132
0.040405
-0.549947
-1.284847
-2.155045
-3.141543
-4.197889
-5.241182
-6.218720
-7.108225
-7.899538
-8.591419
-9.188457
-9.698572
-10.131209
-10.496145
-10.802764
-11.059671
-11.274519
-11.318780
-11.466913
-11.260643
-11.014353
-10.720747
-10.371540
-9.957555
-9.468975
-8.895861
-8.229064
-7.461666
-6.591092
-5.621953
-4.569429
-3.472850
-2.411419
-1.455108
-0.629884
0.046719
0.567901
0.938744
1.175613
1.303406
1.350780
1.343934
1.302525
1.245908
1.164424
1.031967
0.818659
0.495911
0.041063
-0.558990
-1.305936
-2.190073
-3.191796
-4.263667
-5.321469
-6.311854
-7.212425
-8.013089
-8.712767
-9.316253
-9.831673
-10.268661
-10.637161
-10.946699
-11.205999
-11.422809
-11.466913
-11.614905
-11.406699
-11.158065
-10.861614
-10.508958
-10.090789
-9.597138
-9.017894
-8.343713
-7.567475
-6.686424
-5.705047
-4.638530
-3.526595
-2.449537
-1.478497
-0.640117
0.047480
0.577084
0.953615
1.193572
1.322298
1.369155
1.361174
1.318800
1.261891
1.180263
1.046925
0.831164
0.503766
0.041727
-0.568096
-1.327152
-2.225274
-3.242250
-4.329650
-5.401943
-6.405145
-7.316744
-8.126717
-8.834155
-9.444053
-9.964746
-10.406058
-10.778098
-11.090536
-11.352211
-11.570969
-11.614905
-11.762754
-11.552625
-11.301659
-11.002382
-10.646296
-10.223967
-9.725272
-9.139927
-8.458395
-7.673354
-6.781861
-5.788276
-4.707789
-3.580505
-2.487806
-1.501999
-0.650410
0.048246
0.586344
0.968632
1.211740
1.341453
1.387831
1.378738
1.335399
1.278174
1.196363
1.062090
0.843816
0.511699
0.042397
-0.577267
-1.348493
-2.260647
-3.292903
-4.395835
-5.482601
-6.498588
-7.421178
-8.240420
-8.955578
-9.571854
-10.097788
-10.543396
-10.918954
-11.234271
-11.498304
-11.718996
-11.762754
-11.910458
-11.698417
-11.445135
-11.143048
-10.783552
-10.357084
-9.853373
-9.261957
-8.573107
-7.779297
-6.877398
-5.871638
-4.777203
-3.634576
-2.526222
-1.525614
-0.660763
0.049018
0.595679
0.983794
1.230118
1.360871
1.406811
1.396627
1.352322
1.294758
1.212725
1.077464
0.856614
0.519709
0.043072
-0.586501
-1.369958
-2.296191
-3.343752
-4.462219
-5.563439
-6.592180
-7.525721
-8.354193
-9.077032
-9.699650
-10.230795
-10.680672
-11.059724
-11.377901
-11.644276
-11.866888
-11.910458
-12.058015
-11.844075
-11.588489
-11.283608
-10.920722
-10.490139
-9.981436
-9.383980
-8.687844
-7.885302
-6.973031
-5.955128
-4.846768
-3.688805
-2.564786
-1.549342
-0.671176
0.049795
0.605091
0.999103
1.248707
1.380554
1.426095
1.414843
1.369572
1.311645
1.229348
1.093048
0.869558
0.527797
0.043752
-0.595799
-1.391547
-2.331903
-3.394795
-4.528798
-5.644453
-6.685915
-7.630369
-8.468031
-9.198514
-9.827439
-10.363764
-10.817884
-11.200407
-11.521424
-11.790124
-12.014643
-12.058015
-12.205424
-11.989595
-11.731720
-11.424062
-11.057804
-10.623128
-10.109460
-9.505992
-8.802604
-7.991363
-7.068756
-6.038742
-4.916481
-3.743192
-2.603493
-1.573181
-0.681648
0.050577
0.614578
1.014558
1.267506
1.400501
1.445685
1.433388
1.387150
1.328837
1.246236
1.108841
0.882649
0.535961
0.044438
-0.605160
-1.413258
-2.367783
-3.446029
-4.595569
-5.725639
-6.779790
-7.735118
-8.581931
-9.320020
-9.955218
-10.496691
-10.955028
-11.341000
-11.664838
-11.935848
-12.162259
-12.205424
-12.352683
-12.134976
-11.874826
-11.564407
-11.194796
-10.756048
-10.237441
-9.627991
-8.917383
-8.097478
-7.164570
-6.122477
-4.986338
-3.797732
-2.642344
-1.597130
-0.692179
0.051365
0.624142
1.030160
1.286516
1.420715
1.465582
1.452262
1.405057
1.346335
1.263387
1.124845
0.895887
0.544203
0.045130
-0.614584
-1.435092
-2.403828
-3.497452
-4.662528
-5.806993
-6.873800
-7.839965
-8.695888
-9.441545
-10.082982
-10.629575
-11.092101
-11.481500
-11.808141
-12.081444
-12.309734
-12.352683
-12.499789
-12.280217
-12.017805
-11.704640
-11.331695
-10.888898
-10.365377
-9.749973
-9.032177
-8.203644
-7.260470
-6.206329
-5.056336
-3.852423
-2.681336
-1.621188
-0.702769
0.052158
0.633781
1.045907
1.305738
1.441194
1.485787
1.471467
1.423294
1.364139
1.280805
1.141060
0.909273
0.552522
0.045827
-0.624071
-1.457048
-2.440038
-3.549063
-4.729674
-5.888512
-6.967942
-7.944905
-8.809899
-9.563087
-10.210728
-10.762410
-11.229102
-11.621905
-11.951329
-12.226910
-12.457067
-12.499789
-12.646742
-12.425316
-12.160654
-11.844759
-11.468498
-11.021674
-10.493263
-9.871935
-9.146983
-8.309855
-7.356450
-6.290295
-5.126473
-3.907263
-2.720467
-1.645355
-0.713416
0.052956
0.643495
1.061801
1.325171
1.461942
1.506300
1.491005
1.441864
1.382252
1.298488
1.157487
0.922805
0.560918
0.046529
-0.633620
-1.479123
-2.476411
-3.600857
-4.797001
-5.970192
-7.062212
-8.049933
-8.923959
-9.684641
-10.338454
-10.895196
-11.366026
-11.762213
-12.094402
-12.372245
-12.604255
-12.646742
-12.793540
-12.570270
-12.303373
-11.984763
-11.605205
-11.154374
-10.621099
-9.993873
-9.261797
-8.416109
-7.452509
-6.374371
-5.196746
-3.962249
-2.759736
-1.669628
-0.724122
0.053759
0.653285
1.077841
1.344816
1.482957
1.527124
1.510876
1.460767
1.400674
1.316439
1.174125
0.936486
0.569392
0.047237
-0.643232
-1.501319
-2.512944
-3.652834
-4.864509
-6.052030
-7.156606
-8.155047
-9.038066
-9.806204
-10.466155
-11.027928
-11.502872
-11.902420
-12.237356
-12.517447
-12.751296
-12.793540
-12.940182
-12.715079
-12.445958
-12.124649
-11.741812
-11.286996
-10.748880
-10.115786
-9.376617
-8.522403
-7.548641
-6.458554
-5.267150
-4.017379
-2.799140
-1.694008
-0.734885
0.054568
0.663149
1.094027
1.364673
1.504241
1.548259
1.531082
1.480005
1.419406
1.334658
1.190976
0.950314
0.577942
0.047950
-0.652905
-1.523634
-2.549638
-3.704991
-4.932192
-6.134021
-7.251119
-8.260242
-9.152215
-9.927773
-10.593829
-11.160604
-11.639637
-12.042526
-12.380191
-12.662513
-12.898191
-12.940182
-13.086666
-12.859741
-12.588410
-12.264416
-11.878317
-11.419537
-10.876605
-10.237671
-9.491440
-8.628733
-7.644845
-6.542840
-5.337683
-4.072650
-2.838679
-1.718493
-0.745705
0.055381
0.673089
1.110359
1.384743
1.525793
1.569705
1.551624
1.499578
1.438449
1.353145
1.208041
0.964290
0.586570
0.048669
-0.662641
-1.546067
-2.586490
-3.757325
-5.000049
-6.216163
-7.345749
-8.365515
-9.266403
-10.049345
-10.721473
-11.293221
-11.776319
-12.182527
-12.522904
-12.807443
-13.044936
-13.086666
-13.232991
-13.004254
-12.730725
-12.404062
-12.014718
-11.551994
-11.004271
-10.359523
-9.606261
-8.735096
-7.741117
-6.627228
-5.408343
-4.128060
-2.878350
-1.743082
-0.756581
0.056200
0.683104
1.126837
1.405026
1.547616
1.591464
1.572502
1.519487
1.457805
1.371903
1.225319
0.978414
0.595275
0.049393
-0.672437
-1.568617
-2.623499
-3.809834
-5.068077
-6.298452
-7.440492
-8.470862
-9.380626
-10.170916
-10.849084
-11.425777
-11.912915
-12.322422
-12.665493
-12.952235
-13.191530
-13.232991
-13.379156
-13.148618
-12.872903
-12.543586
-12.151015
-11.684367
-11.131876
-10.481342
-9.721080
-8.841489
-7.837453
-6.711712
-5.479125
-4.183606
-2.918152
-1.767774
-0.767514
0.057024
0.693194
1.143462
1.425521
1.569709
1.613536
1.593718
1.539734
1.477473
1.390930
1.242811
0.992686
0.604057
0.050123
-0.682295
-1.591285
-2.660664
-3.862517
-5.136271
-6.380884
-7.535344
-8.576279
-9.494881
-10.292483
-10.976660
-11.558270
-12.049424
-12.462209
-12.807957
-13.096886
-13.337973
-13.379156
-13.525160
-13.292830
-13.014942
-12.682984
-12.287203
-11.816653
-11.259417
-10.603123
-9.835892
-8.947909
-7.933850
-6.796290
-5.550028
-4.239286
-2.958083
-1.792569
-0.778503
0.057853
0.703358
1.160231
1.446230
1.592072
1.635923
1.615272
1.560319
1.497455
1.410228
1.260517
1.007107
0.612916
0.050858
-0.692215
-1.614068
-2.697982
-3.915370
-5.204631
-6.463456
-7.630301
-8.681764
-9.609166
-10.414044
-11.104196
-11.690696
-12.185842
-12.601885
-12.950293
-13.241397
-13.484262
-13.525160
-13.671001
-13.436890
-13.156840
-12.822257
-12.423283
-11.948849
-11.386891
-10.724866
-9.950694
-9.054352
-8.030305
-6.880959
-5.621049
-4.295098
-2.998141
-1.817465
-0.789548
0.058687
0.713596
1.177147
1.467151
1.614707
1.658625
1.637166
1.581243
1.517752
1.429798
1.278438
1.021676
0.621852
0.051598
-0.702194
-1.636967
-2.735453
-3.968392
-5.273152
-6.546166
-7.725361
-8.787312
-9.723475
-10.535594
-11.231692
-11.823053
-12.322168
-12.741450
-13.092501
-13.385764
-13.630397
-13.671001
-13.816679
-13.580797
-13.298597
-12.961402
-12.559252
-12.080953
-11.514298
-10.846566
-10.065485
-9.160816
-8.126816
-6.965716
-5.692184
-4.351040
-3.038326
-1.842462
-0.800648
0.059526
0.723909
1.194208
1.488286
1.637613
1.681642
1.659400
1.602507
1.538364
1.449639
1.296573
1.036393
0.630865
0.052344
-0.712235
-1.659980
-2.773075
-4.021580
-5.341832
-6.629009
-7.820519
-8.892920
-9.837808
-10.657132
-11.359143
-11.955339
-12.458401
-12.880901
-13.234579
-13.529988
-13.776376
-13.816679
-13.962192
-13.724549
-13.440211
-13.100417
-12.695108
-12.212965
-11.641633
-10.968222
-10.180261
-9.267299
-8.223379
-7.050559
-5.763432
-4.407108
-3.078634
-1.867558
-0.811802
0.060371
0.734295
1.211415
1.509634
1.660791
1.704975
1.681974
1.624112
1.559292
1.469753
1.314925
1.051260
0.639955
0.053095
-0.722335
-1.683107
-2.810847
-4.074933
-5.410668
-6.711982
-7.915772
-8.998586
-9.952159
-10.778655
-11.486549
-12.087553
-12.594537
-13.020236
-13.376525
-13.674066
-13.922198
-13.962192
-14.107539
-13.868145
-13.581681
-13.239303
-12.830850
-12.344882
-11.768897
-11.089832
-10.295020
-9.373797
-8.319990
-7.135483
-5.834789
-4.463302
-3.119064
-1.892752
-0.823011
0.061220
0.744756
1.228768
1.531195
1.684241
1.728625
1.704891
1.646058
1.580537
1.490141
1.333491
1.066274
0.649121
0.053851
-0.732496
-1.706347
-2.848767
-4.128447
-5.479658
-6.795083
-8.011118
-9.104305
-10.066527
-10.900160
-11.613905
-12.219691
-12.730575
-13.159454
-13.518337
-13.817997
-14.067862
-14.107539
-14.252720
-14.011584
-13.723005
-13.378056
-12.966476
-12.476702
-11.896086
-11.211393
-10.409760
-9.480307
-8.416649
-7.220486
-5.906252
-4.519618
-3.159616
-1.918044
-0.834275
0.062074
0.755290
1.246265
1.552971
1.707964
1.752593
1.728149
1.668346
1.602099
1.510801
1.352274
1.081438
0.658365
0.054613
-0.742716
-1.729699
-2.886833
-4.182122
-5.548798
-6.878308
-8.106553
-9.210075
-10.180908
-11.021644
-11.741211
-12.351752
-12.866514
-13.298554
-13.660015
-13.961780
-14.213367
-14.252720
-14.397734
-14.154865
-13.864183
-13.516677
-13.101985
-12.608423
-12.023198
-11.332903
-10.524477
-9.586827
-8.513350
-7.305566
-5.977819
-4.576054
-3.200286
-1.943432
-0.845592
0.062933
0.765898
1.263908
1.574959
1.731960
1.776878
1.751751
1.690978
1.623979
1.531736
1.371273
1.096750
0.667685
0.055380
-0.752995
-1.753162
-2.925045
-4.235955
-5.618085
-6.961654
-8.202073
-9.315893
-10.295300
-11.143104
-11.868463
-12.483733
-13.002351
-13.437534
-13.801557
-14.105414
-14.358711
-14.397734
-14.542580
-14.297988
-14.005213
-13.655163
-13.237375
-12.740045
-12.150232
-11.454359
-10.639170
-9.693354
-8.610093
-7.390719
-6.049488
-4.632609
-3.241075
-1.968917
-0.856962
0.063797
0.776579
1.281696
1.597162
1.756230
1.801482
1.775696
1.713952
1.646178
1.552946
1.390488
1.112211
0.677082
0.056152
-0.763334
-1.776737
-2.963401
-4.289943
-5.687518
-7.045118
-8.297676
-9.421755
-10.409700
-11.264538
-11.995659
-12.615633
-13.138084
-13.576391
-13.942962
-14.248898
-14.503895
-14.542580
-14.687257
-14.440951
-14.146094
-13.793513
-13.372645
-12.871565
-12.277186
-11.575761
-10.753836
-9.799886
-8.706873
-7.475944
-6.121256
-4.689279
-3.281979
-1.994495
-0.868386
0.064666
0.787333
1.299628
1.619578
1.780772
1.826404
1.799985
1.737271
1.668696
1.574430
1.409920
1.127821
0.686555
0.056930
-0.773732
-1.800421
-3.001900
-4.344084
-5.757094
-7.128697
-8.393359
-9.527659
-10.524105
-11.385945
-12.122798
-12.747449
-13.273713
-13.715126
-14.084228
-14.392231
-14.648917
-14.687257
-14.831765
-14.583753
-14.286826
-13.931727
-13.507794
-13.002981
-12.404058
-11.697105
-10.868473
-9.906420
-8.803690
-7.561236
-6.193120
-4.746064
-3.322998
-2.020168
-0.879862
0.065540
0.798160
1.317705
1.642207
1.805589
1.851646
1.824619
1.760934
1.691533
1.596189
1.429568
1.143579
0.696105
0.057712
-0.784188
-1.824214
-3.040540
-4.398378
-5.826809
-7.212389
-8.489118
-9.633602
-10.638512
-11.507320
-12.249876
-12.879181
-13.409235
-13.853736
-14.225355
-14.535411
-14.793776
-14.831765
-14.976102
-14.726394
-14.427407
-14.069803
-13.642820
-13.134293
-12.530846
-11.818390
-10.983079
-10.012954
-8.900539
-7.646595
-6.265078
-4.802961
-3.364130
-2.045933
-0.891390
0.066419
0.809059
1.335927
1.665051
1.830679
1.877207
1.849599
1.784943
1.714690
1.618224
1.449433
1.159487
0.705731
0.058501
-0.794703
-1.848116
-3.079319
-4.452820
-5.896662
-7.296189
-8.584951
-9.739581
-10.752919
-11.628662
-12.376893
-13.010826
-13.544650
-13.992220
-14.366341
-14.678438
-14.938471
-14.976102
-15.120268
-14.868874
-14.567837
-14.207740
-13.777722
-13.265498
-12.657549
-11.939614
-11.097651
-10.119486
-8.997418
-7.732016
-6.337127
-4.859967
-3.405373
-2.071791
-0.902970
0.067303
0.820032
1.354293
1.688108
1.856044
1.903089
1.874923
1.809297
1.738168
1.640535
1.469516
1.175543
0.715433
0.059294
-0.805276
-1.872125
-3.118237
-4.507410
-5.966649
-7.380097
-8.680855
-9.845592
-10.867323
-11.749969
-12.503845
-13.142382
-13.679955
-14.130577
-14.507185
-14.821311
-15.083002
-15.120268
-15.264263
-15.011190
-14.708114
-14.345537
-13.912499
-13.396596
-12.784165
-12.060775
-11.212188
-10.226012
-9.094325
-7.817497
-6.409266
-4.917081
-3.446726
-2.097739
-0.914602
0.068191
0.831076
1.372803
1.711378
1.881683
1.929291
1.900594
1.833997
1.761966
1.663122
1.489815
1.191748
0.725211
0.060093
-0.815906
-1.896241
-3.157291
-4.562146
-6.036768
-7.464108
-8.776827
-9.951635
-10.981722
-11.871238
-12.630732
-13.273847
-13.815148
-14.268806
-14.647886
-14.964029
-15.227368
-15.264263
-15.408085
-15.153342
-14.848238
-14.483193
-14.047150
-13.527585
-12.910692
-12.181871
-11.326687
-10.332531
-9.191257
-7.903037
-6.481490
-4.974300
-3.488187
-2.123777
-0.926285
0.069084
0.842193
1.391458
1.734862
1.907596
1.955814
1.926612
1.859043
1.786086
1.685986
1.510332
1.208101
0.735066
0.060896
-0.826594
-1.920464
-3.196481
-4.617024
-6.107017
-7.548219
-8.872863
-10.057705
-11.096113
-11.992467
-12.757551
-13.405221
-13.950230
-14.406905
-14.788444
-15.106592
-15.371568
-15.408085
-15.551735
-15.295331
-14.988208
-14.620707
-14.181674
-13.658464
-13.037129
-12.302900
-11.441146
-10.439041
-9.288213
-7.988632
-6.553800
-5.031623
-3.529755
-2.149905
-0.938019
0.069982
0.853381
1.410255
1.758559
1.933784
1.982657
1.952976
1.884437
1.810528
1.709126
1.531066
1.224603
0.744996
0.061705
-0.837340
-1.944791
-3.235805
-4.672044
-6.177393
-7.632429
-8.968962
-10.163800
-11.210494
-12.113655
-12.884299
-13.536501
-14.085198
-14.544874
-14.928856
-15.248997
-15.515601
-15.551735
-15.695211
-15.437155
-15.128023
-14.758078
-14.316068
-13.789231
-13.163475
-12.423861
-11.555564
-10.545540
-9.385189
-8.074280
-6.626191
-5.089047
-3.571428
-2.176120
-0.949803
0.070885
0.864641
1.429196
1.782470
1.960247
2.009822
1.979688
1.910178
1.835291
1.732543
1.552018
1.241254
0.755002
0.062520
-0.848142
-1.969223
-3.275262
-4.727203
-6.247894
-7.716734
-9.065121
-10.269918
-11.324863
-12.234798
-13.010977
-13.667686
-14.220050
-14.682711
-15.069123
-15.391245
-15.659467
-15.695211
-15.838514
-15.578813
-15.267683
-14.895306
-14.450334
-13.919885
-13.289727
-12.544752
-11.669939
-10.652024
-9.482184
-8.159979
-6.698661
-5.146571
-3.613204
-2.202423
-0.961637
0.071793
0.875972
1.448281
1.806594
1.986984
2.037309
2.006748
1.936267
1.860377
1.756238
1.573187
1.258053
0.765084
0.063339
-0.859001
-1.993759
-3.314850
-4.782500
-6.318517
-7.801132
-9.161336
-10.376056
-11.439217
-12.355896
-13.137581
-13.798775
-14.354787
-14.820414
-15.209243
-15.533334
-15.803165
-15.838514
-15.981642
-15.720305
-15.407186
-15.032389
-14.584468
-14.050426
-13.415885
-12.665572
-11.784268
-10.758493
-9.579194
-8.245727
-6.771209
-5.204192
-3.655083
-2.228812
-0.973521
0.072705
0.887375
1.467508
1.830931
2.013997
2.065117
2.034155
1.962703
1.885785
1.780210
1.594574
1.275000
0.775241
0.064163
-0.869916
-2.018398
-3.354568
-4.837931
-6.389259
-7.885620
-9.257606
-10.482212
-11.553554
-12.476945
-13.264110
-13.929765
-14.489405
-14.957985
-15.349215
-15.675265
-15.946695
-15.981642
-16.124596
-15.861630
-15.546533
-15.169327
-14.718472
-14.180851
-13.541948
-12.786318
-11.898550
-10.864944
-9.676219
-8.331520
-6.843832
-5.261909
-3.697063
-2.255286
-0.985454
0.073622
0.898849
1.486878
1.855481
2.041284
2.093248
2.061911
1.989489
1.911517
1.804459
1.616178
1.292096
0.785474
0.064993
-0.880887
-2.043138
-3.394414
-4.893496
-6.460119
-7.970196
-9.353928
-10.588383
-11.667871
-12.597945
-13.390563
-14.060656
-14.623906
-15.095420
-15.489039
-15.817036
-16.090056
-16.124596
-16.267374
-16.002789
-15.685722
-15.306119
-14.852343
-14.311160
-13.667913
-12.906990
-12.012783
-10.971375
-9.773255
-8.417357
-6.916528
-5.319719
-3.739141
-2.281845
-0.997436
0.074544
0.910393
1.506391
1.880244
2.068845
2.121700
2.090016
2.016623
1.937571
1.828987
1.638000
1.309340
0.795782
0.065828
-0.891914
-2.067981
-3.434388
-4.949192
-6.531093
-8.054856
-9.450298
-10.694566
-11.782168
-12.718893
-13.516937
-14.191447
-14.758286
-15.232719
-15.628714
-15.958647
-16.233247
-16.267374
-16.409977
-16.143779
-15.824752
-15.442764
-14.986080
-14.441352
-13.793780
-13.027585
-12.126966
-11.077784
-9.870300
-8.503236
-6.989295
-5.377621
-3.781318
-2.308487
-1.009466
0.075470
0.922008
1.526045
1.905219
2.096682
2.150475
2.118469
2.044105
1.963949
1.853792
1.660040
1.326732
0.806164
0.066668
-0.902997
-2.092923
-3.474487
-5.005018
-6.602181
-8.139599
-9.546716
-10.800760
-11.896441
-12.839787
-13.643231
-14.322135
-14.892545
-15.369882
-15.768239
-16.100097
-16.376268
-16.409977
-16.552404
-16.284602
-15.963625
-15.579261
-15.119683
-14.571425
-13.919547
-13.148103
-12.241096
-11.184170
-9.967353
-8.589154
-7.062130
-5.435613
-3.823590
-2.335212
-1.021545
0.076401
0.933692
1.545842
1.930406
2.124794
2.179573
2.147271
2.071938
1.990651
1.878875
1.682297
1.344272
0.816622
0.067513
-0.914135
-2.117965
-3.514710
-5.060971
-6.673378
-8.224421
-9.643177
-10.906963
-12.010688
-12.960625
-13.769445
-14.452719
-15.026682
-15.506906
-15.907613
-16.241385
-16.519119
-16.552404
-16.694655
-16.425256
-16.102337
-15.715611
-15.253152
-14.701379
-14.045213
-13.268542
-12.355172
-11.290530
-10.064412
-8.675109
-7.135032
-5.493692
-3.865958
-2.362018
-1.033671
0.077336
0.945447
1.565780
1.955806
2.153180
2.208992
2.176423
2.100119
2.017676
1.904236
1.704772
1.361959
0.827155
0.068362
-0.925327
-2.143107
-3.555056
-5.117049
-6.744683
-8.309321
-9.739681
-11.013171
-12.124908
-13.081407
-13.895575
-14.583199
-15.160697
-15.643793
-16.046836
-16.382512
-16.661799
-16.694655
-16.836729
-16.565741
-16.240890
-15.851811
-15.386484
-14.831213
-14.170778
-13.388900
-12.469193
-11.396862
-10.161474
-8.761099
-7.207998
-5.551858
-3.908418
-2.388906
-1.045845
0.078276
0.957272
1.585859
1.981418
2.181840
2.238735
2.205924
2.128650
2.045025
1.929875
1.727464
1.379794
0.837762
0.069217
-0.936574
-2.168346
-3.595524
-5.173250
-6.816093
-8.394296
-9.836223
-11.119382
-12.239099
-13.202130
-14.021621
-14.713573
-15.294587
-15.780540
-16.185907
-16.523476
-16.804307
-16.836729
-16.978627
-16.706057
-16.379283
-15.987862
-15.519680
-14.960925
-14.296239
-13.509176
-12.583156
-11.503165
-10.258537
-8.847122
-7.281026
-5.610107
-3.950971
-2.415873
-1.058065
0.079221
0.969166
1.606079
2.007241
2.210776
2.268800
2.235775
2.157532
2.072699
1.955792
1.750373
1.397777
0.848444
0.070077
-0.947875
-2.193682
-3.636111
-5.229573
-6.887607
-8.479343
-9.932803
-11.225596
-12.353258
-13.322792
-14.147581
-14.843840
-15.428351
-15.917147
-16.324825
-16.664276
-16.946644
-16.978627
-17.120347
-16.846203
-16.517515
-16.123762
-15.652738
-15.090515
-14.421596
-13.629369
-12.697061
-11.609438
-10.355600
-8.933176
-7.354114
-5.668439
-3.993613
-2.442918
-1.070332
0.080170
0.981129
1.626439
2.033276
2.239986
2.299187
2.265975
2.186763
2.100696
1.981987
1.773500
1.415907
0.859200
0.070943
-0.959230
-2.219115
-3.676818
-5.286016
-6.959222
-8.564460
-10.029417
-11.331808
-12.467384
-13.443392
-14.273454
-14.973999
-15.561990
-16.053613
-16.463590
-16.804913
-17.088808
-17.120347
-17.261890
-16.986179
-16.655585
-16.259512
-15.785658
-15.219982
-14.546848
-13.749478
-12.810905
-11.715677
-10.452660
-9.019259
-7.427261
-5.726851
-4.036345
-2.470042
-1.082645
0.081123
0.993160
1.646940
2.059522
2.269470
2.329898
2.296526
2.216344
2.129018
2.008461
1.796844
1.434184
0.870030
0.071812
-0.970639
-2.244644
-3.717642
-5.342576
-7.030935
-8.649645
-10.126064
-11.438018
-12.581474
-13.563928
-14.399239
-15.104048
-15.695502
-16.189937
-16.602201
-16.945386
-17.230800
-17.261890
-17.403255
-17.125985
-16.793494
-16.395111
-15.918439
-15.349325
-14.671993
-13.869501
-12.924688
-11.821882
-10.549715
-9.105369
-7.500463
-5.785342
-4.079164
-2.497243
-1.095004
0.082081
1.005261
1.667581
2.085979
2.299228
2.360931
2.327426
2.246276
2.157665
2.035212
1.820405
1.452607
0.880934
0.072687
-0.982101
-2.270267
-3.758581
-5.399253
-7.102745
-8.734896
-10.222740
-11.544223
-12.695528
-13.684399
-14.524934
-15.233987
-15.828886
-16.326119
-16.740658
-17.085694
-17.372619
-17.403255
-17.544442
-17.265620
-16.931241
-16.530558
-16.051081
-15.478543
-14.797031
-13.989437
-13.038407
-11.928051
-10.646765
-9.191504
-7.573720
-5.843910
-4.122069
-2.524519
-1.107408
0.083044
1.017430
1.688361
2.112646
2.329260
2.392287
2.358676
2.276558
2.186636
2.062242
1.844183
1.471178
0.891911
0.073567
-0.993615
-2.295984
-3.799635
-5.456043
-7.174649
-8.820209
-10.319445
-11.650421
-12.809543
-13.804802
-14.650537
-15.363814
-15.962142
-16.462158
-16.878959
-17.225838
-17.514264
-17.544442
-17.685451
-17.405083
-17.068825
-16.665852
-16.183583
-15.607635
-14.921960
-14.109285
-13.152062
-12.034183
-10.743806
-9.277661
-7.647029
-5.902552
-4.165059
-2.551871
-1.119857
0.084010
1.029666
1.709281
2.139524
2.359566
2.423965
2.390276
2.307190
2.215931
2.089550
1.868177
1.489894
0.902962
0.074452
-1.005183
-2.321795
-3.840802
-5.512945
-7.246646
-8.905584
-10.416175
-11.756611
-12.923518
-13.925138
-14.776049
-15.493528
-16.095267
-16.598053
-17.017105
-17.365816
-17.655737
-17.685451
-17.826281
-17.544376
-17.206246
-16.800994
-16.315944
-15.736601
-15.046780
-14.229043
-13.265651
-12.140275
-10.840838
-9.363840
-7.720389
-5.961268
-4.208132
-2.579297
-1.132350
0.084982
1.041971
1.730339
2.166611
2.390146
2.455966
2.422227
2.338173
2.245551
2.117136
1.892388
1.508757
0.914087
0.075342
-1.016802
-2.347697
-3.882081
-5.569957
-7.318732
-8.991017
-10.512929
-11.862789
-13.037450
-14.045404
-14.901467
-15.623129
-16.228263
-16.733804
-17.155095
-17.505628
-17.797035
-17.826281
-17.966933
-17.683497
-17.343504
-16.935982
-16.448163
-15.865440
-15.171489
-14.348711
-13.379173
-12.246326
-10.937858
-9.450037
-7.793797
-6.020055
-4.251287
-2.606797
-1.144888
0.085957
1.054343
1.751535
2.193908
2.420998
2.488289
2.454527
2.369507
2.275495
2.145000
1.916816
1.527766
0.925284
0.076236
-1.028474
-2.373692
-3.923470
-5.627077
-7.390906
-9.076506
-10.609705
-11.968955
-13.151338
-14.165598
-15.026790
-15.752616
-16.361127
-16.869410
-17.292928
-17.645274
-17.938159
-17.966933
-18.107406
-17.822445
-17.480598
-17.070816
-16.580241
-15.994151
-15.296088
-14.468288
-13.492626
-12.352335
-11.034864
-9.536252
-7.867251
-6.078912
-4.294522
-2.634369
-1.157469
0.086937
1.066781
1.772870
2.221415
2.452124
2.520935
2.487178
2.401191
2.305764
2.173142
1.941460
1.546920
0.936554
0.077136
-1.040197
-2.399776
-3.964968
-5.684304
-7.463165
-9.162049
-10.706500
-12.075107
-13.265181
-14.285720
-15.152017
-15.881987
-16.493859
-17.004870
-17.430604
-17.784754
-18.079109
-18.107406
-18.247701
-17.961222
-17.617529
-17.205497
-16.712176
-16.122733
-15.420574
-14.587772
-13.606009
-12.458299
-11.131856
-9.622482
-7.940750
-6.137837
-4.337836
-2.662012
-1.170093
0.087921
1.079287
1.794341
2.249130
2.483523
2.553903
2.520178
2.433226
2.336358
2.201561
1.966320
1.566220
0.947897
0.078040
-1.051971
-2.425951
-4.006574
-5.741635
-7.535508
-9.247645
-10.803312
-12.181242
-13.378977
-14.405768
-15.277148
-16.011241
-16.626459
-17.140183
-17.568123
-17.924067
-18.219885
-18.247701
-18.387816
-18.099827
-17.754295
-17.340022
-16.843967
-16.251186
-15.544947
-14.707162
-13.719321
-12.564219
-11.228831
-9.708726
-8.014291
-6.196828
-4.381228
-2.689725
-1.182761
0.088909
1.091859
1.815950
2.277053
2.515194
2.587192
2.553529
2.465612
2.367276
2.230258
1.991395
1.585665
0.959313
0.078949
-1.063796
-2.452214
-4.048285
-5.799070
-7.607932
-9.333290
-10.900139
-12.287358
-13.492724
-14.525740
-15.402180
-16.140379
-16.758925
-17.275350
-17.705484
-18.063213
-18.360485
-18.387816
-18.527752
-18.238259
-17.890896
-17.474393
-16.975616
-16.379509
-15.669207
-14.826457
-13.832560
-12.670092
-11.325788
-9.794982
-8.087874
-6.255884
-4.424696
-2.717509
-1.195471
0.089902
1.104497
1.837696
2.305184
2.547137
2.620804
2.587229
2.498348
2.398518
2.259233
2.016686
1.605255
0.970800
0.079863
-1.075671
-2.478565
-4.090102
-5.856604
-7.680436
-9.418983
-10.996980
-12.393455
-13.606421
-14.645636
-15.527113
-16.269398
-16.891257
-17.410370
-17.842687
-18.202191
-18.500911
-18.527752
-18.667509
-18.376518
-18.027333
-17.608608
-17.107120
-16.507701
-15.793352
-14.945657
-13.945726
-12.775916
-11.422724
-9.881248
-8.161496
-6.315002
-4.468239
-2.745361
-1.208222
0.090898
1.117202
1.859577
2.333523
2.579353
2.654737
2.621279
2.531434
2.430085
2.288484
2.042192
1.624989
0.982360
0.080782
-1.087597
-2.505004
-4.132021
-5.914238
-7.753017
-9.504721
-11.093831
-12.499529
-13.720066
-14.765454
-15.651946
-16.398298
-17.023454
-17.545242
-17.979730
-18.341001
-18.641161
-18.667509
-18.807086
-18.514604
-18.163604
-17.742667
-17.238479
-16.635762
-15.917381
-15.064760
-14.058817
-12.881691
-11.519639
-9.967522
-8.235155
-6.374182
-4.511855
-2.773280
-1.221016
0.091899
1.129971
1.881595
2.362069
2.611839
2.688991
2.655679
2.564871
2.461975
2.318013
2.067913
1.644867
0.993991
0.081705
-1.099572
-2.531528
-4.174043
-5.971969
-7.825672
-9.590503
-11.190693
-12.605581
-13.833657
-14.885192
-15.776677
-16.527078
-17.155516
-17.679965
-18.116615
-18.479644
-18.781236
-18.807086
-18.946484
-18.652517
-18.299710
-17.876570
-17.369693
-16.763691
-16.041294
-15.183766
-14.171832
-12.987415
-11.616531
-10.053802
-8.308850
-6.433421
-4.555543
-2.801267
-1.233851
0.092904
1.142806
1.903748
2.390821
2.644597
2.723566
2.690428
2.598658
2.494190
2.347818
2.093849
1.664889
1.005693
0.082633
-1.111597
-2.558138
-4.216165
-6.029796
-7.898401
-9.676327
-11.287561
-12.711606
-13.947194
-15.004850
-15.901306
-16.655737
-17.287442
-17.814540
-18.253340
-18.618118
-18.921135
-18.946484
-19.085703
-18.790257
-18.435651
-18.010316
-17.500762
-16.891487
-16.165090
-15.302672
-14.284771
-13.093086
-11.713399
-10.140088
-8.382578
-6.492719
-4.599302
-2.829319
-1.246726
0.093913
1.155705
1.926035
2.419779
2.677625
2.758463
2.725526
2.632795
2.526728
2.377900
2.119999
1.685055
1.017467
0.083566
-1.123670
-2.584833
-4.258387
-6.087716
-7.971202
-9.762190
-11.384435
-12.817605
-14.060675
-15.124427
-16.025832
-16.784275
-17.419231
-17.948965
-18.389906
-18.756424
-19.060859
-19.085703
-19.224741
-18.927824
-18.571425
-18.143906
-17.631684
-17.019151
-16.288768
-15.421479
-14.397630
-13.198704
-11.810240
-10.226377
-8.456339
-6.552072
-4.643130
-2.857436
-1.259642
0.094927
1.168669
1.948456
2.448943
2.710924
2.793679
2.760974
2.667282
2.559590
2.408258
2.146363
1.705364
1.029312
0.084503
-1.135793
-2.611611
-4.300706
-6.145728
-8.044071
-9.848090
-11.481313
-12.923576
-14.174098
-15.243921
-16.150254
-16.912691
-17.550883
-18.083241
-18.526311
-18.894561
-19.200406
-19.224741
-19.363600
-19.065217
-18.707033
-18.277339
-17.762460
-17.146680
-16.412328
-15.540186
-14.510411
-13.304267
-11.907054
-10.312667
-8.530130
-6.611481
-4.687027
-2.885617
-1.272597
0.095944
1.181697
1.971012
2.478312
2.744492
2.829216
2.796770
2.702119
2.592776
2.438892
2.172941
1.725816
1.041227
0.085445
-1.147964
-2.638472
-4.343121
-6.203830
-8.117007
-9.934026
-11.578193
-13.029516
-14.287462
-15.363331
-16.274570
-17.040984
-17.682397
-18.217366
-18.662556
-19.032528
-19.339778
-19.363600
-19.502279
-19.202436
-18.842475
-18.410614
-17.893089
-17.274075
-16.535769
-15.658792
-14.623111
-13.409774
-12.003838
-10.398958
-8.603951
-6.670942
-4.730990
-2.913862
-1.285593
0.096965
1.194789
1.993700
2.507886
2.778330
2.865073
2.832916
2.737306
2.626285
2.469802
2.199732
1.746410
1.053213
0.086392
-1.160182
-2.665415
-4.385631
-6.262020
-8.190009
-10.019996
-11.675072
-13.135424
-14.400766
-15.482655
-16.398781
-17.169153
-17.813772
-18.351341
-18.798640
-19.170327
-19.478973
-19.502279
-19.640779
-19.339481
-18.977751
-18.543731
-18.023571
-17.401336
-16.659090
-15.777295
-14.735730
-13.515223
-12.100592
-10.485246
-8.677798
-6.730455
-4.775018
-2.942168
-1.298627
0.097990
1.207944
2.016522
2.537664
2.812437
2.901249
2.869409
2.772842
2.660116
2.500988
2.226736
1.767146
1.065269
0.087343
-1.172448
-2.692439
-4.428235
-6.320297
-8.263073
-10.105997
-11.771950
-13.241299
-14.514008
-15.601894
-16.522884
-17.297197
-17.945009
-18.485164
-18.934563
-19.307956
-19.617992
-19.640779
-19.779098
-19.476353
-19.112860
-18.676690
-18.153905
-17.528461
-16.782290
-15.895695
-14.848267
-13.620613
-12.197314
-10.571532
-8.751670
-6.790017
-4.819110
-2.970536
-1.311700
0.099019
1.221162
2.039475
2.567645
2.846812
2.937745
2.906251
2.808727
2.694271
2.532448
2.253952
1.788024
1.077394
0.088299
-1.184761
-2.719543
-4.470931
-6.378658
-8.336199
-10.192027
-11.868825
-13.347139
-14.627187
-15.721045
-16.646880
-17.425117
-18.076106
-18.618836
-19.070324
-19.445416
-19.756835
-19.779098
-19.917237
-19.613051
-19.247802
-18.809491
-18.284091
-17.655451
-16.905369
-16.013992
-14.960719
-13.725944
-12.294003
-10.657813
-8.825567
-6.849629
-4.863265
-2.998964
-1.324811
0.100052
1.234442
2.062560
2.597828
2.881455
2.974559
2.943440
2.844961
2.728747
2.564183
2.281381
1.809043
1.089589
0.089259
-1.197121
-2.746726
-4.513718
-6.437102
-8.409385
-10.278086
-11.965694
-13.452942
-14.740302
-15.840108
-16.770767
-17.552910
-18.207063
-18.752357
-19.205924
-19.582706
-19.895501
-19.917237
-20.055197
-19.749574
-19.382577
-18.942133
-18.414129
-17.782304
-17.028327
-16.132184
-15.073088
-13.831214
-12.390657
-10.744088
-8.899486
-6.909286
-4.907482
-3.027452
-1.337960
0.101089
1.247785
2.085776
2.628214
2.916366
3.011691
2.980977
2.881544
2.763546
2.596192
2.309021
1.830202
1.101854
0.090224
-1.209527
-2.773987
-4.556595
-6.495628
-8.482628
-10.364170
-12.062556
-13.558708
-14.853351
-15.959082
-16.894544
-17.680577
-18.337879
-18.885725
-19.341362
-19.719826
-20.033991
-20.055197
-20.192976
-19.885923
-19.517184
-19.074617
-18.544018
-17.909020
-17.151162
-16.250270
-15.185371
-13.936421
-12.487275
-10.830355
-8.973425
-6.968990
-4.951758
-3.055998
-1.351146
0.102130
1.261190
2.109122
2.658802
2.951543
3.049141
3.018861
2.918475
2.798667
2.628476
2.336873
1.851503
1.114187
0.091193
-1.221980
-2.801326
-4.599559
-6.554233
-8.555926
-10.450279
-12.159409
-13.664434
-14.966333
-16.077965
-17.018211
-17.808117
-18.468555
-19.018940
-19.476637
-19.856776
-20.172304
-20.192976
-20.330576
-20.022099
-19.651625
-19.206941
-18.673758
-18.035599
-17.273874
-16.368251
-15.297568
-14.041566
-12.583856
-10.916613
-9.047383
-7.028736
-4.996093
-3.084601
-1.364369
0.103174
1.274656
2.132598
2.689591
2.986986
3.086909
3.057091
2.955754
2.834109
2.661033
2.364935
1.872943
1.126589
0.092167
-1.234477
-2.828741
-4.642610
-6.612915
-8.629278
-10.536409
-12.256252
-13.770119
-15.079248
-16.196757
-17.141767
-17.935530
-18.599089
-19.152002
-19.611751
-19.993555
-20.310440
-20.330576
-20.467995
-20.158099
-19.785898
-19.339106
-18.803348
-18.162041
-17.396462
-16.486124
-15.409678
-14.146645
-12.680398
-11.002860
-9.121360
-7.088525
-5.040486
-3.113262
-1.377628
0.104223
1.288183
2.156204
2.720579
3.022696
3.124993
3.095668
2.993380
2.869872
2.693863
2.393207
1.894522
1.139059
0.093145
-1.247020
-2.856232
-4.685746
-6.671674
-8.702682
-10.622560
-12.353083
-13.875762
-15.192093
-16.315456
-17.265211
-18.062814
-18.729481
-19.284912
-19.746701
-20.130165
-20.448399
-20.467995
-20.605235
-20.293926
-19.920003
-19.471112
-18.932788
-18.288344
-17.518927
-16.603890
-15.521700
-14.251660
-12.776900
-11.089095
-9.195352
-7.148355
-5.084934
-3.141978
-1.390924
0.105275
1.301771
2.179938
2.751768
3.058670
3.163394
3.134591
3.031354
2.905956
2.726966
2.421690
1.916241
1.151597
0.094127
-1.259608
-2.883797
-4.728967
-6.730507
-8.776136
-10.708730
-12.449901
-13.981361
-15.304868
-16.434062
-17.388542
-18.189969
-18.859730
-19.417667
-19.881489
-20.266603
-20.586181
-20.605235
-20.742294
-20.429578
-20.053940
-19.602958
-19.062079
-18.414509
-17.641266
-16.721548
-15.633632
-14.356607
-12.873361
-11.175317
-9.269358
-7.208224
-5.129438
-3.170748
-1.404255
0.106331
1.315419
2.203800
2.783155
3.094908
3.202110
3.173860
3.069675
2.942360
2.760341
2.450381
1.938098
1.164202
0.095114
-1.272240
-2.911437
-4.772269
-6.789413
-8.849638
-10.794917
-12.546703
-14.086916
-15.417571
-16.552574
-17.511760
-18.316995
-18.989837
-19.550269
-20.016114
-20.402871
-20.723787
-20.742294
-20.879173
-20.565055
-20.187710
-19.734644
-19.191219
-18.540535
-17.763481
-16.839097
-15.745475
-14.461487
-12.969779
-11.261523
-9.343378
-7.268131
-5.173995
-3.199573
-1.417621
0.107390
1.329126
2.227789
2.814741
3.131410
3.241142
3.213473
3.108342
2.979084
2.793988
2.479282
1.960094
1.176875
0.096105
-1.284916
-2.939149
-4.815653
-6.848390
-8.923186
-10.881118
-12.643489
-14.192423
-15.530202
-16.670991
-17.634864
-18.443890
-19.119801
-19.682716
-20.150575
-20.538968
-20.861215
-20.879173
-21.015873
-20.700358
-20.321312
-19.866170
-19.320209
-18.666422
-17.885569
-16.956536
-15.857227
-14.566298
-13.066154
-11.347714
-9.417409
-7.328074
-5.218604
-3.228451
-1.431022
0.108453
1.342894
2.251905
2.846525
3.168176
3.280488
3.253431
3.147356
3.016128
2.827906
2.508391
1.982226
1.189615
0.097101
-1.297635
-2.966933
-4.859117
-6.907435
-8.996779
-10.967333
-12.740256
-14.297883
-15.642759
-16.789312
-17.757852
-18.570655
-19.249620
-19.815009
-20.284873
-20.674895
-20.998467
-21.015873
-21.152392
-20.835486
-20.454745
-19.997535
-19.449047
-18.792169
-18.007531
-17.073864
-15.968887
-14.671040
-13.162484
-11.433886
-9.491450
-7.388052
-5.263265
-3.257381
-1.444457
0.109520
1.356720
2.276147
2.878505
3.205203
3.320149
3.293733
3.186715
3.053490
2.862095
2.537707
2.004496
1.202421
0.098101
-1.310397
-2.994788
-4.902659
-6.966549
-9.070415
-11.053560
-12.837003
-14.403294
-15.755241
-16.907536
-17.880726
-18.697289
-19.379296
-19.947148
-20.419008
-20.810650
-21.135541
-21.152392
-21.288732
-20.970440
-20.588011
-20.128740
-19.577735
-18.917776
-18.129367
-17.191082
-16.080455
-14.775711
-13.258768
-11.520040
-9.565500
-7.448064
-5.307975
-3.286362
-1.457926
0.110590
1.370605
2.300515
2.910681
3.242492
3.360122
3.334378
3.226419
3.091171
2.896553
2.567231
2.026903
1.215294
0.099105
-1.323202
-3.022713
-4.946278
-7.025728
-9.144092
-11.139797
-12.933729
-14.508655
-15.867647
-17.025662
-18.003483
-18.823791
-19.508827
-20.079131
-20.552978
-20.946234
-21.272438
-21.288732
-21.424891
-21.105219
-20.721108
-20.259785
-19.706270
-19.043243
-18.251075
-17.308188
-16.191930
-14.880310
-13.355005
-11.606173
-9.639556
-7.508107
-5.352734
-3.315393
-1.471428
0.111664
1.384547
2.325007
2.943052
3.280043
3.400409
3.375367
3.266467
3.129170
2.931282
2.596961
2.049445
1.228233
0.100113
-1.336050
-3.050707
-4.989973
-7.084972
-9.217808
-11.226042
-13.030433
-14.613963
-15.979976
-17.143689
-18.126123
-18.950162
-19.638214
-20.210959
-20.686784
-21.081647
-21.409158
-21.424891
-21.560871
-21.239824
-20.854037
-20.390669
-19.834655
-19.168568
-18.372655
-17.425181
-16.303311
-14.984837
-13.451193
-11.692285
-9.713619
-7.568181
-5.397540
-3.344474
-1.484963
0.112741
1.398548
2.349624
2.975619
3.317853
3.441008
3.416698
3.306860
3.167486
2.966280
2.626897
2.072123
1.241237
0.101125
-1.348939
-3.078769
-5.033742
-7.144278
-9.291562
-11.312294
-13.127111
-14.719219
-16.092227
-17.261617
-18.248645
-19.076399
-19.767455
-20.342631
-20.820427
-21.216889
-21.545701
-21.560871
-21.696671
-21.374253
-20.986797
-20.521392
-19.962887
-19.293753
-18.494108
-17.542062
-16.414597
-15.089290
-13.547332
-11.778374
-9.787686
-7.628284
-5.442393
-3.373603
-1.498531
0.113822
1.412606
2.374364
3.008378
3.355922
3.481918
3.458370
3.347597
3.206119
3.001546
2.657038
2.094936
1.254306
0.102142
-1.361869
-3.106899
-5.077585
-7.203645
-9.365352
-11.398551
-13.223765
-14.824421
-16.204399
-17.379444
-18.371049
-19.202503
-19.896551
-20.474147
-20.953905
-21.351959
-21.682067
-21.696671
-21.832291
-21.508509
-21.119389
-20.651953
-20.090967
-19.418796
-18.615431
-17.658829
-16.525788
-15.193668
-13.643420
-11.864438
-9.861756
-7.688416
-5.487290
-3.402780
-1.512130
0.114906
1.426720
2.399226
3.041331
3.394251
3.523138
3.500384
3.388676
3.245068
3.037080
2.687385
2.117883
1.267440
0.103162
-1.374841
-3.135095
-5.121498
-7.263072
-9.439175
-11.484812
-13.320390
-14.929568
-16.316491
-17.497171
-18.493335
-19.328474
-20.025501
-20.605508
-21.087218
-21.486858
-21.818256
-21.832291
-21.967732
-21.642589
-21.251812
-20.782354
-20.218895
-19.543697
-18.736625
-17.775483
-16.636882
-15.297971
-13.739457
-11.950477
-9.935828
-7.748573
-5.532231
-3.432003
-1.525762
0.115993
1.440891
2.424210
3.074476
3.432836
3.564669
3.542738
3.430098
3.284333
3.072881
2.717935
2.140964
1.280639
0.104187
-1.387853
-3.163357
-5.165482
-7.322557
-9.513032
-11.571074
-13.416988
-15.034658
-16.428502
-17.614795
-18.615501
-19.454310
-20.154304
-20.736712
-21.220367
-21.621586
-21.954267
-21.967732
-22.102992
-21.776495
-21.384067
-20.912593
-20.346670
-19.668456
-18.857690
-17.892021
-16.747879
-15.402198
-13.835441
-12.036489
-10.009900
-7.808756
-5.577214
-3.461273
-1.539424
0.117084
1.455118
2.449316
3.107812
3.471679
3.606509
3.585432
3.471861
3.323913
3.108948
2.748688
2.164178
1.293901
0.105216
-1.400905
-3.191683
-5.209535
-7.382097
-9.586919
-11.657337
-13.513555
-15.139690
-16.540432
-17.732317
-18.737547
-19.580012
-20.282961
-20.867759
-21.353351
-21.756141
-22.090101
-22.102992
-22.238073
-21.910226
-21.516153
-21.042671
-20.474292
-19.793073
-18.978625
-18.008445
-16.858779
-15.506347
-13.931371
-12.122474
-10.083971
-7.868963
-5.622238
-3.490587
-1.553117
0.118178
1.469401
2.474542
3.141338
3.510778
3.648657
3.628465
3.513966
3.363807
3.145282
2.779645
2.187525
1.307227
0.106248
-1.413997
-3.220073
-5.253656
-7.441692
-9.660835
-11.743599
-13.610091
-15.244663
-16.652278
-17.849736
-18.859472
-19.705579
-20.411471
-20.998650
-21.486171
-21.890526
-22.225758
-22.238073
-22.372975
-22.043783
-21.648070
-21.172587
-20.601762
-19.917547
-19.099429
-18.124752
-16.969581
-15.610419
-14.027247
-12.208429
-10.158039
-7.929192
-5.667303
-3.519945
-1.566840
0.119276
1.483738
2.499887
3.175054
3.550132
3.691113
3.671837
3.556411
3.404016
3.181880
2.810803
2.211003
1.320617
0.107285
-1.427128
-3.248525
-5.297843
-7.501340
-9.734779
-11.829858
-13.706595
-15.349577
-16.764040
-17.967050
-18.981276
-19.831011
-20.539834
-21.129384
-21.618825
-22.024738
-22.361238
-22.372975
-22.507697
-22.177164
-21.779819
-21.302341
-20.729078
-20.041878
-19.220103
-18.240944
-17.080283
-15.714411
-14.123066
-12.294354
-10.232104
-7.989442
-5.712406
-3.549346
-1.580593
0.120376
1.498130
2.525352
3.208958
3.589740
3.733876
3.715546
3.599196
3.444537
3.218743
2.842163
2.234613
1.334069
0.108326
-1.440298
-3.277039
-5.342094
-7.561040
-9.808749
-11.916112
-13.803064
-15.454429
-16.875718
-18.084259
-19.102958
-19.956307
-20.668050
-21.259961
-21.751314
-22.158779
-22.496541
-22.507697
-22.642239
-22.310372
-21.911399
-21.431934
-20.856240
-20.166066
-19.340645
-18.357019
-17.190886
-15.818324
-14.218829
-12.380248
-10.306164
-8.049712
-5.757547
-3.578790
-1.594376
0.121480
1.512575
2.550934
3.243050
3.629602
3.776945
3.759593
3.642321
3.485370
3.255870
2.873723
2.258354
1.347583
0.109370
-1.453506
-3.305614
-5.386410
-7.620790
-9.882744
-12.002361
-13.899498
-15.559219
-16.987310
-18.201363
-19.224518
-20.081466
-20.796118
-21.390380
-21.883638
-22.292648
-22.631667
-22.642239
-22.776602
-22.443404
-22.042810
-21.561365
-20.983250
-20.290110
-19.461056
-18.472976
-17.301388
-15.922156
-14.314533
-12.466109
-10.380218
-8.110000
-5.802725
-3.608275
-1.608187
0.122587
1.527075
2.576634
3.277329
3.669716
3.820319
3.803975
3.685783
3.526516
3.293260
2.905483
2.282225
1.361160
0.110419
-1.466752
-3.334249
-5.430787
-7.680587
-9.956761
-12.088603
-13.995895
-15.663946
-17.098815
-18.318361
-19.345955
-20.206489
-20.924037
-21.520642
-22.015797
-22.426346
-22.766615
-22.776602
-22.910786
-22.576262
-22.174052
-21.690633
-21.110105
-20.414010
-19.581335
-18.588815
-17.411789
-16.025907
-14.410179
-12.551936
-10.454265
-8.170306
-5.847938
-3.637800
-1.622027
0.123698
1.541627
2.602451
3.311794
3.710081
3.863996
3.848693
3.729583
3.567972
3.330912
2.937442
2.306225
1.374798
0.111471
-1.480035
-3.362943
-5.475226
-7.740432
-10.030799
-12.174836
-14.092255
-15.768608
-17.210233
-18.435251
-19.467269
-20.331375
-21.051809
-21.650746
-22.147790
-22.559871
-22.901386
-22.910786
-23.044790
-22.708946
-22.305125
-21.819740
-21.236806
-20.537766
-19.701481
-18.704537
-17.522089
-16.129575
-14.505765
-12.637728
-10.528302
-8.230628
-5.893185
-3.667365
-1.635894
0.124811
1.556232
2.628384
3.346443
3.750697
3.907978
3.893745
3.773721
3.609738
3.368825
2.969600
2.330353
1.388497
0.112527
-1.493356
-3.391694
-5.519724
-7.800322
-10.104857
-12.261059
-14.188575
-15.873205
-17.321563
-18.552034
-19.588459
-20.456124
-21.179431
-21.780692
-22.279617
-22.693225
-23.035981
-23.044790
-23.178616
-22.841455
-22.436029
-21.948684
-21.363354
-20.661378
-19.821495
-18.820139
-17.632286
-16.233161
-14.601291
-12.723484
-10.602330
-8.290964
-5.938465
-3.696969
-1.649789
0.125927
1.570890
2.654431
3.381276
3.791562
3.952261
3.939131
3.818194
3.651813
3.406999
3.001955
2.354610
1.402257
0.113587
-1.506713
-3.420503
-5.564280
-7.860255
-10.178933
-12.347270
-14.284855
-15.977735
-17.432803
-18.668709
-19.709525
-20.580734
-21.306905
-21.910481
-22.411279
-22.826407
-23.170398
-23.178616
-23.312262
-22.973789
-22.566764
-22.077466
-21.489747
-20.784845
-19.941375
-18.935622
-17.742380
-16.336663
-14.696755
-12.809204
-10.676347
-8.351314
-5.983777
-3.726611
-1.663712
0.127047
1.585598
2.680592
3.416292
3.832676
3.996846
3.984850
3.863002
3.694197
3.445433
3.034506
2.378994
1.416078
0.114650
-1.520106
-3.449368
-5.608894
-7.920231
-10.253025
-12.433468
-14.381093
-16.082198
-17.543954
-18.785275
-19.830465
-20.705207
-21.434230
-22.040111
-22.542776
-22.959417
-23.304638
-23.312262
-23.445729
-23.105949
-22.697330
-22.206086
-21.615986
-20.908168
-20.061123
-19.050986
-17.852371
-16.440080
-14.792156
-12.894885
-10.750351
-8.411676
-6.029120
-3.756290
-1.677661
0.128169
1.600358
2.706867
3.451490
3.874037
4.041731
4.030900
3.908145
3.736889
3.484126
3.067254
2.403505
1.429958
0.115718
-1.533535
-3.478288
-5.653563
-7.980248
-10.327133
-12.519653
-14.477289
-16.186593
-17.655014
-18.901731
-19.951280
-20.829541
-21.561405
-22.169583
-22.674106
-23.092255
-23.438702
-23.445729
-23.579017
-23.237935
-22.827728
-22.334544
-21.742070
-21.031345
-20.180736
-19.166229
-17.962258
-16.543412
-14.887493
-12.980527
-10.824342
-8.472050
-6.074492
-3.786004
-1.691636
0.129294
1.615169
2.733255
3.486869
3.915645
4.086915
4.077282
3.953622
3.779887
3.523077
3.100196
2.428142
1.443898
0.116789
-1.546999
-3.507263
-5.698287
-8.040303
-10.401254
-12.605821
-14.573441
-16.290918
-17.765983
-19.018077
-20.071970
-20.953736
-21.688431
-22.298896
-22.805271
-23.224921
-23.572588
-23.579017
-23.712127
-23.369746
-22.957956
-22.462838
-21.867999
-21.154377
-20.300216
-19.281352
-18.072040
-16.646658
-14.982767
-13.066128
-10.898318
-8.532433
-6.119893
-3.815755
-1.705637
0.130423
1.630030
2.759754
3.522428
3.957497
4.132398
4.123993
3.999431
3.823192
3.562284
3.133333
2.452903
1.457896
0.117863
-1.560497
-3.536291
-5.743064
-8.100397
-10.475387
-12.691972
-14.669547
-16.395173
-17.876859
-19.134312
-20.192533
-21.077793
-21.815307
-22.428051
-22.936270
-23.357416
-23.706297
-23.712127
-23.845057
-23.501383
-23.088015
-22.590971
-21.993774
-21.277264
-20.419561
-19.396354
-18.181717
-16.749818
-15.077975
-13.151689
-10.972279
-8.592825
-6.165322
-3.845539
-1.719663
0.131554
1.644940
2.786363
3.558165
3.999594
4.178178
4.171034
4.045572
3.866801
3.601748
3.166663
2.477790
1.471953
0.118941
-1.574030
-3.565371
-5.787893
-8.160527
-10.549531
-12.778105
-14.765607
-16.499356
-17.987642
-19.250436
-20.312969
-21.201709
-21.942033
-22.557046
-23.067103
-23.489738
-23.839830
-23.845057
-23.977809
-23.632846
-23.217906
-22.718941
-22.119394
-21.400005
-20.538772
-19.511234
-18.291288
-16.852890
-15.173117
-13.237207
-11.046222
-8.653224
-6.210776
-3.875358
-1.733714
0.132688
1.659900
2.813083
3.594080
4.041934
4.224254
4.218402
4.092043
3.910715
3.641468
3.200185
2.502800
1.486069
0.120023
-1.587597
-3.594503
-5.832772
-8.220692
-10.623685
-12.864218
-14.861620
-16.603467
-18.098331
-19.366447
-20.433279
-21.325486
-22.068609
-22.685883
-23.197770
-23.621888
-23.973186
-23.977809
-24.110382
-23.764134
-23.347627
-22.846748
-22.244859
-21.522600
-20.657847
-19.625993
-18.400753
-16.955875
-15.268192
-13.322682
-11.120148
-8.713630
-6.256257
-3.905209
-1.747789
0.133824
1.674908
2.839912
3.630172
4.084515
4.270625
4.266098
4.138845
3.954931
3.681441
3.233899
2.527933
1.500241
0.121108
-1.601197
-3.623685
-5.877701
-8.280890
-10.697846
-12.950311
-14.957584
-16.707505
-18.208926
-19.482346
-20.553460
-21.449123
-22.195034
-22.814561
-23.328271
-23.753867
-24.106365
-24.110382
-24.242777
-23.895248
-23.477180
-22.974392
-22.370168
-21.645048
-20.776788
-19.740629
-18.510111
-17.058770
-15.363199
-13.408113
-11.194054
-8.774041
-6.301761
-3.935092
-1.761888
0.134964
1.689964
2.866848
3.666439
4.127338
4.317290
4.314119
4.185975
3.999450
3.721668
3.267803
2.553188
1.514471
0.122197
-1.614830
-3.652917
-5.922677
-8.341120
-10.772013
-13.036381
-15.053498
-16.811468
-18.319426
-19.598133
-20.673514
-21.572619
-22.321308
-22.943080
-23.458605
-23.885673
-24.239367
-24.242777
-24.374993
-24.026188
-23.606563
-23.101873
-22.495322
-21.767351
-20.895593
-19.855142
-18.619362
-17.161576
-15.458138
-13.493498
-11.267940
-8.834456
-6.347288
-3.965006
-1.776011
0.136106
1.705068
2.893893
3.702881
4.170399
4.364248
4.362466
4.233434
4.044270
3.762148
3.301897
2.578565
1.528758
0.123289
-1.628496
-3.682198
-5.967701
-8.401381
-10.846185
-13.122427
-15.149362
-16.915357
-18.429829
-19.713805
-20.793439
-21.695974
-22.447432
-23.071440
-23.588773
-24.017308
-24.372193
-24.374993
-24.507031
-24.156954
-23.735777
-23.229192
-22.620321
-21.889507
-21.014262
-19.969533
-18.728505
-17.264292
-15.553008
-13.578838
-11.341805
-8.894874
-6.392838
-3.994951
-1.790157
0.137251
1.720218
2.921043
3.739495
4.213700
4.411497
4.411136
4.281219
4.089390
3.802879
3.336180
2.604062
1.543101
0.124384
-1.642193
-3.711527
-6.012770
-8.461671
-10.920361
-13.208449
-15.245174
-17.019169
-18.540136
-19.829363
-20.913235
-21.819189
-22.573404
-23.199640
-23.718776
-24.148771
-24.504842
-24.507031
-24.638891
-24.287546
-23.864823
-23.356348
-22.745165
-22.011516
-21.132795
-20.083800
-18.837539
-17.366918
-15.647807
-13.664130
-11.415648
-8.955293
-6.438408
-4.024925
-1.804326
0.138398
1.735416
2.948299
3.776282
4.257237
4.459037
4.460128
4.329329
4.134809
3.843860
3.370651
2.629679
1.557499
0.125483
-1.655922
-3.740903
-6.057884
-8.521989
-10.994539
-13.294444
-15.340933
-17.122905
-18.650346
-19.944807
-21.032902
-21.942262
-22.699225
-23.327680
-23.848611
-24.280061
-24.637314
-24.638891
-24.770573
-24.417964
-23.993699
-23.483341
-22.869852
-22.133378
-21.251191
-20.197943
-18.946465
-17.469452
-15.742535
-13.749374
-11.489467
-9.015714
-6.483999
-4.054927
-1.818516
0.139548
1.750659
2.975659
3.813240
4.301010
4.506866
4.509443
4.377765
4.180527
3.885090
3.405308
2.655416
1.571953
0.126586
-1.669682
-3.770324
-6.103040
-8.582333
-11.068718
-13.380413
-15.436638
-17.226563
-18.760457
-20.060135
-21.152439
-22.065194
-22.824895
-23.455561
-23.978281
-24.411180
-24.769610
-24.770573
-24.902076
-24.548208
-24.122407
-23.610171
-22.994384
-22.255094
-21.369451
-20.311962
-19.055281
-17.571894
-15.837192
-13.834570
-11.563261
-9.076134
-6.529608
-4.084958
-1.832729
0.140701
1.765948
3.003123
3.850368
4.345017
4.554983
4.559077
4.426524
4.226541
3.926569
3.440150
2.681270
1.586461
0.127691
-1.683473
-3.799791
-6.148239
-8.642703
-11.142897
-13.466352
-15.532288
-17.330143
-18.870470
-20.175347
-21.271847
-22.187983
-22.950413
-23.583283
-24.107784
-24.542127
-24.901730
-24.902076
-25.033402
-24.678278
-24.250945
-23.736838
-23.118760
-22.376662
-21.487574
-20.425857
-19.163987
-17.674244
-15.931776
-13.919715
-11.637031
-9.136552
-6.575235
-4.115015
-1.846963
0.141856
1.781282
3.030690
3.887664
4.389258
4.603386
4.609031
4.475605
4.272851
3.968294
3.475178
2.707242
1.601024
0.128800
-1.697294
-3.829302
-6.193478
-8.703096
-11.217073
-13.552263
-15.627882
-17.433643
-18.980384
-20.290443
-21.391124
-22.310631
-23.075780
-23.710844
-24.237121
-24.672902
-25.033673
-25.033402
-25.164550
-24.808174
-24.379315
-23.863342
-23.242981
-22.498083
-21.605560
-20.539626
-19.272584
-17.776501
-16.026287
-14.004810
-11.710773
-9.196968
-6.620879
-4.145099
-1.861217
0.143013
1.796660
3.058358
3.925127
4.433731
4.652075
4.659302
4.525008
4.319456
4.010266
3.510389
2.733330
1.615640
0.129912
-1.711145
-3.858856
-6.238757
-8.763511
-11.291247
-13.638142
-15.723420
-17.537064
-19.090197
-20.405423
-21.510270
-22.433136
-23.200994
-23.838246
-24.366291
-24.803506
-25.165440
-25.164550
-25.295520
-24.937897
-24.507516
-23.989683
-23.367045
-22.619356
-21.723409
-20.653271
-19.381069
-17.878663
-16.120724
-14.089853
-11.784489
-9.257381
-6.666540
-4.175208
-1.875492
0.144173
1.812082
3.086127
3.962757
4.478434
4.701048
4.709890
4.574731
4.366354
4.052483
3.545783
2.759534
1.630310
0.131027
-1.725024
-3.888453
-6.284074
-8.823948
-11.365416
-13.723990
-15.818899
-17.640403
-19.199910
-20.520285
-21.629285
-22.555499
-23.326056
-23.965487
-24.495295
-24.933937
-25.297031
-25.295520
-25.426312
-25.067446
-24.635548
-24.115861
-23.490953
-22.740482
-21.841120
-20.766790
-19.489443
-17.980732
-16.215086
-14.174844
-11.858176
-9.317788
-6.712215
-4.205342
-1.889788
0.145336
1.827548
3.113996
4.000552
4.523367
4.750304
4.760794
4.624772
4.413544
4.094943
3.581358
2.785853
1.645032
0.132145
-1.738933
-3.918091
-6.329428
-8.884404
-11.439579
-13.809804
-15.914320
-17.743661
-19.309522
-20.635029
-21.748168
-22.677719
-23.450966
-24.092569
-24.624132
-25.064197
-25.428446
-25.426312
-25.556927
-25.196821
-24.763411
-24.241876
-23.614705
-22.861459
-21.958693
-20.880183
-19.597706
-18.082706
-16.309373
-14.259782
-11.931833
-9.378191
-6.757904
-4.235499
-1.904102
0.146501
1.843056
3.141964
4.038510
4.568528
4.799841
4.812011
4.675132
4.461026
4.137646
3.617114
2.812286
1.659807
0.133267
-1.752870
-3.947769
-6.374818
-8.944879
-11.513736
-13.895584
-16.009680
-17.846836
-19.419031
-20.749656
-21.866920
-22.799795
-23.575724
-24.219490
-24.752803
-25.194285
-25.559685
-25.556927
-25.687364
-25.326023
-24.891106
-24.367728
-23.738301
-22.982289
-22.076128
-20.993450
-19.705856
-18.184584
-16.403584
-14.344665
-12.005460
-9.438586
-6.803606
-4.265680
-1.918436
0.147668
1.858607
3.170030
4.076631
4.613915
4.849658
4.863542
4.725807
4.508798
4.180590
3.653049
2.838832
1.674633
0.134391
-1.766834
-3.977488
-6.420243
-9.005371
-11.587884
-13.981329
-16.104980
-17.949928
-19.528439
-20.864163
-21.985540
-22.921729
-23.700329
-24.346251
-24.881307
-25.324202
-25.690747
-25.687364
-25.817624
-25.455052
-25.018632
-24.493417
-23.861740
-23.102971
-22.193425
-21.106590
-19.813894
-18.286367
-16.497718
-14.429494
-12.079056
-9.498974
-6.849319
-4.295883
-1.932789
0.148837
1.874199
3.198192
4.114913
4.659528
4.899753
4.915383
4.776798
4.556858
4.223774
3.689163
2.865490
1.689511
0.135518
-1.780826
-4.007245
-6.465701
-9.065878
-11.662023
-14.067037
-16.200218
-18.052937
-19.637743
-20.978552
-22.104027
-23.043519
-23.824781
-24.472852
-25.009645
-25.453946
-25.821634
-25.817624
-25.947707
-25.583907
-25.145989
-24.618942
-23.985024
-23.223504
-22.310583
-21.219604
-19.921819
-18.388053
-16.591775
-14.514266
-12.152620
-9.559353
-6.895044
-4.326107
-1.947160
0.150009
1.889833
3.226451
4.153354
4.705364
4.950126
4.967535
4.828103
4.605206
4.267197
3.725453
2.892260
1.704439
0.136649
-1.794845
-4.037040
-6.511191
-9.126401
-11.736151
-14.152708
-16.295394
-18.155860
-19.746944
-21.092821
-22.222381
-23.165165
-23.949080
-24.599293
-25.137817
-25.583519
-25.952345
-25.947707
-26.077613
-25.712589
-25.273177
-24.744305
-24.108150
-23.343890
-22.427603
-21.332491
-20.029631
-18.489642
-16.685754
-14.598983
-12.226150
-9.619722
-6.940779
-4.356352
-1.961548
0.151183
1.905507
3.254805
4.191955
4.751422
5.000774
5.019996
4.879720
4.653840
4.310858
3.761920
2.919140
1.719417
0.137782
-1.808890
-4.066872
-6.556713
-9.186936
-11.810268
-14.238340
-16.390506
-18.258698
-19.856040
-21.206970
-22.340602
-23.286667
-24.073227
-24.725573
-25.265821
-25.712920
-26.082880
-26.077613
-26.207342
-25.841097
-25.400197
-24.869504
-24.231121
-23.464126
-22.544484
-21.445250
-20.137329
-18.591133
-16.779654
-14.683641
-12.299647
-9.680081
-6.986523
-4.386617
-1.975954
0.152359
1.921222
3.283252
4.230712
4.797702
5.051697
5.072763
4.931648
4.702759
4.354755
3.798562
2.946130
1.734445
0.138919
-1.822962
-4.096740
-6.602265
-9.247484
-11.884371
-14.323932
-16.485554
-18.361450
-19.965032
-21.320998
-22.458690
-23.408024
-24.197220
-24.851693
-25.393659
-25.842150
-26.213239
-26.207342
-26.336894
-25.969433
-25.527048
-24.994541
-24.353934
-23.584214
-22.661225
-21.557881
-20.244913
-18.692527
-16.873475
-14.768242
-12.373108
-9.740428
-7.032276
-4.416902
-1.990378
0.153537
1.936976
3.311793
4.269626
4.844200
5.102892
5.125836
4.983886
4.751961
4.398887
3.835377
2.973228
1.749522
0.140058
-1.837059
-4.126644
-6.647846
-9.308043
-11.958460
-14.409484
-16.580537
-18.464115
-20.073918
-21.434906
-22.576644
-23.529238
-24.321060
-24.977652
-25.521331
-25.971209
-26.343423
-26.336894
-26.466269
-26.097595
-25.653730
-25.119414
-24.476592
-23.704153
-22.777828
-21.670385
-20.352383
-18.793821
-16.967216
-14.852784
-12.446534
-9.800763
-7.078036
-4.447205
-2.004817
0.154717
1.952769
3.340425
4.308695
4.890917
5.154358
5.179214
5.036432
4.801446
4.443253
3.872364
3.000434
1.764648
0.141200
-1.851181
-4.156582
-6.693455
-9.368611
-12.032534
-14.494995
-16.675453
-18.566693
-20.182699
-21.548693
-22.694465
-23.650307
-24.444746
-25.103450
-25.648836
-26.100095
-26.473431
-26.466269
-26.595467
-26.225585
-25.780244
-25.244124
-24.599092
-23.823944
-22.894291
-21.782760
-20.459738
-18.895017
-17.060876
-14.937267
-12.519923
-9.861084
-7.123802
-4.477525
-2.019273
0.155900
1.968600
3.369148
4.347916
4.937850
5.206095
5.232895
5.089285
4.851211
4.487852
3.909523
3.027747
1.779822
0.142344
-1.865327
-4.186554
-6.739090
-9.429188
-12.106591
-14.580462
-16.770303
-18.669182
-20.291373
-21.662358
-22.812150
-23.771230
-24.568279
-25.229088
-25.776174
-26.228811
-26.603263
-26.595467
-26.724489
-26.353401
-25.906590
-25.368671
-24.721436
-23.943585
-23.010614
-21.895007
-20.566977
-18.996114
-17.154455
-15.021689
-12.593275
-9.921391
-7.169573
-4.507863
-2.033745
0.157084
1.984470
3.397962
4.387290
4.984998
5.258099
5.286876
5.142444
4.901255
4.532681
3.946853
3.055165
1.795043
0.143492
-1.879498
-4.216558
-6.784751
-9.489772
-12.180631
-14.665886
-16.865085
-18.771583
-20.399941
-21.775901
-22.929702
-23.892009
-24.691659
-25.354565
-25.903346
-26.357355
-26.732921
-26.724489
-26.853334
-26.481045
-26.032767
-25.493055
-24.843623
-24.063078
-23.126798
-22.007125
-20.674101
-19.097110
-17.247952
-15.106050
-12.666588
-9.981683
-7.215349
-4.538217
-2.048232
0.158270
2.000377
3.426864
4.426814
5.032359
5.310369
5.341158
5.195906
4.951577
4.577741
3.984351
3.082688
1.810311
0.144642
-1.893692
-4.246594
-6.830437
-9.550362
-12.254651
-14.751265
-16.959798
-18.873894
-20.508401
-21.889322
-23.047118
-24.012643
-24.814885
-25.479881
-26.030352
-26.485727
-26.862403
-26.853334
-26.982004
-26.608516
-26.158776
-25.617275
-24.965653
-24.182421
-23.242841
-22.119114
-20.781109
-19.198006
-17.341367
-15.190349
-12.739862
-10.041958
-7.261129
-4.568587
-2.062734
0.159459
2.016320
3.455854
4.466488
5.079932
5.362905
5.395737
5.249671
5.002176
4.623028
4.022016
3.110316
1.825626
0.145795
-1.907910
-4.276661
-6.876146
-9.610957
-12.328652
-14.836599
-17.054442
-18.976115
-20.616753
-22.002620
-23.164399
-24.133132
-24.937957
-25.605037
-26.157190
-26.613929
-26.991710
-26.982004
-27.110496
-26.735815
-26.284617
-25.741333
-25.087527
-24.301615
-23.358745
-22.230974
-20.888001
-19.298801
-17.434699
-15.274585
-12.813096
-10.102216
-7.306912
-4.598971
-2.077251
0.160649
2.032300
3.484931
4.506309
5.127715
5.415704
5.450613
5.303737
5.053049
4.668543
4.059848
3.138046
1.840986
0.146950
-1.922150
-4.306758
-6.921877
-9.671555
-12.402632
-14.921886
-17.149016
-19.078245
-20.724997
-22.115794
-23.281545
-24.253475
-25.060875
-25.730032
-26.283863
-26.741959
-27.120841
-27.110496
-27.238813
-26.862941
-26.410289
-25.865227
-25.209243
-24.420660
-23.474508
-22.342704
-20.994776
-19.399495
-17.527947
-15.358759
-12.886289
-10.162456
-7.352696
-4.629369
-2.091782
0.161841
2.048316
3.514094
4.546277
5.175706
5.468764
5.505785
5.358102
5.104196
4.714283
4.097845
3.165878
1.856392
0.148108
-1.936413
-4.336885
-6.967629
-9.732157
-12.476590
-15.007125
-17.243519
-19.180284
-20.833132
-22.228846
-23.398556
-24.373672
-25.183639
-25.854866
-26.410368
-26.869818
-27.249798
-27.238813
-27.366954
-26.989894
-26.535793
-25.988959
-25.330803
-24.539555
-23.590130
-22.454305
-21.101435
-19.500087
-17.621112
-15.442869
-12.959441
-10.222678
-7.398482
-4.659781
-2.106326
0.163035
2.064367
3.543342
4.586389
5.223905
5.522084
5.561249
5.412765
5.155615
4.760247
4.136006
3.193812
1.871843
0.149269
-1.950698
-4.367040
-7.013402
-9.792760
-12.550525
-15.092316
-17.337951
-19.282231
-20.941158
-22.341774
-23.515430
-24.493723
-25.306249
-25.979538
-26.536708
-26.997505
-27.378580
-27.366954
-27.494919
-27.116675
-26.661129
-26.112527
-25.452206
-24.658301
-23.705612
-22.565775
-21.207976
-19.600577
-17.714191
-15.526914
-13.032550
-10.282880
-7.444268
-4.690206
-2.120884
0.164231
2.080452
3.572673
4.626646
5.272309
5.575663
5.617005
5.467724
5.207304
4.806434
4.174330
3.221845
1.887338
0.150432
-1.965004
-4.397223
-7.059194
-9.853363
-12.624436
-15.177458
-17.432309
-19.384085
-21.049074
-22.454577
-23.632169
-24.613628
-25.428704
-26.104050
-26.662880
-27.125022
-27.507187
-27.494919
-27.622708
-27.243284
-26.786297
-26.235932
-25.573452
-24.776897
-23.820953
-22.677116
-21.314399
-19.700964
-17.807186
-15.610894
-13.105616
-10.343061
-7.490054
-4.720643
-2.135455
0.165428
2.096572
3.602087
4.667045
5.320916
5.629498
5.673051
5.522978
5.259262
4.852842
4.212815
3.249977
1.902876
0.151598
-1.979331
-4.427432
-7.105004
-9.913965
-12.698321
-15.262549
-17.526595
-19.485846
-21.156880
-22.567256
-23.748771
-24.733388
-25.551006
-26.228401
-26.788887
-27.252368
-27.635619
-27.622708
-27.750322
-27.369721
-26.911296
-26.359175
-25.694541
-24.895343
-23.936154
-22.788326
-21.420705
-19.801248
-17.900095
-15.694808
-13.178638
-10.403221
-7.535838
-4.751091
-2.150038
0.166627
2.112725
3.631583
4.707584
5.369726
5.683588
5.729385
5.578524
5.311487
4.899469
4.251460
3.278207
1.918458
0.152766
-1.993679
-4.457668
-7.150831
-9.974566
-12.772180
-15.347589
-17.620807
-19.587513
-21.264575
-22.679810
-23.865236
-24.853000
-25.673153
-26.352591
-26.914726
-27.379543
-27.763876
-27.750322
-27.877760
-27.495985
-27.036128
-26.482254
-25.815472
-25.013640
-24.051213
-22.899405
-21.526892
-19.901429
-17.992918
-15.778656
-13.251616
-10.463359
-7.581620
-4.781549
-2.164634
0.167828
2.128912
3.661160
4.748263
5.418736
5.737930
5.786006
5.634362
5.363978
4.946315
4.290263
3.306535
1.934083
0.153936
-2.008046
-4.487929
-7.196674
-10.035164
-12.846012
-15.432578
-17.714944
-19.689086
-21.372159
-22.792239
-23.981565
-24.972467
-25.795145
-26.476620
-27.040400
-27.506546
-27.891959
-27.877760
-28.005022
-27.622078
-27.160792
-26.605170
-25.936247
-25.131787
-24.166131
-23.010353
-21.632961
-20.001506
-18.085654
-15.862437
-13.324548
-10.523474
-7.627399
-4.812018
-2.179241
0.169031
2.145130
3.690816
4.789079
5.467945
5.792525
5.842911
5.690489
5.416733
4.993377
4.329224
3.334958
1.949749
0.155109
-2.022434
-4.518214
-7.242532
-10.095758
-12.919816
-15.517513
-17.809006
-19.790564
-21.479632
-22.904543
-24.097756
-25.091787
-25.916983
-26.600488
-27.165907
-27.633379
-28.019868
-28.005022
-28.132110
-27.747999
-27.285288
-26.727924
-26.056865
-25.249784
-24.280907
-23.121171
-21.738911
-20.101479
-18.178302
-15.946150
-13.397434
-10.583565
-7.673174
-4.842496
-2.193859
0.170235
2.161381
3.720550
4.830033
5.517350
5.847368
5.900100
5.746904
5.469750
5.040654
4.368340
3.363477
1.965457
0.156284
-2.036840
-4.548522
-7.288404
-10.156346
-12.993591
-15.602395
-17.902992
-19.891947
-21.586993
-23.016721
-24.213811
-25.210960
-26.038667
-26.724195
-27.291247
-27.760042
-28.147602
-28.132110
-28.259022
-27.873747
-27.409617
-26.850514
-26.177326
-25.367630
-24.395542
-23.231857
-21.844742
-20.201347
-18.270863
-16.029794
-13.470274
-10.643631
-7.718944
-4.872982
-2.208489
0.171440
2.177663
3.750362
4.871121
5.566951
5.902459
5.957569
5.803605
5.523028
5.088145
4.407612
3.392089
1.981206
0.157461
-2.051266
-4.578854
-7.334289
-10.216929
-13.067335
-15.687222
-17.996901
-19.993234
-21.694241
-23.128773
-24.329727
-25.329986
-26.160196
-26.847741
-27.416421
-27.886533
-28.275161
-28.259022
-28.385759
-27.999325
-27.533777
-26.972942
-26.297630
-25.485327
-24.510036
-23.342412
-21.950454
-20.301110
-18.363336
-16.113370
-13.543065
-10.703672
-7.764710
-4.903477
-2.223129
0.172647
2.193975
3.780251
4.912342
5.616745
5.957796
6.015318
5.860591
5.576564
5.135847
4.447036
3.420794
1.996995
0.158641
-2.065709
-4.609207
-7.380186
-10.277505
-13.141048
-15.771994
-18.090733
-20.094424
-21.801377
-23.240698
-24.445507
-25.448865
-26.281570
-26.971126
-27.541429
-28.012854
-28.402547
-28.385759
-28.512322
-28.124730
-27.657770
-27.095207
-26.417776
-25.602874
-24.624388
-23.452835
-22.056046
-20.400767
-18.455721
-16.196876
-13.615809
-10.763687
-7.810469
-4.933979
-2.237780
0.173856
2.210318
3.810215
4.953696
5.666731
6.013377
6.073344
5.917859
5.630358
5.183760
4.486612
3.449592
2.012824
0.159823
-2.080171
-4.639582
-7.426095
-10.338072
-13.214730
-15.856710
-18.184487
-20.195517
-21.908399
-23.352497
-24.561148
-25.567597
-26.402789
-27.094350
-27.666271
-28.139005
-28.529759
-28.512322
