-0.218883
-0.214157
-0.208734
-0.202553
-0.195555
-0.187683
-0.178880
-0.169079
-0.158192
-0.146092
-0.132605
-0.117509
-0.100551
-0.081727
-0.061676
-0.040958
-0.019751
0.001651
0.022828
0.043212
0.062054
0.078376
0.090919
0.098073
0.098073
0.090919
0.078376
0.062054
0.043212
0.022828
0.001651
-0.019750
-0.040951
-0.061646
-0.081636
-0.100337
-0.117100
-0.131930
-0.145106
-0.156888
-0.167490
-0.177069
-0.185732
-0.193547
-0.200563
-0.206823
-0.212366
-0.217241
-0.218883
-0.390888
-0.381733
-0.371147
-0.358989
-0.345142
-0.329513
-0.312051
-0.292737
-0.271575
-0.248557
-0.223612
-0.196556
-0.167069
-0.135129
-0.101665
-0.067406
-0.032481
0.002714
0.037524
0.071030
0.101999
0.128828
0.149446
0.161204
0.161204
0.149446
0.128828
0.101999
0.071029
0.037523
0.002713
-0.032469
-0.067342
-0.101452
-0.134565
-0.165900
-0.194566
-0.220677
-0.244692
-0.266926
-0.287538
-0.306571
-0.324003
-0.339808
-0.353981
-0.366555
-0.377604
-0.387231
-0.390888
-0.548431
-0.535101
-0.519637
-0.501820
-0.481457
-0.458404
-0.432588
-0.404019
-0.372788
-0.339033
-0.302869
-0.264296
-0.223110
-0.179410
-0.134410
-0.088887
-0.042773
0.003571
0.049368
0.093440
0.134177
0.169469
0.196590
0.212058
0.212058
0.196590
0.169468
0.134176
0.093437
0.049362
0.003570
-0.042728
-0.088681
-0.133784
-0.177907
-0.220264
-0.259830
-0.296730
-0.331420
-0.364088
-0.394701
-0.423112
-0.449158
-0.472726
-0.493788
-0.512397
-0.528679
-0.542807
-0.548431
-0.698992
-0.681702
-0.661610
-0.638415
-0.611846
-0.581697
-0.547858
-0.510344
-0.469305
-0.425002
-0.377737
-0.327733
-0.274996
-0.219871
-0.163952
-0.108074
-0.051903
0.004329
0.059814
0.113189
0.162526
0.205270
0.238120
0.256855
0.256855
0.238120
0.205269
0.162522
0.113178
0.059795
0.004325
-0.051795
-0.107611
-0.162662
-0.217009
-0.269939
-0.320255
-0.367951
-0.413346
-0.456410
-0.496891
-0.534462
-0.568843
-0.599871
-0.627515
-0.651870
-0.673122
-0.691519
-0.698992
-0.845751
-0.824671
-0.800146
-0.771789
-0.739252
-0.702260
-0.660656
-0.614440
-0.563799
-0.509093
-0.450793
-0.389351
-0.325030
-0.258504
-0.191840
-0.126000
-0.060365
0.005027
0.069413
0.131309
0.188521
0.238092
0.276192
0.297922
0.297922
0.276192
0.238088
0.188508
0.131279
0.069367
0.005019
-0.060151
-0.125154
-0.189642
-0.253923
-0.317369
-0.378524
-0.437131
-0.493288
-0.546716
-0.596939
-0.643477
-0.685962
-0.724201
-0.758185
-0.788055
-0.814068
-0.836548
-0.845751
-0.990307
-0.965567
-0.936753
-0.903398
-0.865070
-0.821421
-0.772236
-0.717490
-0.657388
-0.592369
-0.523056
-0.450131
-0.374131
-0.296120
-0.218727
-0.143106
-0.068366
0.005683
0.078390
0.148218
0.212752
0.268677
0.311666
0.336185
0.336184
0.311664
0.268668
0.212724
0.148154
0.078299
0.005668
-0.068001
-0.141743
-0.215387
-0.289510
-0.363551
-0.435706
-0.505369
-0.572364
-0.636145
-0.696029
-0.751397
-0.801816
-0.847085
-0.887225
-0.922438
-0.953052
-0.979472
-0.990307
-1.133546
-1.105247
-1.072258
-1.034027
-0.990041
-0.939870
-0.883238
-0.820081
-0.750609
-0.675327
-0.594996
-0.510517
-0.422723
-0.333108
-0.244930
-0.159611
-0.076014
0.006305
0.086857
0.164113
0.235495
0.297362
0.344929
0.372062
0.372061
0.344924
0.297342
0.235435
0.163991
0.086696
0.006280
-0.075445
-0.157600
-0.240230
-0.324193
-0.408961
-0.492296
-0.573166
-0.651085
-0.725234
-0.794730
-0.858836
-0.917069
-0.969235
-1.015396
-1.055821
-1.090915
-1.121164
-1.133546
-1.276001
-1.244221
-1.207145
-1.164136
-1.114592
-1.058004
-0.994022
-0.922539
-0.843758
-0.758235
-0.666860
-0.570751
-0.471042
-0.369688
-0.270639
-0.175653
-0.083374
0.006899
0.094880
0.179111
0.256904
0.324338
0.376198
0.405784
0.405782
0.376187
0.324297
0.256794
0.178899
0.094619
0.006860
-0.082546
-0.172859
-0.264373
-0.358223
-0.453871
-0.548566
-0.640791
-0.729724
-0.814269
-0.893354
-0.966135
-1.032097
-1.091059
-1.143138
-1.188672
-1.228149
-1.262139
-1.276001
-1.418006
-1.382811
-1.341720
-1.294010
-1.238989
-1.176063
-1.104806
-1.025059
-0.937009
-0.841254
-0.738802
-0.630982
-0.519236
-0.406009
-0.295988
-0.191328
-0.090495
0.007468
0.102511
0.193300
0.277094
0.349739
0.405623
0.437513
0.437508
0.405601
0.349663
0.276905
0.192959
0.102114
0.007412
-0.089352
-0.187623
-0.287966
-0.391775
-0.498462
-0.604692
-0.708413
-0.808448
-0.903423
-0.992086
-1.073500
-1.147125
-1.212807
-1.270720
-1.321283
-1.365066
-1.402725
-1.418006
-1.559783
-1.521228
-1.476181
-1.423833
-1.363403
-1.294203
-1.215732
-1.127768
-1.030477
-0.924488
-0.810921
-0.691312
-0.567414
-0.442179
-0.321077
-0.206715
-0.097418
0.008015
0.109794
0.206754
0.296162
0.373677
0.433328
0.467376
0.467368
0.433286
0.373545
0.295857
0.206237
0.109222
0.007939
-0.095903
-0.201976
-0.311125
-0.424983
-0.542869
-0.660800
-0.776147
-0.887366
-0.992809
-1.091048
-1.181063
-1.262299
-1.334638
-1.398320
-1.453842
-1.501866
-1.543135
-1.559783
-1.701482
-1.659613
-1.610663
-1.553732
-1.487947
-1.412529
-1.326892
-1.230750
-1.124237
-1.008010
-0.883291
-0.751817
-0.615657
-0.478286
-0.345990
-0.221880
-0.104177
0.008545
0.116768
0.219542
0.314195
0.396253
0.459423
0.495491
0.495476
0.459350
0.396040
0.313732
0.218795
0.115977
0.008443
-0.102236
-0.215990
-0.333950
-0.457958
-0.587198
-0.716983
-0.844077
-0.966557
-1.082503
-1.190320
-1.288911
-1.377717
-1.456661
-1.526054
-1.586479
-1.638688
-1.683514
-1.701482
-1.843208
-1.798067
-1.745257
-1.683791
-1.612700
-1.531112
-1.438351
-1.334062
-1.218344
-1.091871
-0.955963
-0.812554
-0.664029
-0.514397
-0.370793
-0.236878
-0.110804
0.009058
0.123471
0.231729
0.331279
0.417563
0.484011
0.521964
0.521938
0.483892
0.417236
0.330604
0.230692
0.122416
0.008928
-0.108383
-0.229730
-0.356523
-0.490789
-0.631533
-0.773316
-0.912267
-1.046080
-1.172562
-1.289958
-1.397106
-1.493445
-1.578949
-1.654002
-1.719279
-1.775624
-1.823961
-1.843208
-1.985034
-1.936658
-1.880029
-1.814070
-1.737717
-1.650000
-1.550153
-1.437745
-1.312835
-1.176109
-1.028976
-0.873567
-0.712580
-0.550570
-0.395546
-0.251757
-0.117325
0.009559
0.129935
0.243377
0.347493
0.437699
0.507190
0.546895
0.546852
0.507005
0.437217
0.346547
0.241982
0.128569
0.009395
-0.114373
-0.243250
-0.378917
-0.523551
-0.675943
-0.829857
-0.980767
-1.125976
-1.263024
-1.390003
-1.505689
-1.609529
-1.701551
-1.782221
-1.852303
-1.912740
-1.964548
-1.985034
-2.127012
-2.075434
-2.015023
-1.944610
-1.863035
-1.769228
-1.662328
-1.541827
-1.407737
-1.260750
-1.102361
-0.934889
-0.761351
-0.586850
-0.420294
-0.266557
-0.123765
0.010049
0.136194
0.254543
0.362914
0.456749
0.529054
0.570380
0.570313
0.528777
0.456064
0.361629
0.252721
0.134468
0.009848
-0.120233
-0.256600
-0.401193
-0.556308
-0.720484
-0.886654
-1.049615
-1.206279
-1.353921
-1.490483
-1.614689
-1.726001
-1.824504
-1.910748
-1.985595
-2.050083
-2.105323
-2.127012
-2.269179
-2.214431
-2.150271
-2.075441
-1.988680
-1.888818
-1.774897
-1.646327
-1.503068
-1.345815
-1.176140
-0.996549
-0.810373
-0.623275
-0.445078
-0.281314
-0.130142
0.010529
0.142275
0.265282
0.377615
0.474796
0.549691
0.592510
0.592409
0.549292
0.473855
0.375918
0.262958
0.140141
0.010287
-0.125986
-0.269823
-0.423403
-0.589112
-0.765204
-0.943745
-1.118841
-1.287013
-1.445271
-1.591418
-1.724128
-1.842882
-1.947831
-2.039611
-2.119183
-2.187685
-2.246321
-2.269179
-2.411561
-2.353671
-2.285795
-2.206581
-2.114669
-2.008786
-1.887875
-1.751258
-1.598842
-1.431316
-1.250328
-1.058566
-0.859673
-0.659875
-0.469930
-0.296056
-0.136477
0.011003
0.148206
0.275644
0.391665
0.491922
0.569188
0.613370
0.613224
0.568632
0.490662
0.389477
0.272743
0.145614
0.010716
-0.131652
-0.282956
-0.445592
-0.622007
-0.810138
-1.001158
-1.188469
-1.368195
-1.537092
-1.692822
-1.834018
-1.960187
-2.071547
-2.168827
-2.253087
-2.325567
-2.387567
-2.411561
-2.554175
-2.493172
-2.421610
-2.338043
-2.241013
-2.129142
-2.001268
-1.856628
-1.695067
-1.517265
-1.324940
-1.120957
-0.909270
-0.696676
-0.494879
-0.310810
-0.142783
0.011471
0.154010
0.285675
0.405131
0.508203
0.587627
0.633045
0.632839
0.586871
0.506557
0.402368
0.282120
0.150914
0.011136
-0.137252
-0.296032
-0.467798
-0.655030
-0.855319
-1.058919
-1.258515
-1.449840
-1.629392
-1.794703
-1.944367
-2.077925
-2.195663
-2.298407
-2.387320
-2.463745
-2.529076
-2.554175
-2.697033
-2.632942
-2.557723
-2.469835
-2.367719
-2.249890
-2.115083
-1.962441
-1.791747
-1.603666
-1.399982
-1.183732
-0.959182
-0.733698
-0.519947
-0.325597
-0.149076
0.011935
0.159709
0.295421
0.418074
0.523714
0.605086
0.651613
0.651332
0.604084
0.521607
0.414649
0.291133
0.156062
0.011548
-0.142801
-0.309078
-0.490053
-0.688210
-0.900772
-1.117045
-1.328995
-1.531957
-1.722178
-1.897065
-2.055181
-2.196099
-2.320184
-2.428358
-2.521890
-2.602226
-2.670860
-2.697033
-2.840141
-2.772989
-2.694139
-2.601960
-2.494789
-2.371032
-2.229319
-2.068699
-1.888883
-1.690524
-1.475461
-1.246903
-1.009422
-0.770958
-0.545154
-0.340434
-0.155366
0.012396
0.165323
0.304921
0.430552
0.538525
0.621641
0.669149
0.668775
0.620342
0.535878
0.426375
0.299822
0.161081
0.011954
-0.148314
-0.322119
-0.512385
-0.721575
-0.946516
-1.175553
-1.399917
-1.614551
-1.815454
-1.999912
-2.166459
-2.314711
-2.445111
-2.558682
-2.656800
-2.741016
-2.812923
-2.840141
-2.983503
-2.913313
-2.830861
-2.734419
-2.622222
-2.492568
-2.343977
-2.175399
-1.986477
-1.777838
-1.551380
-1.310473
-1.059998
-0.808469
-0.570515
-0.355338
-0.161664
0.012854
0.170870
0.314212
0.442619
0.552701
0.637364
0.685728
0.685240
0.635711
0.549432
0.437599
0.308226
0.165989
0.012355
-0.153805
-0.335177
-0.534816
-0.755143
-0.992569
-1.234453
-1.471289
-1.697626
-1.909222
-2.103242
-2.278202
-2.433760
-2.570444
-2.689378
-2.792050
-2.880116
-2.955268
-2.983503
-3.127118
-3.053915
-2.967886
-2.867210
-2.750016
-2.614494
-2.459052
-2.282539
-2.084525
-1.865609
-1.627740
-1.374449
-1.110918
-0.846243
-0.596044
-0.370322
-0.167979
0.013312
0.176366
0.323327
0.454327
0.566305
0.652324
0.701418
0.700794
0.650257
0.562328
0.448370
0.316378
0.170804
0.012752
-0.159284
-0.348269
-0.557368
-0.788935
-1.038944
-1.293754
-1.543115
-1.781184
-2.003479
-2.207053
-2.390406
-2.553243
-2.696179
-2.820445
-2.927639
-3.019526
-3.097895
-3.127118
-3.270986
-3.194792
-3.105211
-3.000328
-2.878167
-2.736805
-2.574539
-2.390116
-2.183024
-1.953835
-1.704541
-1.438832
-1.162189
-0.884287
-0.621753
-0.385396
-0.174317
0.013770
0.181824
0.332298
0.465721
0.579398
0.666587
0.716287
0.715502
0.664041
0.574623
0.458736
0.324313
0.175543
0.013147
-0.164762
-0.361412
-0.580056
-0.822963
-1.085651
-1.353463
-1.615399
-1.865225
-2.098224
-2.311342
-2.503066
-2.673154
-2.822312
-2.951879
-3.063564
-3.159240
-3.240800
-3.270986
-3.415102
-3.335939
-3.242833
-3.133770
-3.006670
-2.859497
-2.690434
-2.498123
-2.281970
-2.042511
-1.781781
-1.503622
-1.213813
-0.922609
-0.647649
-0.400570
-0.180687
0.014229
0.187257
0.341152
0.476846
0.592033
0.680213
0.730398
0.729428
0.677123
0.586370
0.468740
0.332060
0.180221
0.013540
-0.170247
-0.374618
-0.602895
-0.857240
-1.132699
-1.413583
-1.688140
-1.949747
-2.193454
-2.416103
-2.616177
-2.793488
-2.948837
-3.083672
-3.199818
-3.299257
-3.383981
-3.415102
-3.559461
-3.477353
-3.380744
-3.267528
-3.135517
-2.982562
-2.806730
-2.606554
-2.381356
-2.131634
-1.859459
-1.568821
-1.265794
-0.961213
-0.673741
-0.415853
-0.187093
0.014688
0.192678
0.349915
0.487742
0.604264
0.693264
0.743812
0.742629
0.689559
0.597620
0.478423
0.339647
0.184850
0.013932
-0.175748
-0.387899
-0.625897
-0.891775
-1.180095
-1.474119
-1.761340
-2.034748
-2.289163
-2.521332
-2.729732
-2.914239
-3.075747
-3.215819
-3.336395
-3.439568
-3.527431
-3.559461
-3.704059
-3.619026
-3.518940
-3.401596
-3.264702
-3.105993
-2.923419
-2.715401
-2.481177
-2.221198
-1.937571
-1.634427
-1.318132
-1.000104
-0.700034
-0.431250
-0.193540
0.015150
0.198095
0.358610
0.498444
0.616138
0.705795
0.756589
0.755165
0.701404
0.608422
0.487825
0.347100
0.189443
0.014324
-0.181270
-0.401266
-0.649071
-0.926578
-1.227842
-1.535071
-1.834997
-2.120223
-2.385346
-2.627020
-2.843723
-3.035397
-3.203034
-3.348312
-3.473289
-3.580168
-3.671145
-3.704059
-3.848888
-3.760952
-3.657411
-3.535966
-3.394216
-3.229781
-3.040492
-2.824659
-2.581425
-2.311198
-2.016112
-1.700437
-1.370828
-1.039285
-0.726534
-0.446767
-0.200032
0.015614
0.203518
0.367257
0.508989
0.627703
0.717859
0.768784
0.767091
0.712709
0.618822
0.496981
0.354443
0.194011
0.014716
-0.186819
-0.414726
-0.672426
-0.961653
-1.275945
-1.596440
-1.909108
-2.206168
-2.481998
-2.733161
-2.958144
-3.156955
-3.330690
-3.481144
-3.610491
-3.721049
-3.815114
-3.848888
-3.993941
-3.903123
-3.796151
-3.670630
-3.524051
-3.353919
-3.157942
-2.934317
-2.682093
-2.401628
-2.095078
-1.766850
-1.423882
-1.078758
-0.753244
-0.462410
-0.206574
0.016080
0.208954
0.375875
0.519406
0.639000
0.729506
0.780451
0.778458
0.723525
0.628862
0.505926
0.361697
0.198564
0.015109
-0.192401
-0.428288
-0.695970
-0.997006
-1.324406
-1.658226
-1.983670
-2.292578
-2.579110
-2.839746
-3.072985
-3.278904
-3.458706
-3.614304
-3.747993
-3.862203
-3.959333
-3.993941
-4.139211
-4.045531
-3.935151
-3.805579
-3.654199
-3.478397
-3.275761
-3.044369
-2.783175
-2.492481
-2.174464
-1.833662
-1.477293
-1.118523
-0.780166
-0.478181
-0.213167
0.016550
0.214412
0.384481
0.529723
0.650069
0.740785
0.791641
0.789319
0.733899
0.638585
0.514690
0.368882
0.203110
0.015503
-0.198021
-0.441958
-0.719707
-1.032642
-1.373226
-1.720427
-2.058681
-2.379448
-2.676677
-2.946769
-3.188237
-3.401235
-3.587073
-3.747785
-3.885786
-4.003621
-4.103791
-4.139211
-4.284689
-4.188168
-4.074402
-3.940805
-3.784650
-3.603206
-3.393938
-3.154804
-2.884660
-2.583750
-2.254264
-1.900868
-1.531059
-1.158581
-0.807305
-0.494084
-0.219815
0.017023
0.219896
0.393090
0.539968
0.660947
0.751740
0.802402
0.799721
0.743876
0.648029
0.523302
0.376016
0.207658
0.015900
-0.203682
-0.455741
-0.743643
-1.068562
-1.422406
-1.783041
-2.134134
-2.466771
-2.774691
-3.054220
-3.303891
-3.523939
-3.715781
-3.881577
-4.023862
-4.145295
-4.248482
-4.284689
-4.430368
-4.331025
-4.213896
-4.076298
-3.915395
-3.728337
-3.512464
-3.265616
-2.986542
-2.675427
-2.334473
-1.968466
-1.585177
-1.198932
-0.834660
-0.510122
-0.226519
0.017500
0.225412
0.401716
0.550164
0.671667
0.762413
0.812782
0.809711
0.753498
0.657229
0.531790
0.383116
0.212214
0.016299
-0.209387
-0.469641
-0.767781
-1.104770
-1.471946
-1.846066
-2.210027
-2.554541
-2.873143
-3.162091
-3.419939
-3.647005
-3.844822
-4.015670
-4.162211
-4.287216
-4.393396
-4.430368
-4.576238
-4.474093
-4.353624
-4.212049
-4.046425
-3.853781
-3.631332
-3.376793
-3.088812
-2.767506
-2.415084
-2.036450
-1.639645
-1.239576
-0.862233
-0.526297
-0.233282
0.017981
0.230966
0.410370
0.560333
0.682262
0.772843
0.822824
0.819334
0.762807
0.666220
0.540179
0.390197
0.216786
0.016700
-0.215139
-0.483663
-0.792126
-1.141267
-1.521844
-1.909499
-2.286354
-2.642751
-2.972027
-3.270372
-3.536371
-3.770426
-3.974185
-4.150056
-4.300823
-4.429375
-4.538525
-4.576238
-4.722292
-4.617364
-4.493577
-4.348049
-4.177730
-3.979527
-3.750530
-3.488329
-3.191462
-2.859979
-2.496092
-2.104816
-1.694461
-1.280511
-0.890026
-0.542610
-0.240105
0.018465
0.236561
0.419065
0.570493
0.692761
0.783069
0.832569
0.828630
0.771842
0.675035
0.548491
0.397273
0.221379
0.017105
-0.220941
-0.497809
-0.816678
-1.178053
-1.572101
-1.973336
-2.363110
-2.731395
-3.071334
-3.379055
-3.653177
-3.894190
-4.103860
-4.284724
-4.439690
-4.571763
-4.683860
-4.722292
-4.868520
-4.760830
-4.633745
-4.484289
-4.309301
-4.105568
-3.870050
-3.600212
-3.294482
-2.952838
-2.577489
-2.173559
-1.749621
-1.321736
-0.918037
-0.559063
-0.246990
0.018955
0.242201
0.427809
0.580664
0.703190
0.793124
0.842058
0.837642
0.780639
0.683703
0.556748
0.404356
0.225999
0.017513
-0.226796
-0.512083
-0.841441
-1.215130
-1.622714
-2.037574
-2.440289
-2.820465
-3.171055
-3.488131
-3.770348
-4.018288
-4.233839
-4.419665
-4.578801
-4.714370
-4.829391
-4.868520
-5.014915
-4.904480
-4.774120
-4.620760
-4.441129
-4.231893
-3.989883
-3.712435
-3.397865
-3.046076
-2.659269
-2.242674
-1.805121
-1.363249
-0.946267
-0.575656
-0.253937
0.019449
0.247890
0.436611
0.590862
0.713574
0.803041
0.851328
0.846406
0.789233
0.692252
0.564970
0.411457
0.230649
0.017924
-0.232704
-0.526486
-0.866416
-1.252496
-1.673680
-2.102209
-2.517885
-2.909955
-3.271183
-3.597591
-3.887874
-4.142711
-4.364111
-4.554869
-4.718148
-4.857188
-4.975111
-5.014915
-5.161467
-5.048308
-4.914693
-4.757452
-4.573204
-4.358493
-4.110019
-3.824989
-3.501602
-3.139684
-2.741425
-2.312155
-1.860959
-1.405050
-0.974717
-0.592391
-0.260948
0.019947
0.253631
0.445480
0.601101
0.723937
0.812851
0.860415
0.854960
0.797657
0.700709
0.573175
0.418587
0.235334
0.018339
-0.238669
-0.541021
-0.891604
-1.290152
-1.724999
-2.167237
-2.595893
-2.999856
-3.371708
-3.707426
-4.005746
-4.267448
-4.494666
-4.690327
-4.857721
-5.000206
-5.121009
-5.161467
-5.308169
-5.192302
-5.055454
-4.894357
-4.705518
-4.485358
-4.230448
-3.937863
-3.605684
-3.233654
-2.823951
-2.381998
-1.917130
-1.447134
-1.003384
-0.609268
-0.268022
0.020450
0.259426
0.454422
0.611395
0.734300
0.822583
0.869351
0.863337
0.805941
0.709098
0.581379
0.425755
0.240058
0.018758
-0.244690
-0.555690
-0.917005
-1.328096
-1.776667
-2.232652
-2.674306
-3.090161
-3.472624
-3.817626
-4.123955
-4.392491
-4.625495
-4.826029
-4.997511
-5.143417
-5.267078
-5.308169
-5.455012
-5.336457
-5.196396
-5.031465
-4.838060
-4.612480
-4.351162
-4.051050
-3.710104
-3.327980
-2.906840
-2.452196
-1.973630
-1.489501
-1.032269
-0.626287
-0.275162
0.020958
0.265277
0.463444
0.621756
0.744682
0.832263
0.878169
0.871571
0.814116
0.717442
0.589599
0.432971
0.244824
0.019181
-0.250770
-0.570493
-0.942620
-1.366329
-1.828681
-2.298451
-2.753119
-3.180864
-3.573921
-3.928183
-4.242491
-4.517829
-4.756589
-4.961966
-5.137509
-5.286811
-5.413308
-5.455012
-5.601987
-5.480762
-5.337509
-5.168768
-4.970823
-4.739849
-4.472152
-4.164540
-3.814851
-3.422654
-2.990085
-2.522745
-2.030456
-1.532148
-1.061370
-0.643448
-0.282367
0.021472
0.271187
0.472551
0.632196
0.755101
0.841915
0.886898
0.879691
0.822208
0.725763
0.597848
0.440241
0.249635
0.019609
-0.256909
-0.585431
-0.968449
-1.404848
-1.881039
-2.364630
-2.832325
-3.271957
-3.675590
-4.039087
-4.361344
-4.643453
-4.887937
-5.098128
-5.277706
-5.430380
-5.559691
-5.601987
-5.749087
-5.625209
-5.478785
-5.306256
-5.103796
-4.867457
-4.593409
-4.278325
-3.919919
-3.517667
-3.073680
-2.593638
-2.087603
-1.575072
-1.090686
-0.660752
-0.289638
0.021990
0.277157
0.481749
0.642725
0.765574
0.851564
0.895567
0.887728
0.830245
0.734080
0.606140
0.447572
0.254494
0.020040
-0.263108
-0.600505
-0.994492
-1.443651
-1.933737
-2.431182
-2.911918
-3.363432
-3.777625
-4.150331
-4.480506
-4.769354
-5.019532
-5.234507
-5.418092
-5.574114
-5.706219
-5.749087
-5.896303
-5.769791
-5.620215
-5.443921
-5.236972
-4.995294
-4.714924
-4.392396
-4.025298
-3.613011
-3.157617
-2.664870
-2.145067
-1.618270
-1.120217
-0.678197
-0.296975
0.022513
0.283189
0.491042
0.653351
0.776115
0.861230
0.904200
0.895708
0.838248
0.742413
0.614486
0.454972
0.259403
0.020476
-0.269368
-0.615716
-1.020749
-1.482738
-1.986773
-2.498104
-2.991892
-3.455281
-3.880016
-4.261904
-4.599968
-4.895523
-5.151363
-5.371094
-5.558659
-5.718005
-5.852882
-5.896303
-6.043628
-5.914499
-5.761792
-5.581756
-5.370342
-5.123352
-4.836687
-4.506744
-4.130980
-3.708680
-3.241890
-2.736436
-2.202845
-1.661740
-1.149960
-0.695784
-0.304378
0.023041
0.289284
0.500434
0.664083
0.786740
0.870933
0.912824
0.903658
0.846243
0.750777
0.622898
0.462446
0.264364
0.020917
-0.275690
-0.631065
-1.047219
-1.522107
-2.040142
-2.565391
-3.072240
-3.547498
-3.982755
-4.373799
-4.719720
-5.021951
-5.283421
-5.507879
-5.699398
-5.862045
-5.999674
-6.043628
-6.191054
-6.059325
-5.903507
-5.719750
-5.503897
-5.251622
-4.958691
-4.621361
-4.236958
-3.804666
-3.326491
-2.808330
-2.260931
-1.705480
-1.179914
-0.713512
-0.311847
0.023575
0.295444
0.509928
0.674930
0.797461
0.880692
0.921461
0.911601
0.854250
0.759190
0.631386
0.469999
0.269380
0.021362
-0.282075
-0.646551
-1.073901
-1.561755
-2.093842
-2.633037
-3.152956
-3.640075
-4.085834
-4.486006
-4.839753
-5.148628
-5.415699
-5.644854
-5.840301
-6.006225
-6.146586
-6.191054
-6.338573
-6.204261
-6.045351
-5.857897
-5.637629
-5.380096
-5.080928
-4.736239
-4.343224
-3.900961
-3.411416
-2.880546
-2.319322
-1.749486
-1.210078
-0.731381
-0.319382
0.024114
0.301668
0.519529
0.685897
0.808289
0.890525
0.930132
0.919561
0.862289
0.767666
0.639960
0.477636
0.274452
0.021813
-0.288521
-0.662174
-1.100795
-1.601681
-2.147868
-2.701038
-3.234034
-3.733005
-4.189245
-4.598518
-4.960060
-5.275547
-5.548187
-5.782011
-5.981360
-6.150538
-6.293610
-6.338573
-6.486178
-6.349301
-6.187318
-5.996189
-5.771529
-5.508765
-5.203388
-4.851370
-4.449769
-3.997558
-3.496656
-2.953079
-2.378013
-1.793755
-1.240451
-0.749389
-0.326984
0.024658
0.307960
0.529239
0.696991
0.819236
0.900447
0.938859
0.927558
0.870379
0.776220
0.648627
0.485361
0.279581
0.022267
-0.295031
-0.677935
-1.127900
-1.641882
-2.202218
-2.769388
-3.315469
-3.826281
-4.292980
-4.711325
-5.080631
-5.402698
-5.680877
-5.919341
-6.122565
-6.294975
-6.440738
-6.486178
-6.633862
-6.494436
-6.329400
-6.134616
-5.905591
-5.637622
-5.326064
-4.966745
-4.556585
-4.094449
-3.582205
-3.025924
-2.437000
-1.838285
-1.271029
-0.767538
-0.334652
0.025207
0.314318
0.539060
0.708217
0.830312
0.910473
0.947659
0.935613
0.878537
0.784863
0.657396
0.493179
0.284769
0.022727
-0.301604
-0.693833
-1.155215
-1.682356
-2.256888
-2.838083
-3.397252
-3.919895
-4.397032
-4.824421
-5.201459
-5.530073
-5.813760
-6.056836
-6.263911
-6.439529
-6.587963
-6.633862
-6.781618
-6.639659
-6.471589
-6.273173
-6.039806
-5.766659
-5.448948
-5.082356
-4.663666
-4.191628
-3.668058
-3.099074
-2.496278
-1.883072
-1.301813
-0.785825
-0.342387
0.025762
0.320745
0.548995
0.719582
0.841525
0.920618
0.956550
0.943745
0.886780
0.793608
0.666274
0.501093
0.290018
0.023192
-0.308240
-0.709869
-1.182738
-1.723102
-2.311874
-2.907118
-3.479379
-4.013841
-4.501393
-4.937795
-5.322534
-5.657664
-5.946828
-6.194488
-6.405388
-6.584192
-6.735278
-6.781618
-6.929438
-6.784964
-6.613879
-6.411851
-6.174166
-5.895868
-5.572032
-5.198196
-4.771003
-4.289087
-3.754207
-3.172525
-2.555844
-1.928114
-1.332799
-0.804250
-0.350187
0.026322
0.327239
0.559047
0.731090
0.852885
0.930893
0.965549
0.951970
0.895123
0.802465
0.675269
0.509107
0.295328
0.023662
-0.314940
-0.726041
-1.210470
-1.764116
-2.367172
-2.976487
-3.561843
-4.108111
-4.606054
-5.051442
-5.443848
-5.785462
-6.080073
-6.332289
-6.546989
-6.728957
-6.882675
-6.929438
-7.077317
-6.930343
-6.756261
-6.550644
-6.308664
-6.025240
-5.695308
-5.314258
-4.878589
-4.386820
-3.840645
-3.246270
-2.615694
-1.973407
-1.363987
-0.822812
-0.358053
0.026887
0.333803
0.569216
0.742745
0.864400
0.941311
0.974672
0.960306
0.903580
0.811446
0.684385
0.517223
0.300700
0.024136
-0.321704
-0.742351
-1.238408
-1.805397
-2.422779
-3.046187
-3.644639
-4.202698
-4.711009
-5.165352
-5.565394
-5.913460
-6.213488
-6.470232
-6.688707
-6.873817
-7.030147
-7.077317
-7.225247
-7.075789
-6.898729
-6.689543
-6.443293
-6.154770
-5.818769
-5.430533
-4.986417
-4.484818
-3.927368
-3.320306
-2.675822
-2.018949
-1.395375
-0.841511
-0.365986
0.027458
0.340437
0.579506
0.754551
0.876076
0.951883
0.983931
0.968768
0.912164
0.820560
0.693629
0.525444
0.306136
0.024616
-0.328532
-0.758796
-1.266551
-1.846942
-2.478692
-3.116211
-3.727759
-4.297596
-4.816250
-5.279518
-5.687165
-6.041651
-6.347064
-6.608309
-6.830534
-7.018764
-7.177688
-7.225247
-7.373222
-7.221296
-7.041276
-6.828543
-6.578046
-6.284449
-5.942408
-5.547015
-5.094480
-4.583077
-4.014369
-3.394625
-2.736225
-2.064736
-1.426960
-0.860345
-0.373983
0.028034
0.347140
0.589917
0.766512
0.887920
0.962620
0.993341
0.977369
0.920887
0.829815
0.703007
0.533774
0.311636
0.025100
-0.335424
-0.775378
-1.294899
-1.888748
-2.534906
-3.186555
-3.811199
-4.392798
-4.921770
-5.393933
-5.809151
-6.170025
-6.480795
-6.746513
-6.972463
-7.163792
-7.325291
-7.373222
-7.521236
-7.366858
-7.183896
-6.967636
-6.712915
-6.414271
-6.066217
-5.663696
-5.202771
-4.681588
-4.101641
-3.469224
-2.796899
-2.110767
-1.458741
-0.879314
-0.382046
0.028615
0.353914
0.600451
0.778631
0.899938
0.973529
1.002914
0.986123
0.929762
0.839219
0.712522
0.542213
0.317200
0.025590
-0.342379
-0.792095
-1.323449
-1.930814
-2.591418
-3.257214
-3.894952
-4.488297
-5.027561
-5.508588
-5.931346
-6.298576
-6.614673
-6.884836
-7.114487
-7.308893
-7.472949
-7.521236
-7.669283
-7.512468
-7.326583
-7.106816
-6.847894
-6.544228
-6.190189
-5.780570
-5.311282
-4.780346
-4.189178
-3.544097
-2.857839
-2.157037
-1.490716
-0.898417
-0.390175
0.029202
0.360758
0.611109
0.790911
0.912136
0.984621
1.012661
0.995042
0.938798
0.848781
0.722180
0.550765
0.322830
0.026085
-0.349399
-0.808948
-1.352201
-1.973137
-2.648224
-3.328184
-3.979013
-4.584087
-5.133617
-5.623478
-6.053743
-6.427297
-6.748690
-7.023272
-7.256601
-7.454062
-7.620657
-7.669283
-7.817357
-7.658121
-7.469329
-7.246076
-6.982977
-6.674314
-6.314318
-5.897629
-5.420007
-4.879344
-4.276976
-3.619238
-2.919041
-2.203544
-1.522883
-0.917653
-0.398368
0.029794
0.367673
0.621892
0.803356
0.924520
0.995903
1.022593
1.004137
0.948006
0.858506
0.731985
0.559430
0.328527
0.026585
-0.356482
-0.825935
-1.381153
-2.015715
-2.705321
-3.399459
-4.063376
-4.680161
-5.239931
-5.738594
-6.176333
-6.556181
-6.882841
-7.161814
-7.398796
-7.599293
-7.768407
-7.817357
-7.965452
-7.803810
-7.612130
-7.385410
-7.118156
-6.804523
-6.438597
-6.014866
-5.528940
-4.978576
-4.365027
-3.694644
-2.980502
-2.250284
-1.555242
-0.937021
-0.406626
0.030391
0.374659
0.632801
0.815967
0.937094
1.007383
1.032720
1.013420
0.957394
0.868403
0.741940
0.568212
0.334290
0.027090
-0.363629
-0.843056
-1.410304
-2.058545
-2.762705
-3.471035
-4.148034
-4.776513
-5.346496
-5.853930
-6.299111
-6.685220
-7.017117
-7.300456
-7.541067
-7.744578
-7.916194
-7.965452
-8.113563
-7.949530
-7.754978
-7.524813
-7.253426
-6.934847
-6.563019
-6.132276
-5.638074
-5.078035
-4.453327
-3.770308
-3.042217
-2.297256
-1.587788
-0.956521
-0.414948
0.030994
0.381716
0.643838
0.828747
0.949862
1.019068
1.043050
1.022900
0.966971
0.878476
0.752050
0.577112
0.340121
0.027601
-0.370840
-0.860310
-1.439652
-2.101624
-2.820373
-3.542908
-4.232984
-4.873136
-5.453305
-5.969479
-6.422069
-6.814408
-7.151513
-7.439190
-7.683407
-7.889912
-8.064013
-8.113563
-8.261685
-8.095275
-7.897869
-7.664277
-7.388781
-7.065281
-6.687577
-6.249851
-5.747402
-5.177715
-4.541869
-3.846226
-3.104183
-2.344456
-1.620522
-0.976151
-0.423334
0.031602
0.388845
0.655004
0.841699
0.962829
1.030965
1.053593
1.032587
0.976745
0.888731
0.762316
0.586131
0.346019
0.028116
-0.378115
-0.877697
-1.469197
-2.144951
-2.878321
-3.615072
-4.318218
-4.970025
-5.560352
-6.085234
-6.545201
-6.943737
-7.286022
-7.578011
-7.825811
-8.035289
-8.211857
-8.261685
-8.409811
-8.241040
-8.040797
-7.803798
-7.524214
-7.195818
-6.812267
-6.367586
-5.856919
-5.277611
-4.630648
-3.922393
-3.166395
-2.391881
-1.653441
-0.995910
-0.431784
0.032215
0.396045
0.666298
0.854823
0.975999
1.043079
1.064357
1.042488
0.986723
0.899173
0.772743
0.595271
0.351985
0.028637
-0.385453
-0.895217
-1.498936
-2.188523
-2.936546
-3.687523
-4.403732
-5.067173
-5.667631
-6.201188
-6.668500
-7.073203
-7.420638
-7.716913
-7.968272
-8.180704
-8.359721
-8.409811
-8.557938
-8.386820
-8.183757
-7.943370
-7.659720
-7.326452
-6.937081
-6.485474
-5.966618
-5.377717
-4.719659
-3.998805
-3.228850
-2.439529
-1.686543
-1.015798
-0.440298
0.032834
0.403317
0.677722
0.868124
0.989375
1.055416
1.075348
1.052611
0.996913
0.909808
0.783334
0.604533
0.358020
0.029163
-0.392855
-0.912868
-1.528869
-2.232338
-2.995043
-3.760256
-4.489521
-5.164575
-5.775134
-6.317335
-6.791959
-7.202798
-7.555354
-7.855889
-8.110786
-8.326151
-8.507600
-8.557938
-8.706060
-8.532609
-8.326742
-8.082986
-7.795293
-7.457179
-7.062013
-6.603509
-6.076494
-5.478026
-4.808897
-4.075456
-3.291543
-2.487396
-1.719827
-1.035813
-0.448875
0.033457
0.410661
0.689276
0.881601
1.002960
1.067981
1.086573
1.062964
1.007319
0.920640
0.794090
0.613918
0.364124
0.029694
-0.400320
-0.930651
-1.558994
-2.276393
-3.053811
-3.833268
-4.575578
-5.262225
-5.882856
-6.433669
-6.915572
-7.332516
-7.690165
-7.994935
-8.253345
-8.471624
-8.655488
-8.706060
-8.854172
-8.678403
-8.469748
-8.222643
-7.930928
-7.587991
-7.187059
-6.721686
-6.186540
-5.578534
-4.898355
-4.152342
-3.354471
-2.535480
-1.753290
-1.055955
-0.457515
0.034087
0.418077
0.700961
0.895256
1.016758
1.080779
1.098039
1.073554
1.017949
0.931672
0.805014
0.623427
0.370297
0.030230
-0.407849
-0.948564
-1.589310
-2.320686
-3.112844
-3.906553
-4.661900
-5.360116
-5.990791
-6.550184
-7.039334
-7.462351
-7.825064
-8.134043
-8.395946
-8.617119
-8.803382
-8.854172
-9.002270
-8.824196
-8.612771
-8.362335
-8.066619
-7.718884
-7.312211
-6.839999
-6.296751
-5.679234
-4.988029
-4.229459
-3.417631
-2.583778
-1.786932
-1.076223
-0.466218
0.034721
0.425564
0.712778
0.909092
1.030772
1.093814
1.109752
1.084387
1.028807
0.942909
0.816109
0.633062
0.376539
0.030771
-0.415441
-0.966607
-1.619815
-2.365214
-3.172141
-3.980108
-4.748480
-5.458244
-6.098933
-6.666873
-7.163237
-7.592297
-7.960046
-8.273209
-8.538581
-8.762630
-8.951275
-9.002270
-9.150350
-8.969985
-8.755805
-8.502057
-8.202361
-7.849852
-7.437465
-6.958441
-6.407122
-5.780121
-5.077914
-4.306801
-3.481018
-2.632288
-1.820750
-1.096616
-0.474983
0.035361
0.433123
0.724726
0.923109
1.045003
1.107091
1.121716
1.095469
1.039899
0.954355
0.827377
0.642823
0.382851
0.031318
-0.423095
-0.984780
-1.650509
-2.409976
-3.231697
-4.053927
-4.835313
-5.556603
-6.207276
-6.783731
-7.287277
-7.722349
-8.095106
-8.412428
-8.681248
-8.908152
-9.099163
-9.150350
-9.298406
-9.115764
-8.898845
-8.641803
-8.338149
-7.980890
-7.562816
-7.077008
-6.517646
-5.881190
-5.168005
-4.384366
-3.544630
-2.681006
-1.854743
-1.117133
-0.483810
0.036006
0.440754
0.736808
0.937309
1.059456
1.120613
1.133938
1.106804
1.051229
0.966011
0.838820
0.652711
0.389234
0.031869
-0.430813
-1.003081
-1.681389
-2.454970
-3.291509
-4.128008
-4.922396
-5.655186
-6.315814
-6.900752
-7.411447
-7.852501
-8.230238
-8.551694
-8.823940
-9.053681
-9.247041
-9.298406
-9.446435
-9.261529
-9.041887
-8.781570
-8.473979
-8.111993
-7.688257
-7.195695
-6.628319
-5.982436
-5.258297
-4.462147
-3.608461
-2.729931
-1.888908
-1.137773
-0.492699
0.036656
0.448458
0.749022
0.951693
1.074131
1.134385
1.146421
1.118398
1.062802
0.977883
0.850439
0.662728
0.395686
0.032426
-0.438593
-1.021511
-1.712454
-2.500192
-3.351574
-4.202345
-5.009722
-5.753990
-6.424542
-7.017930
-7.535743
-7.982747
-8.365437
-8.691002
-8.966652
-9.199212
-9.394906
-9.446435
-9.594433
-9.407276
-9.184927
-8.921353
-8.609845
-8.243155
-7.813785
-7.314495
-6.739135
-6.083854
-5.348785
-4.540141
-3.672510
-2.779059
-1.923245
-1.158536
-0.501649
0.037312
0.456233
0.761369
0.966262
1.089031
1.148409
1.159170
1.130257
1.074621
0.989972
0.862236
0.672873
0.402209
0.032989
-0.446436
-1.040068
-1.743703
-2.545641
-3.411889
-4.276934
-5.097287
-5.853008
-6.533455
-7.135260
-7.660157
-8.113083
-8.500698
-8.830348
-9.109381
-9.344741
-9.542752
-9.594433
-9.742395
-9.553002
-9.327960
-9.061146
-8.745743
-8.374373
-7.939393
-7.433405
-6.850089
-6.185438
-5.439465
-4.618344
-3.736772
-2.828388
-1.957752
-1.179419
-0.510661
0.037972
0.464080
0.773850
0.981017
1.104158
1.162688
1.172189
1.142382
1.086690
1.002282
0.874213
0.683148
0.408802
0.033556
-0.454341
-1.058751
-1.775135
-2.591314
-3.472451
-4.351773
-5.185087
-5.952236
-6.642546
-7.252736
-7.784686
-8.243502
-8.636015
-8.969726
-9.252121
-9.490263
-9.690576
-9.742395
-9.890319
-9.698701
-9.470983
-9.200947
-8.881668
-8.505641
-8.065077
-7.552419
-6.961176
-6.287183
-5.530331
-4.696752
-3.801244
-2.877915
-1.992426
-1.200424
-0.519734
0.038638
0.471999
0.786466
0.995960
1.119515
1.177226
1.185482
1.154780
1.099013
1.014814
0.886372
0.693554
0.415466
0.034129
-0.462308
-1.077562
-1.806749
-2.637209
-3.533257
-4.426855
-5.273117
-6.051668
-6.751811
-7.370353
-7.909324
-8.374001
-8.771384
-9.109132
-9.394868
-9.635774
-9.838374
-9.890319
-10.038199
-9.844370
-9.613990
-9.340751
-9.017615
-8.636955
-8.190833
-7.671531
-7.072391
-6.389086
-5.621380
-4.775360
-3.865922
-2.927638
-2.027266
-1.221548
-0.528867
0.039309
0.479990
0.799215
1.011091
1.135102
1.192025
1.199051
1.167454
1.111593
1.027571
0.898713
0.704090
0.422202
0.034707
-0.470337
-1.096497
-1.838542
-2.683325
-3.594302
-4.502178
-5.361371
-6.151300
-6.861244
-7.488105
-8.034066
-8.504574
-8.906801
-9.248561
-9.537618
-9.781270
-9.986141
-10.038199
-10.186033
-9.990006
-9.756979
-9.480553
-9.153582
-8.768310
-8.316656
-7.790739
-7.183730
-6.491141
-5.712607
-4.854164
-3.930803
-2.977555
-2.062272
-1.242790
-0.538060
0.039986
0.488053
0.812099
1.026410
1.150922
1.207088
1.212902
1.180406
1.124433
1.040556
0.911238
0.714758
0.429008
0.035290
-0.478429
-1.115558
-1.870514
-2.729658
-3.655585
-4.577738
-5.449846
-6.251126
-6.970841
-7.605989
-8.158906
-8.635216
-9.042260
-9.388010
-9.680367
-9.926747
-10.133874
-10.186033
-10.333817
-10.135605
-9.899946
-9.620349
-9.289563
-8.899702
-8.442541
-7.910036
-7.295188
-6.593344
-5.804007
-4.933161
-3.995885
-3.027662
-2.097440
-1.264151
-0.547314
0.040667
0.496188
0.825118
1.041920
1.166977
1.222417
1.227035
1.193641
1.137536
1.053770
0.923949
0.725559
0.435885
0.035878
-0.486582
-1.134744
-1.902664
-2.776208
-3.717103
-4.653531
-5.538538
-6.351143
-7.080597
-7.723998
-8.283841
-8.765923
-9.177757
-9.527473
-9.823110
-10.072201
-10.281569
-10.333817
-10.481548
-10.281162
-10.042886
-9.760137
-9.425554
-9.031127
-8.568484
-8.029418
-7.406760
-6.695689
-5.895576
-5.012347
-4.061163
-3.077957
-2.132770
-1.285629
-0.556627
0.041353
0.504395
0.838272
1.057620
1.183266
1.238015
1.241455
1.207160
1.150904
1.067216
0.936847
0.736492
0.442834
0.036471
-0.494797
-1.154053
-1.934990
-2.822971
-3.778851
-4.729553
-5.627441
-6.451344
-7.190506
-7.842129
-8.408865
-8.896690
-9.313288
-9.666948
-9.965843
-10.217628
-10.429223
-10.481548
-10.629223
-10.426676
-10.185796
-9.899911
-9.561552
-9.162581
-8.694480
-8.148882
-7.518443
-6.798174
-5.987310
-5.091718
-4.126635
-3.128439
-2.168259
-1.307223
-0.566000
0.042045
0.512673
0.851561
1.073511
1.199793
1.253882
1.256163
1.220967
1.164539
1.080894
0.949932
0.747558
0.449854
0.037070
-0.503073
-1.173486
-1.967492
-2.869945
-3.840828
-4.805800
-5.716551
-6.551726
-7.300564
-7.960375
-8.533974
-9.027512
-9.448849
-9.806429
-10.108564
-10.363025
-10.576832
-10.629223
-10.776838
-10.572142
-10.328674
-10.039670
-9.697553
-9.294060
-8.820526
-8.268422
-7.630230
-6.900793
-6.079205
-5.171270
-4.192297
-3.179104
-2.203907
-1.328933
-0.575432
0.042742
0.521024
0.864986
1.089594
1.216558
1.270022
1.271162
1.235065
1.178445
1.094808
0.963205
0.758758
0.456946
0.037674
-0.511410
-1.193041
-2.000166
-2.917129
-3.903030
-4.882268
-5.805866
-6.652284
-7.410766
-8.078734
-8.659163
-9.158386
-9.584436
-9.945912
-10.251268
-10.508389
-10.724393
-10.776838
-10.924390
-10.717557
-10.471515
-10.179408
-9.833553
-9.425559
-8.946618
-8.388034
-7.742119
-7.003542
-6.171257
-5.250999
-4.258146
-3.229950
-2.239712
-1.350757
-0.584923
0.043444
0.529446
0.878546
1.105870
1.233563
1.286437
1.286455
1.249456
1.192622
1.108957
0.976669
0.770092
0.464110
0.038282
-0.519808
-1.212718
-2.033014
-2.964521
-3.965455
-4.958955
-5.895379
-6.753014
-7.521108
-8.197199
-8.784428
-9.289307
-9.720043
-10.085395
-10.393951
-10.653715
-10.871903
-10.924390
-11.071877
-10.862919
-10.614316
-10.319123
-9.969548
-9.557076
-9.072751
-8.507715
-7.854105
-7.106417
-6.263462
-5.330902
-4.324180
-3.280976
-2.275672
-1.372695
-0.594472
0.044151
0.537939
0.892242
1.122339
1.250809
1.303127
1.302044
1.264141
1.207074
1.123345
0.990323
0.781560
0.471345
0.038897
-0.528268
-1.232517
-2.066032
-3.012118
-4.028100
-5.035856
-5.985088
-6.853910
-7.631586
-8.315767
-8.909765
-9.420272
-9.855669
-10.224873
-10.536611
-10.799001
-11.019358
-11.071877
-11.219295
-11.008224
-10.757074
-10.458811
-10.105535
-9.688606
-9.198921
-8.627461
-7.966183
-7.209413
-6.355816
-5.410976
-4.390394
-3.332178
-2.311785
-1.394746
-0.604080
0.044863
0.546504
0.906075
1.139003
1.268296
1.320095
1.317930
1.279123
1.221801
1.137972
1.004169
0.793164
0.478652
0.039516
-0.536788
-1.252437
-2.099221
-3.059919
-4.090961
-5.112969
-6.074987
-6.954970
-7.742194
-8.434434
-9.035170
-9.551275
-9.991309
-10.364343
-10.679243
-10.944243
-11.166755
-11.219295
-11.366642
-11.153470
-10.899787
-10.598469
-10.241511
-9.820146
-9.325126
-8.747267
-8.078351
-7.312528
-6.448315
-5.491216
-4.456787
-3.383554
-2.348051
-1.416909
-0.613746
0.045580
0.555141
0.920043
1.155860
1.286027
1.337342
1.334116
1.294405
1.236806
1.152840
1.018207
0.804903
0.486031
0.040140
-0.545369
-1.272477
-2.132579
-3.107921
-4.154036
-5.190288
-6.165074
-7.056189
-7.852930
-8.553195
-9.160637
-9.682314
-10.126958
-10.503802
-10.821844
-11.089439
-11.314093
-11.366642
-11.513915
-11.298653
-11.042450
-10.738094
-10.377473
-9.951692
-9.451361
-8.867130
-8.190604
-7.415757
-6.540955
-5.571620
-4.523355
-3.435102
-2.384468
-1.439183
-0.623469
0.046302
0.563850
0.934147
1.172912
1.304001
1.354869
1.350602
1.309987
1.252090
1.167949
1.032438
0.816778
0.493482
0.040770
-0.554010
-1.292637
-2.166104
-3.156123
-4.217323
-5.267812
-6.255345
-7.157562
-7.963787
-8.672047
-9.286164
-9.813384
-10.262615
-10.643245
-10.964412
-11.234585
-11.461367
-11.513915
-11.661111
-11.443771
-11.185062
-10.877683
-10.513416
-10.083242
-9.577623
-8.987045
-8.302939
-7.519097
-6.633733
-5.652183
-4.590095
-3.486820
-2.421033
-1.461569
-0.633250
0.047030
0.572629
0.948388
1.190160
1.322220
1.372679
1.367392
1.325871
1.267655
1.183301
1.046863
0.828788
0.501005
0.041405
-0.562711
-1.312916
-2.199796
-3.204522
-4.280818
-5.345537
-6.345794
-7.259086
-8.074764
-8.790984
-9.411747
-9.944483
-10.398274
-10.782670
-11.106943
-11.379678
-11.608575
-11.661111
-11.808229
-11.588822
-11.327620
-11.017233
-10.649339
-10.214791
-9.703908
-9.107011
-8.415350
-7.622543
-6.726644
-5.732903
-4.657005
-3.538706
-2.457747
-1.484064
-0.643089
0.047762
0.581480
0.962766
1.207604
1.340685
1.390772
1.384485
1.342060
1.283502
1.198898
1.061482
0.840936
0.508601
0.042045
-0.571472
-1.333313
-2.233653
-3.253117
-4.344519
-5.423458
-6.436420
-7.360756
-8.185854
-8.910003
-9.537382
-10.075605
-10.533934
-10.922074
-11.249435
-11.524716
-11.755714
-11.808229
-11.955266
-11.733802
-11.470120
-11.156742
-10.785237
-10.346337
-9.830213
-9.227022
-8.527836
-7.726091
-6.819687
-5.813776
-4.724081
-3.590758
-2.494607
-1.506667
-0.652984
0.048499
0.590403
0.977280
1.225243
1.359397
1.409149
1.401885
1.358554
1.299632
1.214740
1.076297
0.853219
0.516268
0.042690
-0.580294
-1.353829
-2.267674
-3.301905
-4.408423
-5.501574
-6.527218
-7.462569
-8.297055
-9.029101
-9.663064
-10.206748
-10.669589
-11.061453
-11.391884
-11.669696
-11.902782
-11.955266
-12.102218
-11.878710
-11.612561
-11.296206
-10.921109
-10.477876
-9.956535
-9.347076
-8.640393
-7.829740
-6.912856
-5.894800
-4.791322
-3.642972
-2.531612
-1.529380
-0.662936
0.049241
0.599396
0.991930
1.243080
1.378356
1.427812
1.419592
1.375354
1.316048
1.230828
1.091308
0.865640
0.524007
0.043340
-0.589175
-1.374462
-2.301858
-3.350886
-4.472528
-5.579881
-6.618184
-7.564522
-8.408363
-9.148274
-9.788792
-10.337908
-10.805238
-11.200804
-11.534287
-11.814615
-12.049777
-12.102218
-12.249085
-12.023542
-11.754939
-11.435622
-11.056951
-10.609406
-10.082870
-9.467169
-8.753016
-7.933484
-7.006149
-5.975970
-4.858723
-3.695348
-2.568761
-1.552199
-0.672944
0.049989
0.608461
1.006718
1.261113
1.397563
1.446761
1.437607
1.392463
1.332749
1.247163
1.106515
0.878198
0.531819
0.043996
-0.598115
-1.395212
-2.336203
-3.400056
-4.536831
-5.658376
-6.709315
-7.666609
-8.519774
-9.267517
-9.914560
-10.469082
-10.940878
-11.340125
-11.676642
-11.959471
-12.196695
-12.249085
-12.395864
-12.168297
-11.897253
-11.574989
-11.192761
-10.740924
-10.209215
-9.587298
-8.865703
-8.037320
-7.099562
-6.057284
-4.926283
-3.747884
-2.606051
-1.575126
-0.683008
0.050741
0.617596
1.021642
1.279344
1.417019
1.465998
1.455931
1.409882
1.349737
1.263746
1.121919
0.890893
0.539703
0.044656
-0.607115
-1.416078
-2.370709
-3.449414
-4.601329
-5.737055
-6.800607
-7.768828
-8.631284
-9.386828
-10.040366
-10.600268
-11.076504
-11.479413
-11.818946
-12.104261
-12.343535
-12.395864
-12.542553
-12.312973
-12.039500
-11.714304
-11.328535
-10.872426
-10.335568
-9.707459
-8.978450
-8.141245
-7.193092
-6.138739
-4.993999
-3.800576
-2.643482
-1.598158
-0.693128
0.051498
0.626803
1.036703
1.297773
1.436725
1.485524
1.474567
1.427611
1.367013
1.280578
1.137521
0.903727
0.547659
0.045322
-0.616174
-1.437060
-2.405375
-3.498959
-4.666020
-5.815915
-6.892058
-7.871175
-8.742889
-9.506202
-10.166206
-10.731460
-11.212115
-11.618665
-11.961197
-12.248983
-12.490294
-12.542553
-12.689149
-12.457567
-12.181678
-11.853564
-11.464272
-11.003910
-10.461926
-9.827650
-9.091255
-8.245256
-7.286735
-6.220331
-5.061868
-3.853423
-2.681053
-1.621295
-0.703304
0.052260
0.636080
1.051901
1.316400
1.456681
1.505340
1.493514
1.445651
1.384578
1.297660
1.153321
0.916698
0.555688
0.045993
-0.625293
-1.458157
-2.440199
-3.548688
-4.730901
-5.894954
-6.983663
-7.973646
-8.854587
-9.625637
-10.292077
-10.862658
-11.347707
-11.757878
-12.103392
-12.393634
-12.636970
-12.689149
-12.835651
-12.602077
-12.323783
-11.992766
-11.599968
-11.135374
-10.588284
-9.947868
-9.204113
-8.349350
-7.380489
-6.302058
-5.129887
-3.906423
-2.718761
-1.644537
-0.713534
0.053027
0.645429
1.067235
1.335225
1.476888
1.525446
1.512774
1.464005
1.402434
1.314992
1.169320
0.929807
0.563789
0.046669
-0.634470
-1.479368
-2.475180
-3.598599
-4.795970
-5.974168
-7.075419
-8.076238
-8.966373
-9.745129
-10.417975
-10.993856
-11.483278
-11.897049
-12.245528
-12.538213
-12.783562
-12.835651
-12.982058
-12.746502
-12.465816
-12.131910
-11.735622
-11.266813
-10.714642
-10.068109
-9.317022
-8.453522
-7.474350
-6.383916
-5.198054
-3.959574
-2.756606
-1.667882
-0.723820
0.053799
0.654847
1.082707
1.354248
1.497346
1.545843
1.532348
1.482672
1.420580
1.332576
1.185518
0.943054
0.571962
0.047350
-0.643705
-1.500694
-2.510317
-3.648692
-4.861224
-6.053554
-7.167323
-8.178948
-9.078244
-9.864675
-10.543899
-11.125054
-11.618824
-12.036177
-12.387604
-12.682716
-12.930066
-12.982058
-13.128366
-12.890839
-12.607772
-12.270991
-11.871230
-11.398227
-10.840995
-10.188371
-9.429978
-8.557771
-7.568316
-6.465904
-5.266367
-4.012874
-2.794586
-1.691331
-0.734161
0.054576
0.664337
1.098315
1.373471
1.518056
1.566533
1.552237
1.501653
1.439018
1.350411
1.201915
0.956440
0.580207
0.048036
-0.653000
-1.522133
-2.545609
-3.698963
-4.926662
-6.133110
-7.259371
-8.281771
-9.190197
-9.984271
-10.669844
-11.256247
-11.754344
-12.175259
-12.529617
-12.827143
-13.076482
-13.128366
-13.274575
-13.035086
-12.749651
-12.410009
-12.006791
-11.529613
-10.967342
-10.308650
-9.542980
-8.662094
-7.662383
-6.548017
-5.334823
-4.066321
-2.832700
-1.714881
-0.744556
0.055357
0.673897
1.114061
1.392893
1.539019
1.587515
1.572442
1.520950
1.457749
1.368499
1.218512
0.969965
0.588525
0.048727
-0.662352
-1.543685
-2.581055
-3.749411
-4.992279
-6.212832
-7.351561
-8.384705
-9.302229
-10.103914
-10.795807
-11.387433
-11.889834
-12.314292
-12.671565
-12.971490
-13.222806
-13.274575
-13.420682
-13.179241
-12.891450
-12.548961
-12.142303
-11.660967
-11.093679
-10.428945
-9.656023
-8.766486
-7.756548
-6.630254
-5.403419
-4.119913
-2.870947
-1.738533
-0.755005
0.056144
0.683527
1.129943
1.412513
1.560235
1.608791
1.592963
1.540564
1.476773
1.386839
1.235310
0.983628
0.596915
0.049424
-0.671763
-1.565349
-2.616653
-3.800035
-5.058075
-6.292718
-7.443890
-8.487747
-9.414336
-10.223602
-10.921787
-11.518610
-12.025293
-12.453274
-12.813446
-13.115757
-13.369038
-13.420682
-13.566686
-13.323304
-13.033168
-12.687845
-12.277762
-11.792289
-11.220005
-10.549252
-9.769105
-8.870945
-7.850808
-6.712611
-5.472153
-4.173648
-2.909324
-1.762286
-0.765508
0.056935
0.693227
1.145962
1.432334
1.581704
1.630362
1.613801
1.560494
1.496091
1.405434
1.252308
0.997430
0.605378
0.050125
-0.681231
-1.587124
-2.652402
-3.850832
-5.124046
-6.372764
-7.536353
-8.590893
-9.526515
-10.343331
-11.047779
-11.649774
-12.160717
-12.592202
-12.955257
-13.259940
-13.515175
-13.566686
-13.712586
-13.467271
-13.174802
-12.826660
-12.413168
-11.923574
-11.346316
-10.669569
-9.882223
-8.975469
-7.945161
-6.795085
-5.541023
-4.227524
-2.947832
-1.786138
-0.776064
0.057731
0.702998
1.162118
1.452354
1.603428
1.652227
1.634957
1.580743
1.515704
1.424283
1.269507
1.011372
0.613912
0.050832
-0.690758
-1.609011
-2.688303
-3.901801
-5.190191
-6.452968
-7.628948
-8.694140
-9.638763
-10.463099
-11.173782
-11.780924
-12.296104
-12.731075
-13.096997
-13.404038
-13.661215
-13.712586
-13.858379
-13.611142
-13.316351
-12.965402
-12.548517
-12.054822
-11.472611
-10.789892
-9.995375
-9.080054
-8.039603
-6.877675
-5.610025
-4.281540
-2.986468
-1.810089
-0.786674
0.058532
0.712839
1.178411
1.472574
1.625405
1.674388
1.656432
1.601310
1.535612
1.443386
1.286908
1.025452
0.622519
0.051543
-0.700342
-1.631009
-2.724352
-3.952940
-5.256506
-6.533328
-7.721673
-8.797486
-9.751077
-10.582901
-11.299791
-11.912056
-12.431453
-12.869891
-13.238663
-13.548050
-13.807158
-13.858379
-14.004065
-13.754915
-13.457812
-13.104070
-12.683808
-12.186030
-11.598886
-10.910221
-10.108558
-9.184698
-8.134132
-6.960376
-5.679159
-4.335693
-3.025231
-1.834139
-0.797337
0.059338
0.722749
1.194840
1.492994
1.647637
1.696845
1.678226
1.622196
1.555817
1.462745
1.304510
1.039672
0.631199
0.052260
-0.709983
-1.653117
-2.760549
-4.004248
-5.322990
-6.613840
-7.814523
-8.900926
-9.863454
-10.702737
-11.425806
-12.043168
-12.566760
-13.008647
-13.380255
-13.691973
-13.953001
-14.004065
-14.149641
-13.898588
-13.599186
-13.242664
-12.819039
-12.317195
-11.725140
-11.030551
-10.221768
-9.289399
-8.228746
-7.043188
-5.748421
-4.389981
-3.064120
-1.858287
-0.808053
0.060149
0.732730
1.211407
1.513615
1.670125
1.719599
1.700340
1.643402
1.576318
1.482360
1.322315
1.054032
0.639950
0.052981
-0.719681
-1.675334
-2.796894
-4.055722
-5.389641
-6.694501
-7.907497
-9.004459
-9.975892
-10.822602
-11.551823
-12.174258
-12.702024
-13.147342
-13.521769
-13.835806
-14.098743
-14.149641
-14.295107
-14.042159
-13.740468
-13.381179
-12.954208
-12.448317
-11.851370
-11.150881
-10.335005
-9.394152
-8.323440
-7.126106
-5.817810
-4.444403
-3.103134
-1.882532
-0.818821
0.060964
0.742780
1.228110
1.534435
1.692868
1.742650
1.722775
1.664929
1.597117
1.502231
1.340321
1.068531
0.648774
0.053708
-0.729437
-1.697659
-2.833384
-4.107361
-5.456455
-6.775310
-8.000591
-9.108080
-10.088387
-10.942494
-11.677839
-12.305323
-12.837242
-13.285972
-13.663204
-13.979547
-14.244382
-14.295107
-14.440461
-14.185628
-13.881660
-13.519616
-13.089313
-12.579392
-11.977574
-11.271208
-10.448264
-9.498956
-8.418214
-7.209129
-5.887322
-4.498956
-3.142270
-1.906872
-0.829642
0.061784
0.752899
1.244949
1.555456
1.715866
1.765999
1.745531
1.686776
1.618213
1.522358
1.358530
1.083169
0.657670
0.054440
-0.739249
-1.720094
-2.870019
-4.159164
-5.523431
-6.856263
-8.093802
-9.211788
-10.200936
-11.062411
-11.803853
-12.436361
-12.972412
-13.424538
-13.804558
-14.123195
-14.389917
-14.440461
-14.585702
-14.328993
-14.022757
-13.657972
-13.224353
-12.710419
-12.103750
-11.391531
-10.561544
-9.603809
-8.513064
-7.292255
-5.956956
-4.553640
-3.181529
-1.931309
-0.840514
0.062609
0.763088
1.261925
1.576678
1.739121
1.789646
1.768608
1.708946
1.639607
1.542743
1.376942
1.097947
0.666638
0.055177
-0.749118
-1.742635
-2.906798
-4.211127
-5.590567
-6.937357
-8.187128
-9.315579
-10.313537
-11.182350
-11.929862
-12.567371
-13.107533
-13.563035
-13.945831
-14.266748
-14.535347
-14.585702
-14.730828
-14.472252
-14.163760
-13.796246
-13.359325
-12.841396
-12.229897
-11.511846
-10.674842
-9.708707
-8.607987
-7.375479
-6.026710
-4.608451
-3.220909
-1.955840
-0.851438
0.063439
0.773347
1.279038
1.598100
1.762632
1.813591
1.792008
1.731437
1.661301
1.563385
1.395557
1.112865
0.675678
0.055918
-0.759043
-1.765284
-2.943719
-4.263251
-5.657860
-7.018591
-8.280566
-9.419451
-10.426187
-11.302308
-12.055862
-12.698349
-13.242602
-13.701464
-14.087019
-14.410204
-14.680669
-14.730828
-14.875838
-14.615404
-14.304666
-13.934436
-13.494228
-12.972321
-12.356011
-11.632152
-10.788156
-9.813648
-8.702982
-7.458801
-6.096581
-4.663389
-3.260408
-1.980465
-0.862414
0.064273
0.783674
1.296287
1.619723
1.786400
1.837836
1.815731
1.754252
1.683293
1.584285
1.414375
1.127922
0.684790
0.056665
-0.769025
-1.788040
-2.980782
-4.315533
-5.725308
-7.099961
-8.374113
-9.523400
-10.538884
-11.422282
-12.181853
-12.829294
-13.377617
-13.839822
-14.228121
-14.553562
-14.825883
-14.875838
-15.020732
-14.758448
-14.445475
-14.072541
-13.629060
-13.103192
-12.482091
-11.752446
-10.901484
-9.918630
-8.798045
-7.542218
-6.166567
-4.718452
-3.300025
-2.005183
-0.873441
0.065112
0.794071
1.313672
1.641546
1.810424
1.862380
1.839777
1.777389
1.705585
1.605442
1.433396
1.143119
0.693974
0.057417
-0.779063
-1.810901
-3.017986
-4.367971
-5.792909
-7.181465
-8.467766
-9.627425
-10.651624
-11.542271
-12.307832
-12.960203
-13.512577
-13.978107
-14.369137
-14.696821
-14.970987
-15.020732
-15.165507
-14.901383
-14.586185
-14.210559
-13.763819
-13.234007
-12.608135
-11.872726
-11.014823
-10.023650
-8.893174
-7.625727
-6.236665
-4.773637
-3.339760
-2.029994
-0.884518
0.065955
0.804536
1.331193
1.663570
1.834705
1.887224
1.864147
1.800850
1.728178
1.626859
1.452621
1.158456
0.703230
0.058174
-0.789156
-1.833868
-3.055328
-4.420564
-5.860661
-7.263101
-8.561523
-9.731522
-10.764406
-11.662272
-12.433797
-13.091075
-13.647480
-14.116318
-14.510063
-14.839979
-15.115980
-15.165507
-15.310164
-15.044207
-14.726794
-14.348488
-13.898504
-13.364765
-12.734140
-11.992990
-11.128171
-10.128707
-8.988367
-7.709326
-6.306875
-4.828944
-3.379610
-2.054896
-0.895646
0.066804
0.815070
1.348850
1.685795
1.859244
1.912368
1.888841
1.824635
1.751070
1.648534
1.472049
1.173933
0.712558
0.058935
-0.799305
-1.856940
-3.092809
-4.473310
-5.928561
-7.344865
-8.655381
-9.835689
-10.877226
-11.782283
-12.559744
-13.221907
-13.782323
-14.254453
-14.650900
-14.983035
-15.260861
-15.310164
-15.454700
-15.186920
-14.867302
-14.486328
-14.033114
-13.495464
-12.860106
-12.113237
-11.241526
-10.233797
-9.083622
-7.793012
-6.377193
-4.884369
-3.419574
-2.079890
-0.906824
0.067656
0.825673
1.366643
1.708221
1.884040
1.937813
1.913860
1.848745
1.774264
1.670468
1.491682
1.189549
0.721957
0.059702
-0.809509
-1.880115
-3.130427
-4.526207
-5.996608
-7.426757
-8.749337
-9.939923
-10.990082
-11.902301
-12.685674
-13.352698
-13.917105
-14.392510
-14.791645
-15.125987
-15.405629
-15.454700
-15.599114
-15.329519
-15.007706
-14.624077
-14.167647
-13.626102
-12.986031
-12.233464
-11.354885
-10.338918
-9.178936
-7.876784
-6.447618
-4.939912
-3.459651
-2.104974
-0.918052
0.068514
0.836344
1.384572
1.730847
1.909094
1.963558
1.939203
1.873180
1.797759
1.692662
1.511518
1.205305
0.731429
0.060473
-0.819769
-1.903395
-3.168180
-4.579254
-6.064799
-7.508772
-8.843389
-10.044222
-11.102972
-12.022323
-12.811582
-13.483446
-14.051825
-14.530488
-14.932297
-15.268835
-15.550282
-15.599114
-15.743407
-15.472005
-15.148007
-14.761733
-14.302101
-13.756678
-13.111912
-12.353669
-11.468247
-10.444069
-9.274306
-7.960640
-6.518147
-4.995571
-3.499841
-2.130147
-0.929330
0.069376
0.847083
1.402637
1.753674
1.934406
1.989605
1.964872
1.897939
1.821556
1.715115
1.531558
1.221201
0.740971
0.061250
-0.830084
-1.926777
-3.206069
-4.632450
-6.133132
-7.590909
-8.937535
-10.148583
-11.215893
-12.142349
-12.937467
-13.614148
-14.186481
-14.668386
-15.072854
-15.411576
-15.694819
-15.743407
-15.887576
-15.614375
-15.288202
-14.899296
-14.436476
-13.887190
-13.237747
-12.473850
-11.581610
-10.549247
-9.369731
-8.044576
-6.588778
-5.051344
-3.540141
-2.155410
-0.940657
0.070243
0.857890
1.420837
1.776702
1.959975
2.015952
1.990866
1.923025
1.845654
1.737828
1.551803
1.237237
0.750586
0.062031
-0.840453
-1.950261
-3.244091
-4.685792
-6.201605
-7.673165
-9.031771
-10.253003
-11.328844
-12.262375
-13.063328
-13.744804
-14.321070
-14.806201
-15.213316
-15.554211
-15.839240
-15.887576
-16.031620
-15.756629
-15.428291
-15.036763
-14.570768
-14.017637
-13.363536
-12.594006
-11.694971
-10.654449
-9.465209
-8.128591
-6.659510
-5.107229
-3.580550
-2.180760
-0.952034
0.071114
0.868766
1.439172
1.799930
1.985802
2.042602
2.017187
1.948436
1.870055
1.760801
1.572251
1.253412
0.760272
0.062818
-0.850877
-1.973848
-3.282246
-4.739278
-6.270216
-7.755538
-9.126096
-10.357481
-11.441821
-12.382400
-13.189162
-13.875411
-14.455592
-14.943933
-15.353681
-15.696737
-15.983543
-16.031620
-16.175540
-15.898766
-15.568272
-15.174135
-14.704978
-14.148017
-13.489277
-12.714134
-11.808329
-10.759675
-9.560736
-8.212682
-6.730341
-5.163225
-3.621068
-2.206198
-0.963459
0.071990
0.879709
1.457642
1.823359
2.011888
2.069553
2.043833
1.974174
1.894758
1.784034
1.592904
1.269727
0.770029
0.063609
-0.861355
-1.997535
-3.320532
-4.792908
-6.338963
-7.838026
-9.220507
-10.462014
-11.554823
-12.502420
-13.314968
-14.005968
-14.590045
-15.081581
-15.493948
-15.839154
-16.127727
-16.175540
-16.319333
-16.040785
-15.708145
-15.311409
-14.839104
-14.278328
-13.614967
-12.834234
-11.921681
-10.864921
-9.656312
-8.296848
-6.801268
-5.219330
-3.661692
-2.231723
-0.974932
0.072870
0.890720
1.476247
1.846988
2.038231
2.096806
2.070807
2.000238
1.919763
1.807527
1.613761
1.286182
0.779858
0.064405
-0.871887
-2.021323
-3.358949
-4.846679
-6.407844
-7.920626
-9.315001
-10.566600
-11.667846
-12.622436
-13.440742
-14.136472
-14.724428
-15.219142
-15.634115
-15.981461
-16.271791
-16.319333
-16.463000
-16.182685
-15.847908
-15.448584
-14.973145
-14.408569
-13.740605
-12.954302
-12.035026
-10.970185
-9.751933
-8.381086
-6.872289
-5.275542
-3.702422
-2.257333
-0.986454
0.073755
0.901798
1.494987
1.870817
2.064833
2.124362
2.098107
2.026629
1.945072
1.831281
1.634823
1.302776
0.789757
0.065206
-0.882473
-2.045211
-3.397495
-4.900590
-6.476857
-8.003336
-9.409577
-10.671235
-11.780890
-12.742443
-13.566485
-14.266923
-14.858739
-15.356615
-15.774182
-16.123655
-16.415734
-16.463000
-16.606538
-16.324465
-15.987560
-15.585660
-15.107099
-14.538739
-13.866190
-13.074338
-12.148362
-11.075467
-9.847598
-8.465395
-6.943402
-5.331860
-3.743257
-2.283028
-0.998024
0.074644
0.912943
1.513862
1.894847
2.091692
2.152220
2.125734
2.053348
1.970684
1.855295
1.656089
1.319510
0.799728
0.066012
-0.893113
-2.069199
-3.436169
-4.954640
-6.545999
-8.086153
-9.504231
-10.775919
-11.893952
-12.862441
-13.692193
-14.397319
-14.992976
-15.494000
-15.914147
-16.265738
-16.559556
-16.606538
-16.749948
-16.466124
-16.127101
-15.722635
-15.240965
-14.668837
-13.991720
-13.194339
-12.261687
-11.180762
-9.943305
-8.549771
-7.014606
-5.388282
-3.784195
-2.308808
-1.009641
0.075538
0.924155
1.532871
1.919077
2.118810
2.180380
2.153688
2.080393
1.996599
1.879571
1.677560
1.336382
0.809770
0.066823
-0.903806
-2.093285
-3.474970
-5.008826
-6.615269
-8.169076
-9.598962
-10.880647
-12.007029
-12.982427
-13.817865
-14.527657
-15.127138
-15.631295
-16.054009
-16.407706
-16.703255
-16.749948
-16.893229
-16.607661
-16.266529
-15.859509
-15.374743
-14.798860
-14.117194
-13.314305
-12.374999
-11.286071
-10.039052
-8.634213
-7.085899
-5.444806
-3.825235
-2.334672
-1.021305
0.076436
0.935435
1.552013
1.943507
2.146187
2.208843
2.181970
2.107767
2.022818
1.904107
1.699235
1.353395
0.819883
0.067638
-0.914553
-2.117468
-3.513897
-5.063147
-6.684665
-8.252102
-9.693767
-10.985420
-12.120120
-13.102399
-13.943500
-14.657937
-15.261224
-15.768498
-16.193767
-16.549560
-16.846831
-16.893229
-17.036379
-16.749076
-16.405843
-15.996279
-15.508430
-14.928809
-14.242610
-13.434232
-12.488296
-11.391390
-10.134836
-8.718720
-7.157278
-5.501431
-3.866376
-2.360618
-1.033017
0.077338
0.946780
1.571290
1.968137
2.173821
2.237609
2.210579
2.135467
2.049341
1.928904
1.721114
1.370546
0.830066
0.068459
-0.925352
-2.141750
-3.552949
-5.117602
-6.754184
-8.335229
-9.788643
-11.090233
-12.233222
-13.222356
-14.069095
-14.788157
-15.395232
-15.905609
-16.333420
-16.691299
-16.990282
-17.036379
-17.179399
-16.890367
-16.545043
-16.132946
-15.642025
-15.058680
-14.367967
-13.554121
-12.601577
-11.496718
-10.230655
-8.803289
-7.228743
-5.558155
-3.907616
-2.386647
-1.044775
0.078245
0.958193
1.590701
1.992966
2.201713
2.266677
2.239516
2.163496
2.076167
1.953962
1.743198
1.387836
0.840320
0.069284
-0.936204
-2.166128
-3.592124
-5.172188
-6.823825
-8.418455
-9.883590
-11.195086
-12.346334
-13.342295
-14.194650
-14.918315
-15.529161
-16.042626
-16.472967
-16.832920
-17.133608
-17.179399
-17.322287
-17.031534
-16.684128
-16.269507
-15.775528
-15.188474
-14.493263
-13.673969
-12.714839
-11.602053
-10.326509
-8.887917
-7.300290
-5.614977
-3.948955
-2.412757
-1.056579
0.079157
0.969671
1.610245
2.017995
2.229864
2.296049
2.268781
2.191853
2.103298
1.979281
1.765486
1.405266
0.850645
0.070114
-0.947108
-2.190602
-3.631422
-5.226905
-6.893585
-8.501777
-9.978604
-11.299975
-12.459454
-13.462216
-14.320161
-15.048411
-15.663010
-16.179548
-16.612407
-16.974425
-17.276808
-17.322287
-17.465042
-17.172576
-16.823096
-16.405963
-15.908938
-15.318189
-14.618497
-13.793775
-12.828082
-11.707393
-10.422394
-8.972604
-7.371918
-5.671894
-3.990391
-2.438947
-1.068430
0.080072
0.981216
1.629922
2.043224
2.258272
2.325723
2.298374
2.220539
2.130732
2.004862
1.787978
1.422834
0.861039
0.070949
-0.958065
-2.215172
-3.670841
-5.281750
-6.963464
-8.585194
-10.073683
-11.404899
-12.572579
-13.582115
-14.445629
-15.178442
-15.796778
-16.316374
-16.751739
-17.115811
-17.419881
-17.465042
-17.607665
-17.313493
-16.961947
-16.542312
-16.042253
-15.447824
-14.743668
-13.913536
-12.941304
-11.812737
-10.518309
-9.057347
-7.443625
-5.728906
-4.031923
-2.465218
-1.080326
0.080992
0.992826
1.649732
2.068651
2.286939
2.355700
2.328296
2.249553
2.158471
2.030703
1.810675
1.440541
0.871504
0.071788
-0.969073
-2.239836
-3.710381
-5.336723
-7.033458
-8.668703
-10.168825
-11.509856
-12.685707
-13.701992
-14.571050
-15.308407
-15.930463
-16.453104
-16.890961
-17.257078
-17.562827
-17.607665
-17.750154
-17.454283
-17.100680
-16.678553
-16.175472
-15.577377
-14.868774
-14.033253
-13.054502
-11.918082
-10.614252
-9.142144
-7.515409
-5.786010
-4.073549
-2.491567
-1.092268
0.081917
1.004502
1.669674
2.094277
2.315863
2.385980
2.358546
2.278895
2.186515
2.056806
1.833576
1.458386
0.882039
0.072633
-0.980133
-2.264595
-3.750039
-5.391820
-7.103566
-8.752302
-10.264028
-11.614843
-12.798837
-13.821844
-14.696424
-15.438306
-16.064064
-16.589735
-17.030074
-17.398225
-17.705644
-17.750154
-17.892509
-17.594945
-17.239295
-16.814686
-16.308595
-15.706848
-14.993815
-14.152923
-13.167676
-12.023427
-10.710221
-9.226994
-7.587270
-5.843206
-4.115269
-2.517995
-1.104254
0.082846
1.016244
1.689749
2.120102
2.345045
2.416563
2.389124
2.308566
2.214862
2.083170
1.856680
1.476370
0.892644
0.073482
-0.991245
-2.289447
-3.789816
-5.447042
-7.173786
-8.835989
-10.359290
-11.719859
-12.911967
-13.941670
-14.821749
-15.568135
-16.197579
-16.726267
-17.169076
-17.539252
-17.848333
-17.892509
-18.034728
-17.735480
-17.377790
-16.950709
-16.441620
-15.836235
-15.118788
-14.272545
-13.280823
-12.128770
-10.806214
-9.311894
-7.659204
-5.900491
-4.157082
-2.544501
-1.116286
0.083778
1.028050
1.709956
2.146126
2.374485
2.447449
2.420030
2.338566
2.243515
2.109795
1.879989
1.494492
0.903319
0.074335
-1.002408
-2.314391
-3.829709
-5.502385
-7.244115
-8.919762
-10.454609
-11.824901
-13.025095
-14.061468
-14.947024
-15.697895
-16.331009
-16.862699
-17.307966
-17.680156
-17.990891
-18.034728
-18.176813
-17.875886
-17.516164
-17.086622
-16.574546
-15.965537
-15.243692
-14.392117
-13.393943
-12.234110
-10.902229
-9.396842
-7.731210
-5.957864
-4.198985
-2.571084
-1.128362
0.084716
1.039922
1.730295
2.172347
2.404182
2.478638
2.451265
2.368894
2.272471
2.136681
1.903501
1.512752
0.914064
0.075194
-1.013621
-2.339428
-3.869718
-5.557850
-7.314553
-9.003618
-10.549982
-11.929968
-13.138220
-14.181237
-15.072247
-15.827584
-16.464351
-16.999029
-17.446743
-17.820939
-18.133320
-18.176813
-18.318761
-18.016163
-17.654418
-17.222423
-16.707373
-16.094754
-15.368527
-14.511638
-13.507033
-12.339444
-10.998266
-9.481838
-7.803286
-6.015323
-4.240979
-2.597742
-1.140482
0.085657
1.051858
1.750765
2.198767
2.434136
2.510130
2.482829
2.399552
2.301733
2.163828
1.927217
1.531149
0.924877
0.076057
-1.024886
-2.364557
-3.909842
-5.613433
-7.385097
-9.087557
-10.645408
-12.035058
-13.251338
-14.300974
-15.197416
-15.957201
-16.597605
-17.135258
-17.585407
-17.961598
-18.275617
-18.318761
-18.460572
-18.156310
-17.792550
-17.358113
-16.840099
-16.223883
-15.493291
-14.631107
-13.620093
-12.444771
-11.094321
-9.566878
-7.875430
-6.072868
-4.283061
-2.624476
-1.152646
0.086603
1.063859
1.771367
2.225384
2.464347
2.541925
2.514720
2.430538
2.331298
2.191236
1.951137
1.549685
0.935761
0.076925
-1.036200
-2.389776
-3.950079
-5.669133
-7.455745
-9.171575
-10.740884
-12.140168
-13.364449
-14.420679
-15.322531
-16.086744
-16.730769
-17.271383
-17.723956
-18.102133
-18.417782
-18.460572
-18.602247
-18.296327
-17.930560
-17.493689
-16.972724
-16.352925
-15.617983
-14.750523
-13.733120
-12.550090
-11.190393
-9.651962
-7.947642
-6.130496
-4.325230
-2.651284
-1.164853
0.087553
1.075924
1.792099
2.252199
2.494815
2.574022
2.546941
2.461853
2.361169
2.218905
1.975260
1.568357
0.946713
0.077797
-1.047565
-2.415085
-3.990428
-5.724950
-7.526495
-9.255671
-10.836409
-12.245297
-13.477551
-14.540350
-15.447590
-16.216212
-16.863842
-17.407405
-17.862390
-18.242544
-18.559815
-18.602247
-18.743783
-18.436213
-18.068446
-17.629152
-17.105247
-16.481878
-15.742602
-14.869884
-13.846113
-12.655399
-11.286481
-9.737087
-8.019918
-6.188205
-4.367486
-2.678167
-1.177103
0.088507
1.088053
1.812962
2.279210
2.525540
2.606422
2.579490
2.493497
2.391343
2.246835
1.999586
1.587167
0.957734
0.078674
-1.058980
-2.440484
-4.030889
-5.780881
-7.597346
-9.339843
-10.931980
-12.350443
-13.590642
-14.659985
-15.572591
-16.345604
-16.996824
-17.543321
-18.000708
-18.382830
-18.701716
-18.743783
-18.885181
-18.575967
-18.206209
-17.764501
-17.237666
-16.610741
-15.867146
-14.989188
-13.959071
-12.760696
-11.382583
-9.822252
-8.092258
-6.245995
-4.409827
-2.705122
-1.189396
0.089465
1.100246
1.833955
2.306418
2.556521
2.639124
2.612367
2.525471
2.421823
2.275025
2.024115
1.606114
0.968824
0.079556
-1.070444
-2.465971
-4.071459
-5.836924
-7.668295
-9.424088
-11.027596
-12.455604
-13.703721
-14.779583
-15.697534
-16.474919
-17.129713
-17.679132
-18.138910
-18.522990
-18.843482
-18.885181
-19.026441
-18.715589
-18.343847
-17.899735
-17.369982
-16.739513
-15.991615
-15.108436
-14.071992
-12.865979
-11.478696
-9.907455
-8.164659
-6.303863
-4.452252
-2.732150
-1.201732
0.090427
1.112502
1.855077
2.333823
2.587758
2.672128
2.645573
2.557772
2.452606
2.303476
2.048847
1.625198
0.979982
0.080442
-1.081957
-2.491547
-4.112138
-5.893079
-7.739341
-9.508405
-11.123255
-12.560778
-13.816785
-14.899142
-15.822417
-16.604156
-17.262508
-17.814836
-18.276993
-18.663023
-18.985115
-19.026441
-19.167561
-18.855078
-18.481361
-18.034853
-17.502192
-16.868193
-16.116008
-15.227624
-14.184876
-12.971248
-11.574820
-9.992694
-8.237120
-6.361809
-4.494760
-2.759249
-1.214110
0.091393
1.124821
1.876329
2.361423
2.619251
2.705434
2.679106
2.590403
2.483694
2.332187
2.073781
1.644418
0.991209
0.081333
-1.093519
-2.517209
-4.152924
-5.949343
-7.810482
-9.592792
-11.218954
-12.665963
-13.929833
-15.018660
-15.947238
-16.733313
-17.395208
-17.950433
-18.414959
-18.802929
-19.126612
-19.167561
-19.308542
-18.994433
-18.618748
-18.169854
-17.634297
-16.996780
-16.240323
-15.346753
-14.297720
-13.076501
-11.670953
-10.077968
-8.309640
-6.419831
-4.537350
-2.786418
-1.226529
0.092364
1.137203
1.897711
2.389220
2.650999
2.739043
2.712968
2.623363
2.515086
2.361159
2.098918
1.663774
1.002504
0.082228
-1.105130
-2.542959
-4.193817
-6.005715
-7.881716
-9.677247
-11.314692
-12.771158
-14.042864
-15.138137
-16.071996
-16.862389
-17.527813
-18.085921
-18.552806
-18.942707
-19.267975
-19.308542
-19.449382
-19.133655
-18.756010
-18.304738
-17.766296
-17.125274
-16.364559
-15.465821
-14.410523
-13.181736
-11.767093
-10.163274
-8.382216
-6.477926
-4.580019
-2.813658
-1.238990
0.093338
1.149648
1.919221
2.417211
2.683003
2.772953
2.747158
2.656651
2.546782
2.390391
2.124257
1.683267
1.013867
0.083128
-1.116789
-2.568794
-4.234815
-6.062193
-7.953041
-9.761768
-11.410467
-12.876361
-14.155876
-15.257571
-16.196691
-16.991385
-17.660322
-18.221300
-18.690533
-19.082357
-19.409202
-19.449382
-19.590081
-19.272743
-18.893144
-18.439504
-17.898187
-17.253673
-16.488716
-15.584826
-14.523285
-13.286951
-11.863239
-10.248611
-8.454847
-6.536095
-4.622768
-2.840967
-1.251492
0.094317
1.162156
1.940859
2.445398
2.715262
2.807164
2.781676
2.690267
2.578783
2.419882
2.149798
1.702895
1.025298
0.084032
-1.128496
-2.594714
-4.275917
-6.118776
-8.024455
-9.846352
-11.506277
-12.981570
-14.268867
-15.376961
-16.321320
-17.120297
-17.792732
-18.356569
-18.828139
-19.221878
-19.550292
-19.590081
-19.730640
-19.411695
-19.030152
-18.574152
-18.029970
-17.381977
-16.612792
-15.703769
-14.636003
-13.392146
-11.959388
-10.333979
-8.527531
-6.594335
-4.665595
-2.868344
-1.264035
0.095299
1.174725
1.962625
2.473778
2.747775
2.841677
2.816522
2.724213
2.611086
2.449634
2.175540
1.722658
1.036797
0.084941
-1.140252
-2.620719
-4.317123
-6.175462
-8.095957
-9.930999
-11.602119
-13.086784
-14.381835
-15.496304
-16.445883
-17.249126
-17.925045
-18.491727
-18.965625
-19.361269
-19.691246
-19.730640
-19.871057
-19.550512
-19.167031
-18.708680
-18.161645
-17.510184
-16.736786
-15.822647
-14.748676
-13.497318
-12.055540
-10.419374
-8.600267
-6.652644
-4.708499
-2.895789
-1.276618
0.096286
1.187356
1.984519
2.502353
2.780543
2.876490
2.851695
2.758486
2.643694
2.479644
2.201484
1.742557
1.048362
0.085854
-1.152054
-2.646807
-4.358429
-6.232250
-8.167544
-10.015706
-11.697994
-13.192000
-14.494780
-15.615601
-16.570379
-17.377870
-18.057258
-18.626774
-19.102989
-19.500530
-19.832062
-19.871057
-20.011332
-19.689194
-19.303781
-18.843089
-18.293210
-17.638294
-16.860698
-15.941459
-14.861303
-13.602468
-12.151693
-10.504795
-8.673053
-6.711022
-4.751478
-2.923300
-1.289241
0.097276
1.200049
2.006539
2.531122
2.813564
2.911605
2.887195
2.793087
2.676605
2.509914
2.227629
1.762590
1.059995
0.086772
-1.163904
-2.672978
-4.399837
-6.289139
-8.239216
-10.100471
-11.793898
-13.297217
-14.607700
-15.734848
-16.694806
-17.506528
-18.189371
-18.761709
-19.240230
-19.639660
-19.972741
-20.011332
-20.151465
-19.827739
-19.440403
-18.977377
-18.424665
-17.766307
-16.984526
-16.060204
-14.973884
-13.707592
-12.247845
-10.590241
-8.745888
-6.769467
-4.794532
-2.950878
-1.301903
0.098270
1.212803
2.028687
2.560084
2.846839
2.947019
2.923023
2.828017
2.709820
2.540443
2.253974
1.782759
1.071695
0.087694
-1.175800
-2.699232
-4.441344
-6.346125
-8.310970
-10.185293
-11.889829
-13.402434
-14.720593
-15.854046
-16.819163
-17.635099
-18.321382
-18.896530
-19.377348
-19.778658
-20.113281
-20.151465
-20.291455
-19.966147
-19.576895
-19.111544
-18.556009
-17.894220
-17.108270
-16.178882
-15.086416
-13.812690
-12.343996
-10.675710
-8.818770
-6.827978
-4.837659
-2.978520
-1.314605
0.099268
1.225618
2.050960
2.589238
2.880368
2.982734
2.959177
2.863274
2.743337
2.571231
2.280520
1.803061
1.083462
0.088621
-1.187743
-2.725567
-4.482949
-6.403209
-8.382804
-10.270170
-11.985787
-13.507648
-14.833458
-15.973193
-16.943450
-17.763583
-18.453292
-19.031238
-19.514343
-19.917525
-20.253683
-20.291455
-20.431302
-20.104418
-19.713257
-19.245590
-18.687242
-18.022034
-17.231929
-16.297491
-15.198899
-13.917760
-12.440142
-10.761201
-8.891697
-6.886552
-4.880858
-3.006228
-1.327346
0.100270
1.238494
2.073360
2.618585
2.914149
3.018749
2.995659
2.898859
2.777157
2.602276
2.307266
1.823497
1.095295
0.089552
-1.199732
-2.751983
-4.524651
-6.460388
-8.454716
-10.355099
-12.081768
-13.612858
-14.946293
-16.092287
-17.067664
-17.891978
-18.585100
-19.165832
-19.651214
-20.056260
-20.393945
-20.431302
-20.571005
-20.242552
-19.849488
-19.379513
-18.818362
-18.149748
-17.355501
-16.416031
-15.311330
-14.022801
-12.536284
-10.846711
-8.964667
-6.945189
-4.924128
-3.033999
-1.340126
0.101276
1.251430
2.095884
2.648124
2.948182
3.055063
3.032466
2.934771
2.811280
2.633580
2.334211
1.844067
1.107194
0.090487
-1.211768
-2.778479
-4.566448
-6.517661
-8.526706
-10.440080
-12.177773
-13.718063
-15.059096
-16.211328
-17.191805
-18.020283
-18.716803
-19.300310
-19.787960
-20.194861
-20.534068
-20.571005
-20.710565
-20.380547
-19.985588
-19.513314
-18.949369
-18.277360
-17.478986
-16.534499
-15.423710
-14.127812
-12.632419
-10.932240
-9.037680
-7.003887
-4.967468
-3.061832
-1.352944
0.102286
1.264426
2.118534
2.677854
2.982467
3.091676
3.069600
2.971011
2.845705
2.665142
2.361356
1.864770
1.119159
0.091427
-1.223848
-2.805054
-4.608341
-6.575027
-8.598770
-10.525109
-12.273797
-13.823261
-15.171868
-16.330314
-17.315872
-18.148498
-18.848403
-19.434673
-19.924580
-20.333329
-20.674051
-20.710565
-20.849980
-20.518405
-20.121557
-19.646991
-19.080263
-18.404871
-17.602382
-16.652896
-15.536037
-14.232791
-12.728546
-11.017786
-9.110734
-7.062645
-5.010877
-3.089728
-1.365799
0.103299
1.277482
2.141308
2.707775
3.017003
3.128588
3.107059
3.007577
2.880432
2.696962
2.388700
1.885605
1.131190
0.092371
-1.235974
-2.831707
-4.650326
-6.632483
-8.670908
-10.610186
-12.369841
-13.928450
-15.284605
-16.449243
-17.439864
-18.276621
-18.979897
-19.568919
-20.061075
-20.471664
-20.813893
-20.849980
-20.989251
-20.656123
-20.257393
-19.780544
-19.211043
-18.532279
-17.725690
-16.771220
-15.648310
-14.337738
-12.824664
-11.103348
-9.183827
-7.121462
-5.054353
-3.117685
-1.378692
0.104317
1.290597
2.164206
2.737885
3.051790
3.165797
3.144844
3.044469
2.915461
2.729038
2.416243
1.906574
1.143286
0.093319
-1.248145
-2.858438
-4.692405
-6.690029
-8.743118
-10.695309
-12.465903
-14.033628
-15.397307
-16.568115
-17.563779
-18.404653
-19.111286
-19.703048
-20.197443
-20.609864
-20.953595
-20.989251
-21.128377
-20.793702
-20.393097
-19.913973
-19.341708
-18.659584
-17.848909
-16.889470
-15.760528
-14.442650
-12.920771
-11.188924
-9.256958
-7.180335
-5.097895
-3.145703
-1.391623
0.105338
1.303771
2.187227
2.768186
3.086828
3.203305
3.182955
3.081688
2.950792
2.761371
2.443984
1.927674
1.155447
0.094272
-1.260360
-2.885247
-4.734574
-6.747662
-8.815397
-10.780476
-12.561980
-14.138796
-15.509973
-16.686929
-17.687617
-18.532591
-19.242568
-19.837059
-20.333684
-20.747929
-21.093155
-21.128377
-21.267357
-20.931141
-20.528668
-20.047277
-19.472257
-18.786784
-17.972036
-17.007645
-15.872689
-14.547527
-13.016867
-11.274512
-9.330125
-7.239264
-5.141503
-3.173780
-1.404590
0.106362
1.317004
2.210371
2.798676
3.122115
3.241111
3.221390
3.119233
2.986423
2.793961
2.471922
1.948906
1.167674
0.095229
-1.272620
-2.912131
-4.776833
-6.805382
-8.887745
-10.865685
-12.658071
-14.243950
-15.622600
-16.805683
-17.811377
-18.660434
-19.373743
-19.970952
-20.469798
-20.885859
-21.232574
-21.267357
-21.406193
-21.068440
-20.664106
-20.180455
-19.602691
-18.913880
-18.095072
-17.125744
-15.984793
-14.652367
-13.112948
-11.360111
-9.403327
-7.298247
-5.185174
-3.201916
-1.417593
0.107391
1.330295
2.233638
2.829355
3.157652
3.279213
3.260149
3.157104
3.022356
2.826806
2.500058
1.970270
1.179965
0.096190
-1.284923
-2.939091
-4.819180
-6.863187
-8.960159
-10.950934
-12.754174
-14.349089
-15.735188
-16.924376
-17.935058
-18.788183
-19.504810
-20.104726
-20.605783
-21.023654
-21.371850
-21.406193
-21.544882
-21.205599
-20.799410
-20.313508
-19.733008
-19.040871
-18.218016
-17.243767
-16.096838
-14.757170
-13.209015
-11.445719
-9.476562
-7.357282
-5.228909
-3.230111
-1.430632
0.108423
1.343644
2.257026
2.860221
3.193437
3.317611
3.299232
3.195300
3.058589
2.859907
2.528391
1.991764
1.192320
0.097155
-1.297270
-2.966125
-4.861615
-6.921074
-9.032638
-11.036223
-12.850288
-14.454212
-15.847736
-17.043007
-18.058658
-18.915837
-19.635768
-20.238381
-20.741640
-21.161312
-21.510984
-21.544882
-21.683425
-21.342618
-20.934580
-20.446434
-19.863208
-19.167755
-18.340868
-17.361713
-16.208823
-14.861934
-13.305066
-11.531336
-9.549830
-7.416370
-5.272705
-3.258362
-1.443707
0.109458
1.357051
2.280536
2.891275
3.229471
3.356306
3.338640
3.233821
3.095121
2.893264
2.556921
2.013389
1.204740
0.098125
-1.309661
-2.993234
-4.904137
-6.979044
-9.105181
-11.121548
-12.946412
-14.559317
-15.960242
-17.161575
-18.182177
-19.043393
-19.766617
-20.371915
-20.877367
-21.298833
-21.649976
-21.683425
-21.821822
-21.479495
-21.069615
-20.579233
-19.993290
-19.294533
-18.463625
-17.479580
-16.320749
-14.966657
-13.401100
-11.616960
-9.623127
-7.475507
-5.316562
-3.286671
-1.456818
0.110497
1.370516
2.304166
2.922516
3.265752
3.395296
3.378370
3.272666
3.131954
2.926875
2.585646
2.035144
1.217223
0.099098
-1.322094
-3.020415
-4.946743
-7.037093
-9.177784
-11.206909
-13.042543
-14.664404
-16.072704
-17.280079
-18.305614
-19.170853
-19.897355
-20.505329
-21.012966
-21.436218
-21.788824
-21.821822
-21.960072
-21.616231
-21.204515
-20.711905
-20.123254
-19.421204
-18.586288
-17.597367
-16.432612
-15.071339
-13.497114
-11.702589
-9.696454
-7.534693
-5.360478
-3.315035
-1.469963
0.111540
1.384037
2.327917
2.953943
3.302280
3.434581
3.418423
3.311835
3.169085
2.960740
2.614568
2.057029
1.229770
0.100076
-1.334569
-3.047669
-4.989434
-7.095221
-9.250448
-11.292304
-13.138680
-14.769469
-16.185122
-17.398518
-18.428968
-19.298214
-20.027983
-20.638621
-21.148434
-21.573466
-21.927530
-21.960072
-22.098175
-21.752825
-21.339280
-20.844449
-20.253099
-19.547766
-18.708855
-17.715075
-16.544413
-15.175979
-13.593109
-11.788222
-9.769808
-7.593926
-5.404452
-3.343454
-1.483142
0.112586
1.397615
2.351788
2.985555
3.339055
3.474161
3.458798
3.351328
3.206516
2.994859
2.643684
2.079043
1.242380
0.101058
-1.347087
-3.074994
-5.032207
-7.153427
-9.323169
-11.377730
-13.234821
-14.874514
-16.297495
-17.516891
-18.552238
-19.425476
-20.158500
-20.771792
-21.283771
-21.710575
-22.066091
-22.098175
-22.236131
-21.889277
-21.473909
-20.976865
-20.382825
-19.674220
-18.831327
-17.832701
-16.656150
-15.280575
-13.689083
-11.873858
-9.843188
-7.653206
-5.448484
-3.371927
-1.496356
0.113636
1.411250
2.375777
3.017353
3.376076
3.514034
3.499495
3.391145
3.244244
3.029231
2.672995
2.101186
1.255053
0.102044
-1.359647
-3.102390
-5.075061
-7.211708
-9.395948
-11.463188
-13.330966
-14.979534
-16.409821
-17.635196
-18.675423
-19.552639
-20.288904
-20.904840
-21.418978
-21.847547
-22.204508
-22.236131
-22.373939
-22.025587
-21.608402
-21.109152
-20.512431
-19.800564
-18.953702
-17.950245
-16.767823
-15.385126
-13.785034
-11.959495
-9.916593
-7.712530
-5.492572
-3.400453
-1.509603
0.114689
1.424940
2.399885
3.049335
3.413341
3.554201
3.540514
3.431284
3.282271
3.063857
2.702500
2.123457
1.267789
0.103033
-1.372248
-3.129856
-5.117996
-7.270063
-9.468781
-11.548674
-13.427112
-15.084531
-16.522098
-17.753432
-18.798522
-19.679702
-20.419196
-21.037765
-21.554053
-21.984380
-22.342781
-22.373939
-22.511600
-22.161754
-21.742759
-21.241310
-20.641917
-19.926799
-19.075979
-18.067707
-16.879430
-15.489632
-13.880961
-12.045132
-9.990021
-7.771897
-5.536714
-3.429032
-1.522884
0.115746
1.438686
2.424112
3.081500
3.450852
3.594660
3.581853
3.471745
3.320595
3.098734
2.732198
2.145856
1.280587
0.104027
-1.384890
-3.157391
-5.161010
-7.328491
-9.541667
-11.634187
-13.523258
-15.189501
-16.634327
-17.871600
-18.921535
-19.806663
-20.549375
-21.170567
-21.688996
-22.121074
-22.480909
-22.511600
-22.649112
-22.297778
-21.876978
-21.373338
-20.771281
-20.052923
-19.198159
-18.185085
-16.990970
-15.594090
-13.976863
-12.130767
-10.063472
-7.831307
-5.580911
-3.457663
-1.536198
0.116806
1.452487
2.448455
3.113848
3.488606
3.635412
3.623512
3.512529
3.359215
3.133864
2.762090
2.168382
1.293446
0.105025
-1.397573
-3.184994
-5.204102
-7.386990
-9.614605
-11.719726
-13.619402
-15.294444
-16.746505
-17.989697
-19.044460
-19.933522
-20.679439
-21.303245
-21.823808
-22.257629
-22.618892
-22.649112
-22.786476
-22.433659
-22.011060
-21.505237
-20.900525
-20.178936
-19.320239
-18.302379
-17.102443
-15.698501
-14.072739
-12.216400
-10.136943
-7.890757
-5.625160
-3.486344
-1.549544
0.117869
1.466343
2.472915
3.146379
3.526603
3.676455
3.665491
3.553633
3.398133
3.169244
2.792174
2.191035
1.306368
0.106027
-1.410296
-3.212665
-5.247271
-7.445559
-9.687593
-11.805289
-13.715544
-15.399358
-16.858632
-18.107722
-19.167297
-20.060279
-20.809390
-21.435798
-21.958486
-22.394044
-22.756730
-22.786476
-22.923692
-22.569397
-22.145005
-21.637005
-21.029647
-20.304837
-19.442221
-18.419588
-17.213848
-15.802862
-14.168588
-12.302029
-10.210434
-7.950247
-5.669461
-3.515076
-1.562923
0.118936
1.480253
2.497492
3.179091
3.564842
3.717788
3.707789
3.595059
3.437346
3.204875
2.822450
2.213815
1.319351
0.107033
-1.423059
-3.240403
-5.290515
-7.504197
-9.760630
-11.890875
-13.811681
-15.504242
-16.970706
-18.225675
-19.290045
-20.186932
-20.939225
-21.568227
-22.093031
-22.530320
-22.894422
-22.923692
-23.060759
-22.704990
-22.278812
-21.768642
-21.158646
-20.430627
-19.564102
-18.536711
-17.325184
-15.907174
-14.264409
-12.387653
-10.283942
-8.009775
-5.713812
-3.543858
-1.576333
0.120006
1.494217
2.522184
3.211983
3.603323
3.759412
3.750406
3.636804
3.476854
3.240756
2.852917
2.236720
1.332395
0.108043
-1.435862
-3.268206
-5.333834
-7.562901
-9.833713
-11.976482
-13.907812
-15.609096
-17.082726
-18.343555
-19.412703
-20.313482
-21.068944
-21.700530
-22.227443
-22.666455
-23.031968
-23.060759
-23.197677
-22.840440
-22.412481
-21.900148
-21.287523
-20.556303
-19.685882
-18.653747
-17.436449
-16.011434
-14.360199
-12.473270
-10.357467
-8.069341
-5.758213
-3.572688
-1.589775
0.121079
1.508235
2.546991
3.245056
3.642045
3.801325
3.793340
3.678870
3.516657
3.276887
2.883575
2.259751
1.345500
0.109056
-1.448704
-3.296075
-5.377225
-7.621670
-9.906842
-12.062108
-14.003935
-15.713917
-17.194691
-18.461361
-19.535270
-20.439927
-21.198547
-21.832707
-22.361720
-22.802449
-23.169369
-23.197677
-23.334445
-22.975745
-22.546011
-22.031523
-21.416276
-20.681867
-19.807561
-18.770696
-17.547644
-16.115643
-14.455959
-12.558879
-10.431008
-8.128941
-5.802662
-3.601565
-1.603247
0.122156
1.522306
2.571912
3.278308
3.681007
3.843527
3.836592
3.721254
3.556754
3.313267
2.914423
2.282906
1.358665
0.110074
-1.461585
-3.324008
-5.420689
-7.680504
-9.980015
-12.147752
-14.100050
-15.818704
-17.306601
-18.579091
-19.657745
-20.566267
-21.328034
-21.964758
-22.495864
-22.938303
-23.306622
-23.334445
-23.471065
-23.110906
-22.679403
-22.162766
-21.544906
-20.807316
-19.929138
-18.887557
-17.658766
-16.219798
-14.551687
-12.644480
-10.504563
-8.188576
-5.847158
-3.630490
-1.616751
0.123235
1.536430
2.596947
3.311739
3.720209
3.886017
3.880160
3.763957
3.597144
3.349895
2.945461
2.306186
1.371890
0.111095
-1.474504
-3.352004
-5.464223
-7.739400
-10.053230
-12.233412
-14.196155
-15.923456
-17.418453
-18.696746
-19.780128
-20.692500
-21.457403
-22.096682
-22.629873
-23.074015
-23.443729
-23.471065
-23.607534
-23.245922
-22.812655
-22.293876
-21.673412
-20.932652
-20.050612
-19.004329
-17.769816
-16.323899
-14.647382
-12.730070
-10.578130
-8.248245
-5.891700
-3.659461
-1.630284
0.124318
1.550607
2.622094
3.345347
3.759649
3.928794
3.924045
3.806978
3.637827
3.386770
2.976687
2.329590
1.385175
0.112120
-1.487462
-3.380064
-5.507827
-7.798357
-10.126486
-12.319088
-14.292249
-16.028172
-17.530248
-18.814323
-19.902419
-20.818628
-21.586654
-22.228479
-22.763746
-23.209586
-23.580689
-23.607534
-23.743854
-23.380792
-22.945768
-22.424854
-21.801793
-21.057872
-20.171983
-19.121011
-17.880792
-16.427945
-14.743043
-12.815649
-10.651710
-8.307945
-5.936288
-3.688477
-1.643848
0.125404
1.564835
2.647354
3.379132
3.799326
3.971857
3.968244
3.850315
3.678803
3.423892
3.008102
2.353117
1.398519
0.113149
-1.500457
-3.408185
-5.551500
-7.857373
-10.199780
-12.404777
-14.388329
-16.132851
-17.641983
-18.931822
-20.024615
-20.944648
-21.715787
-22.360148
-22.897485
-23.345015
-23.717502
-23.743854
-23.880024
-23.515517
-23.078741
-22.555698
-21.930049
-21.182978
-20.293250
-19.237603
-17.991694
-16.531936
-14.838669
-12.901215
-10.725299
-8.367676
-5.980919
-3.717539
-1.657441
0.126494
1.579116
2.672726
3.413093
3.839241
4.015206
4.012758
3.893970
3.720070
3.461261
3.039704
2.376766
1.411922
0.114182
-1.513489
-3.436367
-5.595239
-7.916448
-10.273113
-12.490477
-14.484396
-16.237491
-17.753658
-19.049243
-20.146717
-21.070560
-21.844801
-22.491689
-23.031087
-23.480302
-23.854168
-23.880024
-24.016043
-23.650097
-23.211574
-22.686410
-22.058180
-21.307967
-20.414413
-19.354104
-18.102521
-16.635869
-14.934258
-12.986767
-10.798897
-8.427437
-6.025593
-3.746644
-1.671063
0.127586
1.593447
2.698208
3.447230
3.879392
4.058840
4.057586
3.937940
3.761628
3.498875
3.071493
2.400538
1.425384
0.115218
-1.526559
-3.464609
-5.639045
-7.975580
-10.346482
-12.576189
-14.580447
-16.342091
-17.865272
-19.166584
-20.268723
-21.196363
-21.973696
-22.623102
-23.164553
-23.615446
-23.990686
-24.016043
-24.151912
-23.784531
-23.344267
-22.816988
-22.186185
-21.432840
-20.535470
-19.470514
-18.213271
-16.739744
-15.029810
-13.072304
-10.872504
-8.487225
-6.070309
-3.775792
-1.684713
0.128681
1.607829
2.723801
3.481541
3.919778
4.102758
4.102726
3.982225
3.803476
3.536734
3.103469
2.424431
1.438904
0.116258
-1.539665
-3.492911
-5.682916
-8.034767
-10.419885
-12.661909
-14.676481
-16.446651
-17.976824
-19.283844
-20.390634
-21.322058
-22.102470
-22.754385
-23.297883
-23.750448
-24.127056
-24.151912
-24.287631
-23.918819
-23.476819
-22.947431
-22.314065
-21.557597
-20.656422
-19.586830
-18.323945
-16.843561
-15.125324
-13.157825
-10.946116
-8.547041
-6.115066
-3.804982
-1.698392
0.129780
1.622262
2.749504
3.516025
3.960398
4.146960
4.148179
4.026825
3.845613
3.574837
3.135630
2.448445
1.452481
0.117301
-1.552807
-3.521271
-5.726850
-8.094008
-10.493322
-12.747637
-14.772497
-16.551168
-18.088312
-19.401024
-20.512447
-21.447643
-22.231124
-22.885540
-23.431076
-23.885307
-24.263278
-24.287631
-24.423199
-24.052961
-23.609231
-23.077741
-22.441817
-21.682236
-20.777268
-19.703054
-18.434541
-16.947317
-15.220798
-13.243329
-11.019735
-8.606883
-6.159863
-3.834214
-1.712099
0.130881
1.636744
2.775315
3.550682
4.001252
4.191443
4.193943
4.071738
3.888040
3.613184
3.167975
2.472579
1.466117
0.118349
-1.565985
-3.549689
-5.770847
-8.153301
-10.566790
-12.833372
-14.868493
-16.655643
-18.199737
-19.518121
-20.634164
-21.573118
-22.359658
-23.016564
-23.564132
-24.020022
-24.399351
-24.423199
-24.558616
-24.186956
-23.741501
-23.207916
-22.569443
-21.806758
-20.898008
-19.819185
-18.545059
-17.051014
-15.316232
-13.328815
-11.093357
-8.666749
-6.204698
-3.863487
-1.725833
0.131986
1.651277
2.801234
3.585512
4.042338
4.236208
4.240018
4.116964
3.930754
3.651773
3.200505
2.496833
1.479809
0.119399
-1.579198
-3.578165
-5.814905
-8.212646
-10.640289
-12.919111
-14.964469
-16.760073
-18.311096
-19.635135
-20.755782
-21.698482
-22.488070
-23.147458
-23.697051
-24.154594
-24.535276
-24.558616
-24.693881
-24.320804
-23.873630
-23.337956
-22.696941
-21.931161
-21.018640
-19.935221
-18.655498
-17.154648
-15.411624
-13.414280
-11.166982
-8.726639
-6.249571
-3.892799
-1.739595
0.133093
1.665858
2.827261
3.620512
4.083655
4.281254
4.286403
4.162503
3.973755
3.690604
3.233218
2.521206
1.493558
0.120454
-1.592447
-3.606696
-5.859023
-8.272040
-10.713817
-13.004853
-15.060423
-16.864457
-18.422390
-19.752065
-20.877302
-21.823735
-22.616360
-23.278222
-23.829831
-24.289022
-24.671052
-24.693881
-24.828996
-24.454506
-24.005617
-23.467860
-22.824312
-22.055446
-21.139164
-20.051162
-18.765857
-17.258221
-15.506974
-13.499726
-11.240610
-8.786551
-6.294480
-3.922151
-1.753383
0.134203
1.680488
2.853394
3.655682
4.125204
4.326579
4.333096
4.208352
4.017043
3.729676
3.266114
2.545697
1.507364
0.121512
-1.605730
-3.635283
-5.903200
-8.331483
-10.787372
-13.090598
-15.156353
-16.968796
-18.533616
-19.868911
-20.998722
-21.948875
-22.744528
-23.408855
-23.962474
-24.423306
-24.806679
-24.828996
-24.963959
-24.588061
-24.137463
-23.597629
-22.951555
-22.179612
-21.259580
-20.167007
-18.876135
-17.361730
-15.602280
-13.585149
-11.314237
-8.846485
-6.339425
-3.951542
-1.767197
0.135316
1.695166
2.879633
3.691021
4.166982
4.372183
4.380098
4.254513
4.060616
3.768988
3.299191
2.570306
1.521225
0.122573
-1.619047
-3.663924
-5.947436
-8.390973
-10.860953
-13.176344
-15.252260
-17.073086
-18.644775
-19.985671
-21.120042
-22.073904
-22.872573
-23.539356
-24.094978
-24.557446
-24.942157
-24.963959
-25.098770
-24.721468
-24.269167
-23.727263
-23.078669
-22.303658
-21.379887
-20.282757
-18.986332
-17.465175
-15.697542
-13.670550
-11.387865
-8.906438
-6.384404
-3.980970
-1.781037
0.136432
1.709892
2.905977
3.726529
4.208988
4.418064
4.427407
4.300982
4.104474
3.808540
3.332450
2.595033
1.535142
0.123638
-1.632398
-3.692619
-5.991728
-8.450509
-10.934559
-13.262089
-15.348140
-17.177329
-18.755864
-20.102346
-21.241261
-22.198819
-23.000495
-23.669726
-24.227344
-24.691441
-25.077485
-25.098770
-25.233429
-24.854728
-24.400728
-23.856760
-23.205655
-22.427585
-21.500085
-20.398409
-19.096447
-17.568555
-15.792758
-13.755927
-11.461490
-8.966410
-6.429417
-4.010435
-1.794903
0.137551
1.724665
2.932426
3.762204
4.251222
4.464223
4.475022
4.347761
4.148616
3.848330
3.365889
2.619875
1.549114
0.124706
-1.645782
-3.721366
-6.036075
-8.510089
-11.008188
-13.347832
-15.443994
-17.281521
-18.866884
-20.218933
-21.362379
-22.323621
-23.128293
-23.799964
-24.359570
-24.825291
-25.212664
-25.233429
-25.367937
-24.987840
-24.532147
-23.986121
-23.332511
-22.551391
-21.620173
-20.513964
-19.206479
-17.671870
-15.887929
-13.841279
-11.535113
-9.026401
-6.474463
-4.039936
-1.808794
0.138672
1.739486
2.958979
3.798045
4.293683
4.510657
4.522942
4.394847
4.193041
3.888358
3.399507
2.644834
1.563141
0.125778
-1.659200
-3.750166
-6.080477
-8.569712
-11.081838
-13.433572
-15.539820
-17.385663
-18.977834
-20.335433
-21.483395
-22.448309
-23.255968
-23.930069
-24.491657
-24.958996
-25.347693
-25.367937
-25.502293
-25.120804
-24.663423
-24.115345
-23.459238
-22.675077
-21.740151
-20.629421
-19.316428
-17.775118
-15.983052
-13.926604
-11.608732
-9.086407
-6.519540
-4.069472
-1.822709
0.139796
1.754352
2.985634
3.834051
4.336370
4.557366
4.571167
4.442241
4.237749
3.928623
3.433304
2.669908
1.577222
0.126853
-1.672650
-3.779017
-6.124932
-8.629376
-11.155509
-13.519307
-15.635617
-17.489753
-19.088712
-20.451845
-21.604308
-22.572883
-23.383518
-24.060042
-24.623605
-25.092556
-25.482573
-25.502293
-25.636496
-25.253620
-24.794556
-24.244432
-23.585836
-22.798641
-21.860018
-20.744780
-19.426293
-17.878298
-16.078126
-14.011903
-11.682346
-9.146430
-6.564647
-4.099043
-1.836649
0.140923
1.769265
3.012391
3.870222
4.379281
4.604348
4.619694
4.489940
4.282737
3.969124
3.467278
2.695096
1.591357
0.127931
-1.686132
-3.807919
-6.169439
-8.689081
-11.229200
-13.605036
-15.731383
-17.593790
-19.199518
-20.568167
-21.725118
-22.697341
-23.510943
-24.189882
-24.755413
-25.225971
-25.617302
-25.636496
-25.770547
-25.386289
-24.925545
-24.373382
-23.712303
-22.922084
-21.979774
-20.860040
-19.536073
-17.981411
-16.173152
-14.097174
-11.755954
-9.206466
-6.609784
-4.128648
-1.850613
0.142052
1.784223
3.039250
3.906556
4.422415
4.651603
4.668525
4.537945
4.328006
4.009859
3.501430
2.720398
1.605546
0.129012
-1.699646
-3.836870
-6.213998
-8.748826
-11.302908
-13.690759
-15.827118
-17.697774
-19.310250
-20.684400
-21.845825
-22.821684
-23.638243
-24.319588
-24.887080
-25.359240
-25.751880
-25.770547
-25.904446
-25.518808
-25.056392
-24.502194
-23.838640
-23.045405
-22.099418
-20.975200
-19.645767
-18.084454
-16.268128
-14.182416
-11.829555
-9.266517
-6.654950
-4.158286
-1.864600
0.143184
1.799227
3.066209
3.943053
4.465772
4.699130
4.717657
4.586254
4.373554
4.050829
3.535757
2.745813
1.619788
0.130097
-1.713191
-3.865870
-6.258606
-8.808607
-11.376632
-13.776473
-15.922820
-17.801703
-19.420909
-20.800542
-21.966427
-22.945911
-23.765417
-24.449161
-25.018608
-25.492363
-25.886309
-25.904446
-26.038192
-25.651180
-25.187094
-24.630869
-23.964847
-23.168604
-22.218950
-21.090260
-19.755376
-18.187428
-16.363053
-14.267627
-11.903147
-9.326579
-6.700143
-4.187957
-1.878611
0.144319
1.814275
3.093268
3.979711
4.509350
4.746927
4.767088
4.634866
4.419380
4.092032
3.570260
2.771341
1.634082
0.131185
-1.726768
-3.894918
-6.303263
-8.868426
-11.450372
-13.862177
-16.018489
-17.905576
-19.531493
-20.916594
-22.086924
-23.070021
-23.892465
-24.578599
-25.149994
-25.625340
-26.020586
-26.038192
-26.171785
-25.783402
-25.317653
-24.759406
-24.090922
-23.291681
-22.338369
-21.205219
-19.864898
-18.290332
-16.457926
-14.352808
-11.976730
-9.386653
-6.745362
-4.217659
-1.892644
0.145456
1.829367
3.120426
4.016530
4.553148
4.794994
4.816820
4.683780
4.465484
4.133468
3.604937
2.796980
1.648429
0.132277
-1.740375
-3.924013
-6.347967
-8.928279
-11.524125
-13.947870
-16.114122
-18.009393
-19.642001
-21.032553
-22.207316
-23.194015
-24.019387
-24.707904
-25.281240
-25.758171
-26.154713
-26.171785
-26.305225
-25.915476
-25.448068
-24.887804
-24.216867
-23.414634
-22.457676
-21.320076
-19.974332
-18.393165
-16.552747
-14.437957
-12.050303
-9.446737
-6.790608
-4.247392
-1.906699
0.146596
1.844504
3.147682
4.053508
4.597165
4.843329
4.866849
4.732995
4.511864
4.175134
3.639788
2.822730
1.662828
0.133371
-1.754012
-3.953154
-6.392718
-8.988166
-11.597891
-14.033552
-16.209720
-18.113152
-19.752433
-21.148420
-22.327602
-23.317891
-24.146181
-24.837073
-25.412345
-25.890855
-26.288689
-26.305225
-26.438513
-26.047401
-25.578339
-25.016064
-24.342679
-23.537464
-22.576869
-21.434832
-20.083678
-18.495925
-16.647514
-14.523073
-12.123865
-9.506829
-6.835877
-4.277155
-1.920777
0.147738
1.859683
3.175036
4.090644
4.641401
4.891931
4.917176
4.782510
4.558520
4.217031
3.674811
2.848590
1.677278
0.134469
-1.767679
-3.982341
-6.437514
-9.048086
-11.671668
-14.119220
-16.305281
-18.216853
-19.862788
-21.264194
-22.447781
-23.441650
-24.272849
-24.966108
-25.543308
-26.023392
-26.422513
-26.438513
-26.571647
-26.179177
-25.708466
-25.144186
-24.468360
-23.660171
-22.695948
-21.549486
-20.192936
-18.598613
-16.742227
-14.608155
-12.197414
-9.566930
-6.881171
-4.306948
-1.934876
0.148883
1.874905
3.202485
4.127937
4.685853
4.940799
4.967798
4.832325
4.605450
4.259157
3.710006
2.874560
1.691779
0.135569
-1.781375
-4.011572
-6.482355
-9.108037
-11.745454
-14.204874
-16.400804
-18.320495
-19.973065
-21.379874
-22.567853
-23.565290
-24.399389
-25.095008
-25.674130
-26.155783
-26.556187
-26.571647
-26.704628
-26.310803
-25.838448
-25.272168
-24.593909
-23.782753
-22.814912
-21.664037
-20.302105
-18.701228
-16.836885
-14.693202
-12.270949
-9.627038
-6.926487
-4.336769
-1.948996
0.150030
1.890170
3.230031
4.165386
4.730520
4.989932
5.018715
4.882437
4.652653
4.301511
3.745371
2.900639
1.706330
0.136673
-1.795100
-4.040848
-6.527239
-9.168018
-11.819250
-14.290512
-16.496288
-18.424076
-20.083263
-21.495459
-22.687817
-23.688811
-24.525802
-25.223772
-25.804810
-26.288026
-26.689709
-26.704628
-26.837456
-26.442280
-25.968285
-25.400012
-24.719325
-23.905211
-22.933762
-21.778485
-20.411183
-18.803769
-16.931487
-14.778213
-12.344470
-9.687152
-6.971825
-4.366618
-1.963137
0.151180
1.905476
3.257671
4.202991
4.775402
5.039328
5.069926
4.932846
4.700129
4.344092
3.780906
2.926825
1.720931
0.137780
-1.808854
-4.070166
-6.572165
-9.228028
-11.893053
-14.376133
-16.591731
-18.527596
-20.193381
-21.610949
-22.807673
-23.812214
-24.652086
-25.352400
-25.935348
-26.420123
-26.823079
-26.837456
-26.970130
-26.573607
-26.097977
-25.527716
-24.844609
-24.027545
-23.052497
-21.892829
-20.520172
-18.906235
-17.026032
-14.863188
-12.417976
-9.747271
-7.017184
-4.396495
-1.977299
0.152332
1.920824
3.285405
4.240749
4.820497
5.088986
5.121430
4.983551
4.747876
4.386900
3.816610
2.953119
1.735583
0.138890
-1.822636
-4.099527
-6.617132
-9.288066
-11.966862
-14.461737
-16.687133
-18.631053
-20.303419
-21.726344
-22.927420
-23.935496
-24.778241
-25.480892
-26.065743
-26.552071
-26.956298
-26.970130
-27.102651
-26.704785
-26.227524
-25.655280
-24.969759
-24.149753
-23.171116
-22.007068
-20.629069
-19.008625
-17.120520
-14.948125
-12.491466
-9.807394
-7.062562
-4.426398
-1.991480
0.153486
1.936213
3.313232
4.278660
4.865804
5.138906
5.173224
5.034550
4.795893
4.429933
3.852481
2.979519
1.750283
0.140003
-1.836445
-4.128930
-6.662138
-9.348130
-12.040675
-14.547321
-16.782494
-18.734448
-20.413377
-21.841643
-23.047059
-24.058659
-24.904268
-25.609248
-26.195997
-26.683873
-27.089365
-27.102651
-27.235018
-26.835813
-26.356926
-25.782705
-25.094777
-24.271836
-23.289620
-22.121203
-20.737875
-19.110940
-17.214949
-15.033023
-12.564938
-9.867520
-7.107960
-4.456327
-2.005681
0.154642
1.951642
3.341152
4.316723
4.911321
5.189085
5.225309
5.085843
4.844178
4.473189
3.888519
3.006025
1.765032
0.141118
-1.850282
-4.158373
-6.707184
-9.408219
-12.114493
-14.632885
-16.877811
-18.837780
-20.523252
-21.956844
-23.166587
-24.181702
-25.030165
-25.737467
-26.326107
-26.815526
-27.222280
-27.235018
-27.367232
-26.966691
-26.486182
-25.909990
-25.219661
-24.393794
-23.408007
-22.235233
-20.846589
-19.213177
-17.309319
-15.117883
-12.638391
-9.927648
-7.153376
-4.486281
-2.019902
0.155801
1.967111
3.369163
4.354937
4.957048
5.239523
5.277682
5.137428
4.892732
4.516668
3.924723
3.032635
1.779829
0.142237
-1.864146
-4.187856
-6.752267
-9.468332
-12.188313
-14.718428
-16.973084
-18.941046
-20.633046
-22.071948
-23.286005
-24.304624
-25.155933
-25.865550
-26.456074
-26.947032
-27.355042
-27.367232
-27.499292
-27.097419
-26.615293
-26.037135
-25.344411
-24.515625
-23.526277
-22.349157
-20.955210
-19.315338
-17.403630
-15.202702
-12.711826
-9.987777
-7.198809
-4.516259
-2.034141
0.156962
1.982620
3.397264
4.393300
5.002983
5.290218
5.330343
5.189304
4.941551
4.560369
3.961092
3.059350
1.794674
0.143358
-1.878036
-4.217378
-6.797387
-9.528468
-12.262134
-14.803948
-17.068312
-19.044247
-20.742756
-22.186954
-23.405313
-24.427424
-25.281571
-25.993495
-26.585899
-27.078389
-27.487653
-27.499292
-27.631197
-27.227997
-26.744258
-26.164139
-25.469027
-24.637331
-23.644430
-22.462974
-21.063738
-19.417420
-17.497880
-15.287480
-12.785240
-10.047907
-7.244258
-4.546261
-2.048399
0.158125
1.998168
3.425455
4.431811
5.049125
5.341169
5.383291
5.241470
4.990637
4.604291
3.997625
3.086168
1.809567
0.144482
-1.891953
-4.246938
-6.842543
-9.588626
-12.335956
-14.889445
-17.163493
-19.147382
-20.852382
-22.301862
-23.524510
-24.550103
-25.407079
-26.121303
-26.715580
-27.209598
-27.620111
-27.631197
-27.762949
-27.358424
-26.873078
-26.291002
-25.593510
-24.758909
-23.762466
-22.576686
-21.172173
-19.519424
-17.592069
-15.372216
-12.858633
-10.108035
-7.289722
-4.576286
-2.062674
0.159290
2.013754
3.453735
4.470470
5.095472
5.392374
5.436523
5.293924
5.039986
4.648432
4.034320
3.113089
1.824506
0.145609
-1.905895
-4.276536
-6.887733
-9.648803
-12.409776
-14.974917
-17.258628
-19.250450
-20.961924
-22.416670
-23.643595
-24.672660
-25.532456
-26.248973
-26.845117
-27.340659
-27.752417
-27.762949
-27.894547
-27.488701
-27.001751
-26.417725
-25.717857
-24.880361
-23.880384
-22.690290
-21.280513
-19.621349
-17.686195
-15.456910
-12.932004
-10.168161
-7.335202
-4.606333
-2.076968
0.160458
2.029379
3.482103
4.509274
5.142024
5.443833
5.490038
5.346666
5.089599
4.692791
4.071177
3.140111
1.839492
0.146739
-1.919862
-4.306171
-6.932957
-9.709000
-12.483594
-15.060363
-17.353715
-19.353450
-21.071381
-22.531378
-23.762568
-24.795095
-25.657702
-26.376505
-26.974511
-27.471571
-27.884570
-27.894547
-28.025991
-27.618828
-27.130278
-26.544307
-25.842071
-25.001686
-23.998184
-22.803787
-21.388759
-19.723193
-17.780259
-15.541560
-13.005352
-10.228285
-7.380694
-4.636402
-2.091279
0.161627
2.045041
3.510558
4.548223
5.188778
5.495543
5.543836
5.399693
5.139473
4.737368
4.108195
3.167234
1.854524
0.147872
-1.933854
-4.335842
-6.978214
-9.769216
-12.557409
-15.145783
-17.448753
-19.456381
-21.180752
-22.645986
-23.881428
-24.917407
-25.782818
-26.503900
-27.103761
-27.602334
-28.016570
-28.025991
-28.157280
-27.748803
-27.258659
-26.670748
-25.966149
-25.122883
-24.115866
-22.917176
-21.496909
-19.824958
-17.874259
-15.626165
-13.078676
-10.288405
-7.426200
-4.666491
-2.105606
0.162799
2.060740
3.539099
4.587316
5.235734
5.547504
5.597915
5.453005
5.189607
4.782160
4.145372
3.194457
1.869601
0.149007
-1.947871
-4.365548
-7.023501
-9.829448
-12.631219
-15.231175
-17.543741
-19.559242
-21.290037
-22.760493
-24.000176
-25.039596
-25.907802
-26.631156
-27.232867
-27.732949
-28.148418
-28.157280
-28.288415
-27.878629
-27.386893
-26.797048
-26.090092
-25.243953
-24.233429
-23.030457
-21.604963
-19.926641
-17.968196
-15.710726
-13.151975
-10.348521
-7.471718
-4.696601
-2.119951
0.163972
2.076475
3.567725
4.626552
5.282890
5.599714
5.652274
5.506600
5.240001
4.827167
4.182708
3.221779
1.884724
0.150145
-1.961912
-4.395288
-7.068820
-9.889695
-12.705024
-15.316538
-17.638678
-19.662034
-21.399234
-22.874899
-24.118810
-25.161662
-26.032654
-26.758273
-27.361828
-27.863415
-28.280113
-28.288415
-28.419396
-28.008303
-27.514981
-26.923206
-26.213900
-25.364895
-24.350872
-23.143629
-21.712921
-20.028242
-18.062067
-15.795241
-13.225249
-10.408631
-7.517246
-4.726731
-2.134312
0.165148
2.092247
3.596435
4.665928
5.330245
5.652172
5.706910
5.560478
5.290652
4.872387
4.220201
3.249200
1.899891
0.151285
-1.975976
-4.425062
-7.114167
-9.949958
-12.778822
-15.401872
-17.733564
-19.764755
-21.508344
-22.989203
-24.237330
-25.283604
-26.157375
-26.885252
-27.490645
-27.993731
-28.411655
-28.419396
-28.550222
-28.137826
-27.642922
-27.049223
-26.337572
-25.485708
-24.468196
-23.256693
-21.820783
-20.129761
-18.155873
-15.879708
-13.298497
-10.468734
-7.562785
-4.756879
-2.148688
0.166325
2.108055
3.625229
4.705445
5.377797
5.704875
5.761824
5.614636
5.341560
4.917820
4.257850
3.276718
1.915102
0.152428
-1.990064
-4.454868
-7.159543
-10.010234
-12.852612
-15.487174
-17.828397
-19.867403
-21.617366
-23.103405
-24.355737
-25.405423
-26.281963
-27.012092
-27.619318
-28.123898
-28.543043
-28.550222
