-0.120018
-0.114728
-0.108988
-0.102838
-0.096330
-0.089535
-0.082538
-0.075432
-0.068307
-0.061222
-0.054169
-0.047054
-0.039704
-0.031992
-0.024033
-0.015928
-0.007675
0.000641
0.008867
0.016784
0.024102
0.030442
0.035314
0.038092
0.038092
0.035314
0.030442
0.024102
0.016784
0.008867
0.000641
-0.007672
-0.015912
-0.023973
-0.031810
-0.039277
-0.046238
-0.052829
-0.059275
-0.065747
-0.072323
-0.078996
-0.085699
-0.092333
-0.098797
-0.105005
-0.110885
-0.116380
-0.120018
-0.223236
-0.213466
-0.202462
-0.190210
-0.176753
-0.162215
-0.146807
-0.130841
-0.114717
-0.098895
-0.083801
-0.069706
-0.056593
-0.044265
-0.032621
-0.021400
-0.010262
0.000856
0.011825
0.022379
0.032135
0.040587
0.047082
0.050787
0.050787
0.047082
0.040587
0.032135
0.022378
0.011822
0.000855
-0.010239
-0.021277
-0.032209
-0.043177
-0.054344
-0.065907
-0.078260
-0.091701
-0.106203
-0.121461
-0.137024
-0.152430
-0.167283
-0.181280
-0.194219
-0.205985
-0.216540
-0.223236
-0.325799
-0.311780
-0.295778
-0.277693
-0.257502
-0.235304
-0.211362
-0.186147
-0.160352
-0.134861
-0.110638
-0.088512
-0.068913
-0.051830
-0.037052
-0.023846
-0.011316
0.000939
0.012948
0.024487
0.035154
0.044398
0.051503
0.055555
0.055555
0.051503
0.044397
0.035152
0.024480
0.012936
0.000936
-0.011234
-0.023462
-0.035890
-0.049043
-0.063633
-0.080254
-0.099374
-0.121067
-0.144827
-0.169778
-0.194944
-0.219458
-0.242655
-0.264097
-0.283546
-0.300925
-0.316270
-0.325799
-0.429614
-0.411514
-0.390710
-0.367011
-0.340316
-0.310677
-0.278364
-0.243945
-0.208344
-0.172836
-0.138922
-0.108046
-0.081201
-0.058748
-0.040533
-0.025414
-0.011863
0.000976
0.013397
0.025295
0.036294
0.045831
0.053164
0.057346
0.057346
0.053163
0.045829
0.036286
0.025274
0.013362
0.000969
-0.011672
-0.024596
-0.038250
-0.053650
-0.072125
-0.094565
-0.121305
-0.152018
-0.185609
-0.220590
-0.255473
-0.289026
-0.320384
-0.349032
-0.374746
-0.397509
-0.417441
-0.429614
-0.535268
-0.513235
-0.487792
-0.458658
-0.425650
-0.388760
-0.348245
-0.304737
-0.259340
-0.213665
-0.169719
-0.129570
-0.094839
-0.066370
-0.044215
-0.026914
-0.012300
0.000998
0.013617
0.025632
0.036736
0.046373
0.053788
0.058019
0.058019
0.053787
0.046367
0.036716
0.025582
0.013541
0.000985
-0.011945
-0.025501
-0.040509
-0.058524
-0.081483
-0.110447
-0.145470
-0.185718
-0.229455
-0.274584
-0.319138
-0.361585
-0.400906
-0.436551
-0.468324
-0.496279
-0.520626
-0.535268
-0.642912
-0.617075
-0.587139
-0.552726
-0.513568
-0.469589
-0.421017
-0.368526
-0.313366
-0.257440
-0.203216
-0.153376
-0.110204
-0.075118
-0.048495
-0.028648
-0.012779
0.001020
0.013782
0.025818
0.036930
0.046586
0.054025
0.058272
0.058271
0.054022
0.046571
0.036884
0.025717
0.013639
0.000997
-0.012207
-0.026495
-0.043117
-0.064189
-0.092224
-0.128342
-0.172198
-0.222373
-0.276465
-0.331785
-0.385941
-0.437143
-0.484260
-0.526721
-0.564376
-0.597355
-0.625962
-0.642912
-0.752518
-0.722999
-0.688703
-0.649155
-0.603993
-0.553066
-0.496563
-0.435179
-0.370288
-0.304048
-0.239351
-0.179467
-0.127363
-0.085102
-0.053498
-0.030720
-0.013360
0.001046
0.013962
0.025981
0.037050
0.046683
0.054118
0.058368
0.058367
0.054110
0.046652
0.036961
0.025800
0.013725
0.001010
-0.012520
-0.027700
-0.046236
-0.070811
-0.104481
-0.148324
-0.201490
-0.261914
-0.326517
-0.392053
-0.455745
-0.515583
-0.570346
-0.619462
-0.662836
-0.700686
-0.733411
-0.752518
-0.863988
-0.830901
-0.792369
-0.747818
-0.696790
-0.639048
-0.574728
-0.504534
-0.429938
-0.353329
-0.277990
-0.207757
-0.146281
-0.096328
-0.059254
-0.033167
-0.014067
0.001079
0.014190
0.026177
0.037168
0.046749
0.054162
0.058405
0.058403
0.054145
0.046689
0.037013
0.025883
0.013829
0.001026
-0.012910
-0.029165
-0.049919
-0.078429
-0.118263
-0.170356
-0.233252
-0.304196
-0.379440
-0.455210
-0.528377
-0.596742
-0.659013
-0.714635
-0.763580
-0.806156
-0.842867
-0.863988
-0.977196
-0.940647
-0.897997
-0.848570
-0.791806
-0.727374
-0.655348
-0.576422
-0.492148
-0.405121
-0.318994
-0.238139
-0.166896
-0.108773
-0.065762
-0.035997
-0.014907
0.001119
0.014479
0.026433
0.037319
0.046819
0.054193
0.058423
0.058417
0.054162
0.046716
0.037069
0.025988
0.013964
0.001047
-0.013390
-0.030906
-0.054179
-0.087044
-0.133542
-0.194364
-0.267363
-0.349065
-0.435060
-0.521076
-0.603662
-0.680450
-0.750099
-0.812084
-0.866455
-0.913621
-0.954193
-0.977196
-1.092005
-1.052095
-1.005440
-0.951259
-0.888882
-0.817883
-0.738260
-0.650681
-0.556759
-0.459275
-0.362225
-0.270509
-0.189139
-0.122404
-0.073014
-0.039212
-0.015883
0.001167
0.014838
0.026764
0.037522
0.046913
0.054227
0.058435
0.058424
0.054173
0.046746
0.037143
0.026129
0.014139
0.001073
-0.013965
-0.032930
-0.059017
-0.096642
-0.150277
-0.220267
-0.303704
-0.396372
-0.493216
-0.589485
-0.681430
-0.766538
-0.843436
-0.911647
-0.971308
-1.022934
-1.067247
-1.092005
-1.208281
-1.165108
-1.114554
-1.055734
-0.987868
-0.910421
-0.823307
-0.727157
-0.623622
-0.515651
-0.407563
-0.304764
-0.212942
-0.137185
-0.080995
-0.042808
-0.016996
0.001223
0.015272
0.027180
0.037789
0.047042
0.054275
0.058450
0.058431
0.054186
0.046787
0.037245
0.026315
0.014358
0.001104
-0.014636
-0.035237
-0.064430
-0.107207
-0.168424
-0.247988
-0.342163
-0.445983
-0.553758
-0.660278
-0.761520
-0.854843
-0.938866
-1.013168
-1.077985
-1.133947
-1.181887
-1.208281
-1.325896
-1.279552
-1.225203
-1.161856
-1.088617
-1.004840
-0.910344
-0.805705
-0.692601
-0.574122
-0.454894
-0.340815
-0.238242
-0.153084
-0.089695
-0.046784
-0.018246
0.001288
0.015783
0.027687
0.038130
0.047215
0.054343
0.058470
0.058439
0.054205
0.046846
0.037383
0.026552
0.014626
0.001141
-0.015405
-0.037829
-0.070414
-0.118722
-0.187943
-0.277452
-0.382639
-0.497776
-0.616550
-0.733312
-0.843780
-0.945214
-1.036235
-1.116497
-1.186344
-1.246521
-1.297979
-1.325896
-1.444728
-1.395301
-1.337256
-1.269491
-1.190995
-1.101004
-0.999233
-0.886193
-0.763567
-0.634571
-0.504117
-0.378579
-0.264979
-0.170066
-0.099101
-0.051136
-0.019634
0.001360
0.016372
0.028291
0.038552
0.047441
0.054436
0.058499
0.058451
0.054233
0.046926
0.037561
0.026846
0.014945
0.001184
-0.016274
-0.040706
-0.076965
-0.131172
-0.208792
-0.308590
-0.425036
-0.551639
-0.681467
-0.808450
-0.928071
-1.037507
-1.135402
-1.221497
-1.296247
-1.360524
-1.415395
-1.444728
-1.564661
-1.512238
-1.450592
-1.378514
-1.294873
-1.198782
-1.089845
-0.968494
-0.836403
-0.696891
-0.555137
-0.417979
-0.293100
-0.188100
-0.109201
-0.055863
-0.021159
0.001441
0.017041
0.028995
0.039060
0.047725
0.054559
0.058542
0.058470
0.054272
0.047032
0.037786
0.027200
0.015317
0.001232
-0.017241
-0.043869
-0.084080
-0.144540
-0.230933
-0.341338
-0.469271
-0.607469
-0.748392
-0.885567
-1.014262
-1.131590
-1.236236
-1.328035
-1.407568
-1.475832
-1.534015
-1.564661
-1.685590
-1.630252
-1.565099
-1.488811
-1.400134
-1.298056
-1.182061
-1.052492
-0.910997
-0.760981
-0.607867
-0.458945
-0.322552
-0.207158
-0.119982
-0.060963
-0.022822
0.001530
0.017791
0.029801
0.039661
0.048074
0.054719
0.058600
0.058497
0.054326
0.047170
0.038063
0.027619
0.015743
0.001286
-0.018310
-0.047318
-0.091756
-0.158811
-0.254330
-0.375638
-0.515265
-0.665170
-0.817218
-0.964546
-1.102230
-1.227339
-1.338612
-1.435992
-1.520189
-1.592331
-1.653729
-1.685590
-1.807415
-1.749241
-1.680671
-1.600272
-1.506668
-1.398715
-1.275771
-1.138079
-0.987247
-0.826746
-0.662227
-0.501412
-0.353290
-0.227210
-0.131435
-0.066434
-0.024625
0.001628
0.018623
0.030712
0.040358
0.048494
0.054920
0.058678
0.058537
0.054398
0.047343
0.038395
0.028104
0.016224
0.001347
-0.019479
-0.051054
-0.099989
-0.173969
-0.278949
-0.411435
-0.562943
-0.724655
-0.887843
-1.045278
-1.191861
-1.324638
-1.442415
-1.545254
-1.634000
-1.709914
-1.774432
-1.807415
-1.930044
-1.869112
-1.797211
-1.712798
-1.614371
-1.500654
-1.370870
-1.225153
-1.065057
-0.894099
-0.718141
-0.545320
-0.385270
-0.248230
-0.143546
-0.072273
-0.026566
0.001734
0.019538
0.031729
0.041153
0.048988
0.055167
0.058779
0.058590
0.054492
0.047556
0.038786
0.028658
0.016762
0.001413
-0.020751
-0.055079
-0.108777
-0.190000
-0.304755
-0.448677
-0.612239
-0.785840
-0.960174
-1.127661
-1.283050
-1.423380
-1.547539
-1.655716
-1.748897
-1.828482
-1.896029
-1.930044
-2.053393
-1.989776
-1.914629
-1.826296
-1.723150
-1.603777
-1.467263
-1.313620
-1.144335
-0.962958
-0.775538
-0.590610
-0.418448
-0.270193
-0.156304
-0.078478
-0.028647
0.001849
0.020538
0.032855
0.042051
0.049561
0.055464
0.058908
0.058662
0.054611
0.047812
0.039240
0.029283
0.017356
0.001485
-0.022127
-0.059394
-0.118116
-0.206887
-0.331719
-0.487317
-0.663088
-0.848647
-1.034122
-1.211599
-1.375698
-1.523464
-1.653884
-1.767281
-1.864787
-1.947942
-2.018431
-2.053393
-2.177382
-2.111151
-2.032839
-1.940679
-1.832916
-1.707994
-1.564857
-1.403390
-1.224998
-1.033245
-0.834349
-0.637230
-0.452788
-0.293073
-0.169699
-0.085046
-0.030868
0.001973
0.021622
0.034091
0.043053
0.050216
0.055815
0.059067
0.058755
0.054759
0.048115
0.039758
0.029981
0.018009
0.001563
-0.023607
-0.063999
-0.128003
-0.224617
-0.359810
-0.527308
-0.715428
-0.913002
-1.109603
-1.297003
-1.469710
-1.624797
-1.761357
-1.879858
-1.981581
-2.068210
-2.141554
-2.177382
-2.301938
-2.233163
-2.151765
-2.055867
-1.943584
-1.813220
-1.663570
-1.494380
-1.306966
-1.104887
-0.894512
-0.685127
-0.488250
-0.316849
-0.183719
-0.091975
-0.033230
0.002106
0.022794
0.035439
0.044161
0.050956
0.056225
0.059261
0.058873
0.054939
0.048468
0.040344
0.030752
0.018721
0.001648
-0.025193
-0.068895
-0.138431
-0.243174
-0.389000
-0.568607
-0.769203
-0.978837
-1.186539
-1.383789
-1.565001
-1.727291
-1.869871
-1.993361
-2.099197
-2.189205
-2.265323
-2.301938
-2.426994
-2.355740
-2.271334
-2.171784
-2.055080
-1.919378
-1.763321
-1.586513
-1.390163
-1.177814
-0.955967
-0.734254
-0.524800
-0.341497
-0.198354
-0.099262
-0.035732
0.002247
0.024053
0.036900
0.045378
0.051784
0.056696
0.059495
0.059019
0.055155
0.048874
0.041000
0.031600
0.019493
0.001739
-0.026885
-0.074084
-0.149399
-0.262545
-0.419261
-0.611172
-0.824358
-1.046084
-1.264855
-1.471876
-1.661487
-1.830863
-1.979345
-2.107711
-2.217557
-2.310854
-2.389666
-2.426994
-2.552486
-2.478819
-2.391478
-2.288362
-2.167330
-2.026392
-1.864036
-1.679714
-1.474518
-1.251961
-1.018655
-0.784562
-0.562403
-0.366996
-0.213592
-0.106903
-0.038376
0.002397
0.025402
0.038477
0.046705
0.052703
0.057232
0.059770
0.059198
0.055411
0.049336
0.041727
0.032524
0.020326
0.001837
-0.028685
-0.079564
-0.160899
-0.282714
-0.450566
-0.654964
-0.880840
-1.114682
-1.344482
-1.561190
-1.759092
-1.935436
-2.089703
-2.222836
-2.336592
-2.433089
-2.514517
-2.552486
-2.678358
-2.602340
-2.512135
-2.405535
-2.280267
-2.134195
-1.965645
-1.773913
-1.559966
-1.327266
-1.082522
-0.836008
-0.601027
-0.393325
-0.229423
-0.114896
-0.041160
0.002557
0.026841
0.040172
0.048145
0.053714
0.057835
0.060092
0.059412
0.055709
0.049856
0.042528
0.033526
0.021221
0.001941
-0.030594
-0.085337
-0.172928
-0.303668
-0.482891
-0.699944
-0.938599
-1.184570
-1.425352
-1.651660
-1.857743
-2.040937
-2.200874
-2.338666
-2.456234
-2.555846
-2.639816
-2.678358
-2.804555
-2.726245
-2.633247
-2.523242
-2.393828
-2.242721
-2.068083
-1.869047
-1.646441
-1.403669
-1.147517
-0.888549
-0.640639
-0.420464
-0.245837
-0.123235
-0.044086
0.002726
0.028372
0.041986
0.049699
0.054820
0.058510
0.060463
0.059667
0.056053
0.050437
0.043403
0.034609
0.022180
0.002051
-0.032613
-0.091402
-0.185481
-0.325394
-0.516209
-0.746076
-0.997588
-1.255691
-1.507402
-1.743219
-1.957372
-2.147299
-2.312791
-2.455136
-2.576422
-2.679065
-2.765506
-2.804555
-2.931028
-2.850484
-2.754760
-2.641427
-2.507956
-2.351911
-2.171289
-1.965052
-1.733885
-1.481115
-1.213588
-0.942144
-0.681210
-0.448393
-0.262823
-0.131920
-0.047151
0.002904
0.029997
0.043922
0.051370
0.056022
0.059257
0.060887
0.059964
0.056446
0.051082
0.044355
0.035773
0.023203
0.002169
-0.034743
-0.097759
-0.198551
-0.347877
-0.550498
-0.793324
-1.057760
-1.327992
-1.590571
-1.835803
-2.057914
-2.254457
-2.425392
-2.572186
-2.697099
-2.802692
-2.891534
-2.931028
-3.057730
-2.975007
-2.876623
-2.760039
-2.622595
-2.461707
-2.275203
-2.061870
-1.822240
-1.559551
-1.280690
-0.996754
-0.722710
-0.477093
-0.280372
-0.140944
-0.050358
0.003091
0.031716
0.045982
0.053160
0.057324
0.060081
0.061367
0.060308
0.056891
0.051792
0.045386
0.037019
0.024291
0.002293
-0.036984
-0.104407
-0.212134
-0.371105
-0.585733
-0.841654
-1.119072
-1.401419
-1.674803
-1.929351
-2.159308
-2.362352
-2.538619
-2.689762
-2.818210
-2.926675
-3.017851
-3.057730
-3.184619
-3.099772
-2.998790
-2.879026
-2.737695
-2.572057
-2.379771
-2.159447
-1.911452
-1.638924
-1.348776
-1.052341
-0.765111
-0.506545
-0.298473
-0.150306
-0.053704
0.003288
0.033532
0.048169
0.055072
0.058728
0.060983
0.061906
0.060702
0.057390
0.052569
0.046497
0.038350
0.025446
0.002425
-0.039337
-0.111344
-0.226224
-0.395064
-0.621893
-0.891033
-1.181480
-1.475923
-1.760041
-2.023807
-2.261496
-2.470925
-2.652416
-2.807808
-2.939705
-3.050967
-3.144412
-3.184619
-3.311655
-3.224736
-3.121216
-2.998345
-2.853206
-2.682910
-2.484942
-2.257729
-2.001470
-1.719186
-1.417802
-1.108868
-0.808384
-0.536732
-0.317117
-0.160000
-0.057190
0.003494
0.035445
0.050485
0.057107
0.060235
0.061965
0.062507
0.061150
0.057948
0.053416
0.047690
0.039768
0.026670
0.002563
-0.041803
-0.118571
-0.240815
-0.419741
-0.658954
-0.941429
-1.244943
-1.551456
-1.846235
-2.119116
-2.364423
-2.580125
-2.766732
-2.926278
-3.061539
-3.175524
-3.271176
-3.311655
-3.438801
-3.349860
-3.243863
-3.117952
-2.969085
-2.794219
-2.590667
-2.356669
-2.092245
-1.800292
-1.487726
-1.166300
-0.852504
-0.567636
-0.336294
-0.170024
-0.060814
0.003709
0.037456
0.052932
0.059269
0.061847
0.063031
0.063174
0.061654
0.058566
0.054335
0.048967
0.041273
0.027962
0.002708
-0.044382
-0.126086
-0.255902
-0.445124
-0.696894
-0.992810
-1.309423
-1.627972
-1.933335
-2.215227
-2.468038
-2.689900
-2.881519
-3.045124
-3.183667
-3.300305
-3.398102
-3.438801
-3.566024
-3.475109
-3.366691
-3.237808
-3.085288
-2.905941
-2.696901
-2.456219
-2.183730
-1.882195
-1.558509
-1.224603
-0.897444
-0.599239
-0.355995
-0.180373
-0.064577
0.003934
0.039568
0.055512
0.061560
0.063569
0.064183
0.063908
0.062218
0.059247
0.055328
0.050330
0.042868
0.029325
0.002861
-0.047074
-0.133887
-0.271478
-0.471201
-0.735694
-1.045146
-1.374881
-1.705428
-2.021291
-2.312090
-2.572292
-2.800203
-2.996732
-3.164304
-3.306048
-3.425270
-3.525155
-3.566024
-3.693292
-3.600450
-3.489666
-3.357874
-3.201778
-3.018034
-2.803600
-2.556334
-2.275882
-1.964855
-1.630111
-1.283745
-0.943179
-0.631525
-0.376210
-0.191044
-0.068477
0.004169
0.041780
0.058228
0.063983
0.065401
0.065423
0.064714
0.062844
0.059994
0.056397
0.051781
0.044555
0.030760
0.003021
-0.049880
-0.141974
-0.287539
-0.497958
-0.775332
-1.098408
-1.441280
-1.783780
-2.110059
-2.409658
-2.677139
-2.910989
-3.112326
-3.283777
-3.428646
-3.550385
-3.652301
-3.693292
-3.820575
-3.725851
-3.612755
-3.478117
-3.318517
-3.130459
-2.910724
-2.656974
-2.368658
-2.048230
-1.702496
-1.343693
-0.989685
-0.664476
-0.396930
-0.202033
-0.072514
0.004413
0.044094
0.061083
0.066540
0.067347
0.066754
0.065593
0.063536
0.060809
0.057545
0.053322
0.046336
0.032268
0.003188
-0.052801
-0.150344
-0.304079
-0.525383
-0.815787
-1.152568
-1.508585
-1.862988
-2.199596
-2.507887
-2.782535
-3.022216
-3.228264
-3.403506
-3.551423
-3.675615
-3.779508
-3.820575
-3.947847
-3.851285
-3.735927
-3.598505
-3.435471
-3.243179
-3.018235
-2.758098
-2.462018
-2.132282
-1.775627
-1.404417
-1.036938
-0.698078
-0.418146
-0.213336
-0.076687
0.004667
0.046512
0.064079
0.069236
0.069409
0.068179
0.066549
0.064296
0.061695
0.058772
0.054954
0.048214
0.033851
0.003363
-0.055835
-0.158995
-0.321091
-0.553465
-0.857040
-1.207598
-1.576761
-1.943013
-2.289859
-2.606735
-2.888438
-3.133845
-3.344506
-3.523455
-3.674348
-3.800931
-3.906748
-3.947847
-4.075082
-3.976723
-3.859154
-3.719006
-3.552607
-3.356161
-3.126095
-2.859669
-2.555925
-2.216973
-1.849470
-1.465888
-1.084914
-0.732314
-0.439849
-0.224950
-0.080995
0.004930
0.049033
0.067218
0.072072
0.071591
0.069699
0.067584
0.065127
0.062654
0.060083
0.056682
0.050189
0.035509
0.003545
-0.058984
-0.167928
-0.338570
-0.582192
-0.899072
-1.263470
-1.645775
-2.023818
-2.380809
-2.706162
-2.994809
-3.245837
-3.461018
-3.643591
-3.797388
-3.926302
-4.033993
-4.075082
-4.202257
-4.102143
-3.982411
-3.839593
-3.669895
-3.469372
-3.234272
-2.961652
-2.650342
-2.302268
-1.923993
-1.528076
-1.133591
-0.767168
-0.462031
-0.236869
-0.085438
0.005202
0.051659
0.070502
0.075052
0.073895
0.071319
0.068701
0.066033
0.063690
0.061480
0.058506
0.052264
0.037244
0.003735
-0.062248
-0.177138
-0.356510
-0.611552
-0.941863
-1.320159
-1.715595
-2.105365
-2.472407
-2.806128
-3.101611
-3.358157
-3.577766
-3.763883
-3.920517
-4.051703
-4.161218
-4.202257
-4.329350
-4.227519
-4.105671
-3.960238
-3.787307
-3.582782
-3.342732
-3.064011
-2.745234
-2.388133
-1.999162
-1.590954
-1.182948
-0.802626
-0.484682
-0.249091
-0.090014
0.005485
0.054390
0.073934
0.078180
0.076325
0.073041
0.069903
0.067016
0.064804
0.062964
0.060430
0.054442
0.039057
0.003933
-0.065626
-0.186625
-0.374906
-0.641534
-0.985395
-1.377639
-1.786189
-2.187621
-2.564618
-2.906598
-3.208808
-3.470772
-3.694719
-3.884302
-4.043705
-4.177108
-4.288400
-4.329350
-4.456342
-4.352832
-4.228912
-4.080919
-3.904816
-3.696362
-3.451446
-3.166717
-2.840569
-2.474535
-2.074948
-1.654495
-1.232963
-0.838673
-0.507794
-0.261612
-0.094722
0.005777
0.057228
0.077516
0.081458
0.078885
0.074868
0.071193
0.068078
0.066000
0.064539
0.062457
0.056725
0.040949
0.004138
-0.069118
-0.196387
-0.393751
-0.672125
-1.029650
-1.435885
-1.857528
-2.270551
-2.657405
-3.007537
-3.316367
-3.583650
-3.811848
-4.004821
-4.166929
-4.302493
-4.415518
-4.456342
-4.583213
-4.478061
-4.352113
-4.201610
-4.022398
-3.810085
-3.560385
-3.269737
-2.936315
-2.561443
-2.151321
-1.718674
-1.283614
-0.875293
-0.531358
-0.274428
-0.099562
0.006078
0.060173
0.081250
0.084890
0.081576
0.076803
0.072574
0.069223
0.067280
0.066207
0.064588
0.059114
0.042922
0.004351
-0.072724
-0.206421
-0.413040
-0.703315
-1.074610
-1.494872
-1.929582
-2.354123
-2.750735
-3.108911
-3.424256
-3.696761
-3.929124
-4.125414
-4.290164
-4.427838
-4.542550
-4.583213
-4.709947
-4.603188
-4.475254
-4.322292
-4.140028
-3.923926
-3.669521
-3.373044
-3.032443
-2.648827
-2.228252
-1.783463
-1.334883
-0.912474
-0.555367
-0.287535
-0.104532
0.006389
0.063226
0.085139
0.088478
0.084404
0.078850
0.074049
0.070453
0.068648
0.067972
0.066827
0.061613
0.044976
0.004572
-0.076445
-0.216726
-0.432767
-0.735093
-1.120257
-1.554579
-2.002322
-2.438306
-2.844577
-3.210689
-3.532445
-3.810078
-4.046522
-4.246057
-4.413389
-4.553122
-4.669479
-4.709947
-4.836528
-4.728195
-4.598316
-4.442943
-4.257686
-4.037862
-3.778829
-3.476611
-3.128924
-2.736658
-2.305714
-1.848840
-1.386748
-0.950200
-0.579811
-0.300929
-0.109632
0.006710
0.066386
0.089184
0.092227
0.087371
0.081012
0.075621
0.071772
0.070105
0.069836
0.069176
0.064224
0.047113
0.004800
-0.080279
-0.227300
-0.452926
-0.767448
-1.166574
-1.614980
-2.075722
-2.523070
-2.938899
-3.312841
-3.640905
-3.923573
-4.164018
-4.366728
-4.536583
-4.678325
-4.796287
-4.836528
-4.962940
-4.853067
-4.721282
-4.563545
-4.375350
-4.151870
-3.888285
-3.580410
-3.225731
-2.824909
-2.383680
-1.914781
-1.439191
-0.988459
-0.604683
-0.314607
-0.114861
0.007040
0.069656
0.093387
0.096140
0.090482
0.083293
0.077293
0.073183
0.071655
0.071801
0.071639
0.066949
0.049334
0.005037
-0.084228
-0.238140
-0.473513
-0.800369
-1.213545
-1.676054
-2.149754
-2.608386
-3.033672
-3.415339
-3.749610
-4.037221
-4.281588
-4.487405
-4.659727
-4.803430
-4.922957
-4.962940
-5.089171
-4.977789
-4.844136
-4.684081
-4.493002
-4.265929
-3.997866
-3.684419
-3.322838
-2.913554
-2.462126
-1.981262
-1.492193
-1.027236
-0.629974
-0.328565
-0.120217
0.007379
0.073035
0.097751
0.100219
0.093741
0.085695
0.079068
0.074688
0.073301
0.073872
0.074219
0.069790
0.051639
0.005281
-0.088289
-0.249245
-0.494520
-0.833844
-1.261152
-1.737779
-2.224394
-2.694227
-3.128868
-3.518154
-3.858534
-4.151000
-4.399210
-4.608070
-4.782804
-4.928422
-5.049475
-5.089171
-5.215207
-5.102347
-4.966863
-4.804534
-4.610624
-4.380020
-4.107551
-3.788613
-3.420221
-3.002568
-2.541026
-2.048261
-1.545736
-1.066519
-0.655677
-0.342799
-0.125699
0.007728
0.076523
0.102277
0.104469
0.097150
0.088224
0.080951
0.076291
0.075046
0.076052
0.076918
0.072749
0.054030
0.005533
-0.092464
-0.260612
-0.515944
-0.867865
-1.309381
-1.800134
-2.299615
-2.780565
-3.224460
-3.621261
-3.967652
-4.264886
-4.516865
-4.728704
-4.905795
-5.053285
-5.175827
-5.215207
-5.341037
-5.226729
-5.089449
-4.924888
-4.728197
-4.494123
-4.217319
-3.892970
-3.517856
-3.091926
-2.620357
-2.115757
-1.599801
-1.106295
-0.681783
-0.357305
-0.131308
0.008086
0.080122
0.106968
0.108893
0.100715
0.090882
0.082944
0.077995
0.076894
0.078344
0.079741
0.075830
0.056508
0.005793
-0.096752
-0.272239
-0.537777
-0.902420
-1.358214
-1.863098
-2.375394
-2.867374
-3.320422
-3.724635
-4.076941
-4.378858
-4.634534
-4.849289
-5.028686
-5.178004
-5.302000
-5.341037
-5.466649
-5.350922
-5.211882
-5.045130
-4.845708
-4.608222
-4.327150
-3.997471
-3.615722
-3.181606
-2.700096
-2.183729
-1.654372
-1.146551
-0.708286
-0.372080
-0.137040
0.008454
0.083831
0.111824
0.113494
0.104440
0.093674
0.085051
0.079803
0.078848
0.080751
0.082690
0.079033
0.059073
0.006062
-0.101152
-0.284125
-0.560015
-0.937499
-1.407636
-1.926650
-2.451707
-2.954631
-3.416729
-3.828253
-4.186380
-4.492897
-4.752197
-4.969810
-5.151462
-5.302566
-5.427982
-5.466649
-5.592035
-5.474916
-5.334148
-5.165246
-4.963141
-4.722300
-4.437028
-4.102094
-3.713796
-3.271585
-2.780222
-2.252157
-1.709432
-1.187274
-0.735177
-0.387120
-0.142896
0.008831
0.087651
0.116848
0.118275
0.108327
0.096605
0.087276
0.081719
0.080910
0.083277
0.085768
0.082363
0.061727
0.006338
-0.105665
-0.296267
-0.582652
-0.973093
-1.457633
-1.990771
-2.528532
-3.042310
-3.513358
-3.932092
-4.295947
-4.606984
-4.869839
-5.090250
-5.274110
-5.426960
-5.553761
-5.592035
-5.717185
-5.598701
-5.456237
-5.285224
-5.080482
-4.836341
-4.546935
-4.206822
-3.812058
-3.361843
-2.860713
-2.321021
-1.764963
-1.228453
-0.762449
-0.402422
-0.148875
0.009218
0.091583
0.122042
0.123240
0.112383
0.099677
0.089623
0.083746
0.083086
0.085925
0.088979
0.085820
0.064471
0.006622
-0.110290
-0.308662
-0.605682
-1.009190
-1.508189
-2.055442
-2.605846
-3.130388
-3.610286
-4.036131
-4.405624
-4.721100
-4.987444
-5.210596
-5.396616
-5.551174
-5.679329
-5.717185
-5.842090
-5.722267
-5.578139
-5.405052
-5.197719
-4.950332
-4.656854
-4.311636
-3.910491
-3.452358
-2.941549
-2.390301
-1.820950
-1.270075
-0.790094
-0.417982
-0.154975
0.009614
0.095625
0.127407
0.128391
0.116610
0.102896
0.092095
0.085889
0.085378
0.088700
0.092326
0.089408
0.067305
0.006914
-0.115026
-0.321309
-0.629101
-1.045782
-1.559289
-2.120644
-2.683629
-3.218845
-3.707490
-4.140349
-4.515391
-4.835230
-5.104996
-5.330835
-5.518970
-5.675197
-5.804674
-5.842090
-5.966743
-5.845606
-5.699844
-5.524719
-5.314839
-5.064258
-4.766771
-4.416520
-4.009074
-3.543113
-3.022710
-2.459981
-1.877377
-1.312129
-0.818105
-0.433795
-0.161195
0.010019
0.099780
0.132944
0.133733
0.121014
0.106266
0.094697
0.088150
0.087790
0.091605
0.095812
0.093127
0.070231
0.007215
-0.119873
-0.334206
-0.652902
-1.082858
-1.610919
-2.186358
-2.761859
-3.307657
-3.804951
-4.244726
-4.625232
-4.949357
-5.222482
-5.450955
-5.641160
-5.799019
-5.929789
-5.966743
-6.091136
-5.968709
-5.821343
-5.644216
-5.431831
-5.178107
-4.876672
-4.521457
-4.107790
-3.634087
-3.104178
-2.530041
-1.934230
-1.354603
-0.846476
-0.449860
-0.167535
0.010433
0.104046
0.138656
0.139268
0.125598
0.109791
0.097433
0.090534
0.090326
0.094644
0.099442
0.096982
0.073248
0.007523
-0.124831
-0.347350
-0.677081
-1.120410
-1.663065
-2.252567
-2.840516
-3.396805
-3.902649
-4.349246
-4.735128
-5.063467
-5.339888
-5.570943
-5.763175
-5.922632
-6.054665
-6.091136
-6.215263
-6.091570
-5.942627
-5.763533
-5.548684
-5.291867
-4.986541
-4.626433
-4.206624
-3.725264
-3.185935
-2.600465
-1.991492
-1.397486
-0.875198
-0.466172
-0.173993
0.010857
0.108425
0.144544
0.145000
0.130367
0.113476
0.100307
0.093044
0.092991
0.097821
0.103217
0.100973
0.076358
0.007840
-0.129900
-0.360740
-0.701633
-1.158427
-1.715713
-2.319253
-2.919582
-3.486269
-4.000564
-4.453889
-4.845065
-5.177545
-5.457202
-5.690788
-5.885007
-6.046027
-6.179295
-6.215263
-6.339118
-6.214181
-6.063690
-5.882661
-5.665388
-5.405527
-5.096368
-4.731433
-4.305559
-3.816626
-3.267963
-2.671235
-2.049149
-1.440767
-0.904265
-0.482728
-0.180568
0.011290
0.112916
0.150609
0.150931
0.135325
0.117326
0.103324
0.095686
0.095787
0.101140
0.107143
0.105104
0.079562
0.008165
-0.135078
-0.374372
-0.726551
-1.196901
-1.768850
-2.386400
-2.999037
-3.576029
-4.098678
-4.558639
-4.955026
-5.291579
-5.574413
-5.810482
-6.006645
-6.169196
-6.303672
-6.339118
-6.462695
-6.336536
-6.184523
-6.001593
-5.781935
-5.519075
-5.206140
-4.836443
-4.404580
-3.908158
-3.350245
-2.742336
-2.107188
-1.484436
-0.933670
-0.499525
-0.187260
0.011731
0.117520
0.156852
0.157065
0.140477
0.121346
0.106487
0.098462
0.098720
0.104605
0.111222
0.109375
0.082860
0.008498
-0.140367
-0.388245
-0.751831
-1.235822
-1.822463
-2.453990
-3.078864
-3.666068
-4.196974
-4.663480
-5.065000
-5.405555
-5.691509
-5.930013
-6.128083
-6.292132
-6.427790
-6.462695
-6.585989
-6.458630
-6.305121
-6.120320
-5.898315
-5.632503
-5.315845
-4.941451
-4.503672
-3.999843
-3.432765
-2.813753
-2.165594
-1.528481
-0.963406
-0.516558
-0.194067
0.012183
0.122237
0.163275
0.163405
0.145827
0.125540
0.109803
0.101378
0.101794
0.108220
0.115458
0.113790
0.086253
0.008839
-0.145764
-0.402358
-0.777468
-1.275181
-1.876537
-2.522009
-3.159044
-3.756368
-4.295434
-4.768397
-5.174970
-5.519462
-5.808480
-6.049374
-6.249313
-6.414828
-6.551642
-6.585989
-6.708996
-6.580457
-6.425478
-6.238835
-6.014520
-5.745800
-5.425473
-5.046445
-4.602823
-4.091667
-3.515509
-2.885469
-2.224353
-1.572892
-0.993467
-0.533825
-0.200987
0.012643
0.127066
0.169880
0.169953
0.151378
0.129912
0.113275
0.104438
0.105013
0.111989
0.119853
0.118350
0.089742
0.009188
-0.151270
-0.416706
-0.803456
-1.314970
-1.931061
-2.590439
-3.239561
-3.846911
-4.394044
-4.873376
-5.284926
-5.633289
-5.925317
-6.168555
-6.370326
-6.537278
-6.675223
-6.708996
-6.831711
-6.702013
-6.545586
-6.357133
-6.130544
-5.858959
-5.535014
-5.151413
-4.702019
-4.183616
-3.598460
-2.957470
-2.283454
-1.617659
-1.023845
-0.551322
-0.208021
0.013112
0.132009
0.176667
0.176713
0.157137
0.134469
0.116908
0.107646
0.108381
0.115918
0.124413
0.123057
0.093328
0.009545
-0.156884
-0.431290
-0.829791
-1.355179
-1.986022
-2.659267
-3.320398
-3.937682
-4.492788
-4.978403
-5.394854
-5.747026
-6.042011
-6.287550
-6.491118
-6.659477
-6.798530
-6.831711
-6.954130
-6.823292
-6.665443
-6.475207
-6.246378
-5.971970
-5.644458
-5.256344
-4.801247
-4.275675
-3.681604
-3.029743
-2.342883
-1.662772
-1.054534
-0.569046
-0.215167
0.013590
0.137064
0.183638
0.183688
0.163107
0.139215
0.120708
0.111008
0.111903
0.120009
0.129139
0.127914
0.097010
0.009911
-0.162606
-0.446105
-0.856468
-1.395800
-2.041408
-2.728477
-3.401539
-4.028664
-4.591651
-5.083464
-5.504744
-5.860662
-6.158554
-6.406351
-6.611680
-6.781419
-6.921556
-6.954130
-7.076251
-6.944292
-6.785042
-6.593052
-6.362017
-6.084827
-5.753796
-5.361228
-4.900497
-4.367833
-3.764929
-3.102272
-2.402628
-1.708221
-1.085528
-0.586994
-0.222424
0.014077
0.142233
0.190794
0.190880
0.169291
0.144155
0.124678
0.114527
0.115584
0.124267
0.134036
0.132922
0.100791
0.010284
-0.168436
-0.461151
-0.883481
-1.436824
-2.097207
-2.798054
-3.482970
-4.119844
-4.690619
-5.188548
-5.614584
-5.974189
-6.274936
-6.524952
-6.732009
-6.903099
-7.044298
-7.076251
-7.198069
-7.065008
-6.904380
-6.710663
-6.477454
-6.197522
-5.863020
-5.466055
-4.999757
-4.460076
-3.848420
-3.175046
-2.462676
-1.753997
-1.116821
-0.605162
-0.229791
0.014574
0.147515
0.198136
0.198292
0.175696
0.149294
0.128825
0.118208
0.119429
0.128698
0.139106
0.138084
0.104669
0.010666
-0.174372
-0.476425
-0.910825
-1.478244
-2.153406
-2.867985
-3.564674
-4.211205
-4.789679
-5.293642
-5.724365
-6.087597
-6.391152
-6.643345
-6.852098
-7.024514
-7.166752
-7.198069
-7.319583
-7.185436
-7.023453
-6.828034
-6.592684
-6.310048
-5.972123
-5.570816
-5.099016
-4.552393
-3.932064
-3.248051
-2.523016
-1.800089
-1.148406
-0.623547
-0.237267
0.015079
0.152911
0.205665
0.205927
0.182324
0.154638
0.133153
0.122058
0.123441
0.133304
0.144354
0.143401
0.108647
0.011057
-0.180415
-0.491924
-0.938497
-1.520050
-2.209995
-2.938256
-3.646638
-4.302735
-4.888819
-5.398735
-5.834077
-6.200878
-6.507193
-6.761526
-6.971943
-7.145658
-7.288915
-7.319583
-7.440789
-7.305575
-7.142256
-6.945161
-6.707702
-6.422399
-6.081096
-5.675502
-5.198264
-4.644773
-4.015850
-3.321274
-2.583637
-1.846490
-1.180276
-0.642146
-0.244851
0.015593
0.158420
0.213383
0.213787
0.189180
0.160190
0.137668
0.126079
0.127627
0.138090
0.149783
0.148874
0.112724
0.011455
-0.186563
-0.507648
-0.966490
-1.562234
-2.266962
-3.008854
-3.728847
-4.394419
-4.988025
-5.503817
-5.943709
-6.314025
-6.623055
-6.879489
-7.091539
-7.266528
-7.410784
-7.440789
-7.561686
-7.425421
-7.260787
-7.062041
-6.822501
-6.534569
-6.189932
-5.780104
-5.297491
-4.737204
-4.099765
-3.394705
-2.644526
-1.893190
-1.212427
-0.660956
-0.252541
0.016115
0.164042
0.221290
0.221876
0.196268
0.165957
0.142375
0.130279
0.131990
0.143061
0.155395
0.154507
0.116901
0.011861
-0.192818
-0.523593
-0.994800
-1.604789
-2.324296
-3.079765
-3.811288
-4.486245
-5.087287
-5.608877
-6.053255
-6.427030
-6.738729
-6.997229
-7.210882
-7.387122
-7.532355
-7.561686
-7.682271
-7.544971
-7.379042
-7.178670
-6.937079
-6.646553
-6.298626
-5.884616
-5.396689
-4.829676
-4.183799
-3.468330
-2.705675
-1.940180
-1.244851
-0.679973
-0.260338
0.016647
0.169778
0.229387
0.230195
0.203593
0.171944
0.147279
0.134661
0.136536
0.148222
0.161194
0.160300
0.121178
0.012276
-0.199177
-0.539758
-1.023423
-1.647707
-2.381986
-3.150977
-3.893949
-4.578201
-5.186592
-5.713906
-6.162706
-6.539887
-6.854212
-7.114742
-7.329969
-7.507435
-7.653628
-7.682271
-7.802543
-7.664224
-7.497019
-7.295044
-7.051431
-6.758345
-6.407170
-5.989029
-5.495849
-4.922179
-4.267941
-3.542139
-2.767070
-1.987451
-1.277544
-0.699195
-0.268239
0.017187
0.175628
0.237676
0.238748
0.211158
0.178155
0.152385
0.139232
0.141270
0.153576
0.167184
0.166256
0.125557
0.012699
-0.205640
-0.556139
-1.052353
-1.690979
-2.440021
-3.222477
-3.976815
-4.670274
-5.285931
-5.818894
-6.272053
-6.652589
-6.969498
-7.232022
-7.448796
-7.627465
-7.774598
-7.802543
-7.922500
-7.783178
-7.614716
-7.411160
-7.165553
-6.869942
-6.515559
-6.093336
-5.594962
-5.014704
-4.352179
-3.616122
-2.828704
-2.034995
-1.310498
-0.718618
-0.276244
0.017736
0.181590
0.246157
0.247537
0.218968
0.184595
0.157699
0.143996
0.146197
0.159128
0.173367
0.172376
0.130038
0.013130
-0.212208
-0.572737
-1.081587
-1.734599
-2.498391
-3.294254
-4.059877
-4.762453
-5.385294
-5.923833
-6.381290
-6.765130
-7.084581
-7.349066
-7.567359
-7.747209
-7.895265
-7.922500
-8.042142
-7.901831
-7.732130
-7.527015
-7.279441
-6.981338
-6.623788
-6.197532
-5.694021
-5.107241
-4.436504
-3.690267
-2.890565
-2.082803
-1.343709
-0.738239
-0.284352
0.018293
0.187667
0.254832
0.256563
0.227027
0.191271
0.163227
0.148958
0.151322
0.164883
0.179747
0.178662
0.134620
0.013570
-0.218879
-0.589547
-1.111118
-1.778557
-2.557087
-3.366297
-4.143120
-4.854727
-5.484670
-6.028715
-6.490409
-6.877504
-7.199457
-7.465871
-7.685656
-7.866666
-8.015626
-8.042142
-8.161466
-8.020181
-7.849258
-7.642607
-7.393092
-7.092529
-6.731851
-6.301609
-5.793018
-5.199783
-4.520906
-3.764564
-2.952644
-2.130868
-1.377171
-0.758055
-0.292562
0.018860
0.193857
0.263701
0.265831
0.235337
0.198186
0.168974
0.154125
0.156649
0.170844
0.186327
0.185116
0.139305
0.014017
-0.225653
-0.606569
-1.140944
-1.822848
-2.616097
-3.438592
-4.226535
-4.947086
-5.584051
-6.133531
-6.599405
-6.989707
-7.314122
-7.582433
-7.803684
-7.985833
-8.135681
-8.161466
-8.280472
-8.138227
-7.966101
-7.757933
-7.506503
-7.203511
-6.839744
-6.405562
-5.891947
-5.292320
-4.605377
-3.839003
-3.014931
-2.179181
-1.410878
-0.778064
-0.300873
0.019434
0.200160
0.272765
0.275341
0.243905
0.205347
0.174945
0.159501
0.162185
0.177017
0.193111
0.191738
0.144093
0.014473
-0.232529
-0.623799
-1.171058
-1.867463
-2.675412
-3.511131
-4.310109
-5.039520
-5.683426
-6.238274
-6.708271
-7.101732
-7.428572
-7.698748
-7.921441
-8.104708
-8.255427
-8.280472
-8.399159
-8.255968
-8.082654
-7.872992
-7.619671
-7.314282
-6.947462
-6.509386
-5.990800
-5.384845
-4.689906
-3.913576
-3.077417
-2.227735
-1.444825
-0.798261
-0.309283
0.020017
0.206576
0.282024
0.285096
0.252732
0.212757
0.181146
0.165092
0.167934
0.183405
0.200100
0.198532
0.148985
0.014937
-0.239507
-0.641236
-1.201457
-1.912395
-2.735022
-3.583901
-4.393833
-5.132018
-5.782789
-6.342938
-6.817001
-7.213576
-7.542803
-7.814815
-8.038925
-8.223289
-8.374864
-8.399159
-8.517527
-8.373403
-8.198919
-7.987781
-7.732594
-7.424836
-7.055000
-6.613074
-6.089570
-5.477351
-4.774487
-3.988273
-3.140094
-2.276522
-1.479005
-0.818645
-0.317792
0.020609
0.213106
0.291481
0.295099
0.261824
0.220422
0.187583
0.170904
0.173901
0.190012
0.207298
0.205497
0.153981
0.015409
-0.246587
-0.658878
-1.232136
-1.957637
-2.794918
-3.656893
-4.477697
-5.224571
-5.882131
-6.447514
-6.925589
-7.325234
-7.656812
-7.930630
-8.156133
-8.341577
-8.493990
-8.517527
-8.635575
-8.490532
-8.314892
-8.102298
-7.845270
-7.535173
-7.162356
-6.716623
-6.188253
-5.569829
-4.859109
-4.063085
-3.202952
-2.325535
-1.513415
-0.839212
-0.326399
0.021209
0.219749
0.301134
0.305351
0.271183
0.228347
0.194260
0.176941
0.180091
0.196844
0.214708
0.212637
0.159080
0.015889
-0.253767
-0.676723
-1.263091
-2.003182
-2.855092
-3.730097
-4.561689
-5.317171
-5.981444
-6.551998
-7.034031
-7.436702
-7.770595
-8.046191
-8.273064
-8.459568
-8.612805
-8.635575
-8.753303
-8.607353
-8.430573
-8.216542
-7.957695
-7.645287
-7.269525
-6.820027
-6.286843
-5.662274
-4.943766
-4.138003
-3.265983
-2.374765
-1.548048
-0.859959
-0.335103
0.021818
0.226505
0.310986
0.315855
0.280813
0.236537
0.201184
0.183210
0.186510
0.203904
0.222333
0.219951
0.164285
0.016378
-0.261048
-0.694768
-1.294317
-2.049023
-2.915533
-3.803502
-4.645801
-5.409808
-6.080721
-6.656382
-7.142322
-7.547976
-7.884150
-8.161496
-8.389716
-8.577262
-8.731308
-8.753303
-8.870711
-8.723866
-8.545962
-8.330512
-8.069869
-7.755178
-7.376504
-6.923282
-6.385333
-5.754679
-5.028449
-4.213020
-3.329179
-2.424207
-1.582899
-0.880883
-0.343902
0.022435
0.233374
0.321037
0.326613
0.290719
0.244997
0.208360
0.189716
0.193162
0.211197
0.230176
0.227443
0.169594
0.016875
-0.268428
-0.713011
-1.325810
-2.095153
-2.976233
-3.877099
-4.730024
-5.502475
-6.179954
-6.760661
-7.250457
-7.659052
-7.997474
-8.276543
-8.506088
-8.694658
-8.849499
-8.870711
-8.987798
-8.840070
-8.661057
-8.444207
-8.181789
-7.864842
-7.483289
-7.026384
-6.483718
-5.847037
-5.113152
-4.288127
-3.392532
-2.473852
-1.617964
-0.901982
-0.352796
0.023060
0.240356
0.331287
0.337627
0.300904
0.253731
0.215793
0.196465
0.200053
0.218726
0.238239
0.235112
0.175009
0.017380
-0.275908
-0.731451
-1.357566
-2.141565
-3.037183
-3.950878
-4.814347
-5.595163
-6.279137
-6.864830
-7.358431
-7.769928
-8.110565
-8.391329
-8.622179
-8.811756
-8.967378
-8.987798
-9.104566
-8.955967
-8.775858
-8.557625
-8.293454
-7.974278
-7.589878
-7.129330
-6.581995
-5.939342
-5.197868
-4.363317
-3.456034
-2.523695
-1.653236
-0.923252
-0.361784
0.023693
0.247451
0.341738
0.348898
0.311370
0.262744
0.223489
0.203462
0.207188
0.226496
0.246526
0.242961
0.180530
0.017893
-0.283486
-0.750085
-1.389579
-2.188253
-3.098375
-4.024831
-4.898764
-5.687864
-6.378264
-6.968883
-7.466241
-7.880599
-8.223419
-8.505854
-8.737987
-8.928554
-9.084943
-9.104566
-9.221013
-9.071554
-8.890364
-8.670765
-8.404863
-8.083482
-7.696268
-7.232114
-6.680157
-6.031590
-5.282590
-4.438581
-3.519678
-2.573727
-1.688712
-0.944691
-0.370864
0.024335
0.254658
0.352389
0.360429
0.322122
0.272042
0.231454
0.210712
0.214572
0.234510
0.255039
0.250991
0.186157
0.018414
-0.291162
-0.768911
-1.421847
-2.235209
-3.159801
-4.098949
-4.983265
-5.780573
-6.477329
-7.072816
-7.573883
-7.991064
-8.336036
-8.620116
-8.853512
-9.045053
-9.202195
-9.221013
-9.337140
-9.186833
-9.004575
-8.783627
-8.516014
-8.192454
-7.802455
-7.334735
-6.778202
-6.123773
-5.367311
-4.513914
-3.583455
-2.623944
-1.724386
-0.966295
-0.380036
0.024984
0.261978
0.363241
0.372222
0.333163
0.281628
0.239692
0.218221
0.222209
0.242774
0.263780
0.259203
0.191890
0.018943
-0.298935
-0.787928
-1.454364
-2.282428
-3.221453
-4.173224
-5.067842
-5.873280
-6.576325
-7.176623
-7.681353
-8.101320
-8.448413
-8.734113
-8.968753
-9.161251
-9.319134
-9.337140
-9.452948
-9.301804
-9.118491
-8.896210
-8.626906
-8.301192
-7.908439
-7.437188
-6.876123
-6.215888
-5.452025
-4.589308
-3.647360
-2.674338
-1.760254
-0.988063
-0.389299
0.025642
0.269409
0.374296
0.384278
0.344496
0.291507
0.248209
0.225994
0.230105
0.251290
0.272753
0.267598
0.197729
0.019480
-0.306806
-0.807132
-1.487127
-2.329903
-3.283322
-4.247646
-5.152488
-5.965980
-6.675247
-7.280301
-7.788648
-8.211363
-8.560547
-8.847845
-9.083709
-9.277149
-9.435761
-9.452948
-9.568437
-9.416466
-9.232112
-9.008514
-8.737537
-8.409693
-8.014216
-7.539470
-6.973919
-6.307929
-5.536727
-4.664757
-3.711385
-2.724902
-1.796310
-1.009991
-0.398651
0.026308
0.276953
0.385552
0.396599
0.356124
0.301684
0.257011
0.234037
0.238264
0.260063
0.281960
0.276178
0.203676
0.020026
-0.314772
-0.826522
-1.520131
-2.377627
-3.345401
-4.322208
-5.237195
-6.058667
-6.774090
-7.383845
-7.895764
-8.321192
-8.672439
-8.961311
-9.198379
-9.392747
-9.552074
-9.568437
-9.683607
-9.530820
-9.345437
-9.120537
-8.847908
-8.517958
-8.119785
-7.641580
-7.071584
-6.399892
-5.621410
-4.740253
-3.775523
-2.775632
-1.832550
-1.032077
-0.408092
0.026982
0.284609
0.397012
0.409187
0.368051
0.312163
0.266102
0.242356
0.246693
0.269096
0.291403
0.284944
0.209730
0.020579
-0.322834
-0.846096
-1.553372
-2.425595
-3.407682
-4.396902
-5.321956
-6.151333
-6.872848
-7.487251
-8.002699
-8.430804
-8.784086
-9.074508
-9.312764
-9.508044
-9.668074
-9.683607
-9.798459
-9.644866
-9.458466
-9.232281
-8.958018
-8.625983
-8.225143
-7.743513
-7.169116
-6.491771
-5.706069
-4.815791
-3.839768
-2.826520
-1.868969
-1.054317
-0.417621
0.027664
0.292376
0.408674
0.422043
0.380279
0.322949
0.275488
0.250955
0.255394
0.278394
0.301085
0.293897
0.215891
0.021141
-0.330992
-0.865852
-1.586845
-2.473801
-3.470158
-4.471720
-5.406764
-6.243973
-6.971518
-7.590515
-8.109450
-8.540197
-8.895486
-9.187438
-9.426862
-9.623040
-9.783763
-9.798459
-9.912994
-9.758604
-9.571200
-9.343743
-9.067865
-8.733769
-8.330289
-7.845269
-7.266510
-6.583563
-5.790700
-4.891364
-3.904113
-2.877561
-1.905563
-1.076710
-0.427236
0.028353
0.300254
0.420541
0.435169
0.392813
0.334046
0.285174
0.259840
0.264373
0.287960
0.311008
0.303038
0.222159
0.021711
-0.339243
-0.885787
-1.620548
-2.522237
-3.532822
-4.546656
-5.491611
-6.336581
-7.070093
-7.693634
-8.216013
-8.649371
-9.006639
-9.300098
-9.540674
-9.737736
-9.899139
-9.912994
-10.027212
-9.872036
-9.683639
-9.454926
-9.177449
-8.841314
-8.435220
-7.946843
-7.363764
-6.675264
-5.875296
-4.966967
-3.968553
-2.928749
-1.942328
-1.099252
-0.436937
0.029051
0.308244
0.432611
0.448567
0.405654
0.345458
0.295165
0.269016
0.273636
0.297798
0.321175
0.312368
0.228536
0.022288
-0.347588
-0.905899
-1.654475
-2.570899
-3.595666
-4.621701
-5.576492
-6.429152
-7.168571
-7.796605
-8.322388
-8.758322
-9.117544
-9.412489
-9.654200
-9.852131
-10.014204
-10.027212
-10.141115
-9.985161
-9.795784
-9.565827
-9.286770
-8.948616
-8.539937
-8.048235
-7.460875
-6.766869
-5.959853
-5.042595
-4.033081
-2.980079
-1.979258
-1.121940
-0.446722
0.029756
0.316344
0.444886
0.462239
0.418806
0.357189
0.305466
0.278488
0.283185
0.307911
0.331588
0.321888
0.235020
0.022874
-0.356027
-0.926187
-1.688624
-2.619780
-3.658684
-4.696849
-5.661400
-6.521681
-7.266946
-7.899424
-8.428571
-8.867049
-9.228200
-9.524609
-9.767439
-9.966226
-10.128959
-10.141115
-10.254702
-10.097980
-9.907633
-9.676448
-9.395828
-9.055677
-8.644436
-8.149441
-7.557840
-6.858375
-6.044367
-5.118241
-4.097691
-3.031544
-2.016349
-1.144772
-0.456591
0.030469
0.324555
0.457365
0.476184
0.432271
0.369244
0.316082
0.288262
0.293027
0.318303
0.342249
0.331599
0.241612
0.023468
-0.364557
-0.946649
-1.722988
-2.668874
-3.721869
-4.772093
-5.746329
-6.614161
-7.365214
-8.002088
-8.534560
-8.975552
-9.338605
-9.636460
-9.880391
-10.080022
-10.243403
-10.254702
-10.367975
-10.210494
-10.019189
-9.786788
-9.504621
-9.162493
-8.748718
-8.250460
-7.654655
-6.949779
-6.128832
-5.193901
-4.162378
-3.083139
-2.053597
-1.167746
-0.466542
0.031190
0.332876
0.470049
0.490406
0.446052
0.381627
0.327018
0.298342
0.303166
0.328977
0.353160
0.341503
0.248313
0.024069
-0.373180
-0.967281
-1.757566
-2.718177
-3.785213
-4.847426
-5.831274
-6.706590
-7.463373
-8.104595
-8.640353
-9.083827
-9.448759
-9.748039
-9.993057
-10.193519
-10.357537
-10.367975
-10.480935
-10.322704
-10.130451
-9.896848
-9.613150
-9.269066
-8.852780
-8.351291
-7.751320
-7.041076
-6.213246
-5.269569
-4.227137
-3.134860
-2.090998
-1.190858
-0.476576
0.031918
0.341307
0.482939
0.504905
0.460152
0.394341
0.338279
0.308733
0.313605
0.339937
0.364324
0.351600
0.255122
0.024679
-0.381894
-0.988083
-1.792352
-2.767681
-3.848711
-4.922842
-5.916227
-6.798960
-7.561417
-8.206941
-8.745949
-9.191875
-9.558661
-9.859348
-10.105436
-10.306716
-10.471363
-10.480935
-10.593582
-10.434610
-10.241419
-10.006627
-9.721415
-9.375394
-8.956622
-8.451931
-7.847831
-7.132264
-6.297603
-5.345240
-4.291961
-3.186700
-2.128548
-1.214107
-0.486689
0.032654
0.349848
0.496033
0.519683
0.474574
0.407391
0.349870
0.319441
0.324350
0.351187
0.375742
0.361890
0.262040
0.025297
-0.390698
-1.009051
-1.827343
-2.817383
-3.912357
-4.998335
-6.001185
-6.891269
-7.659344
-8.309125
-8.851345
-9.299695
-9.668311
-9.970386
-10.217529
-10.419616
-10.584880
-10.593582
-10.705918
-10.546213
-10.352095
-10.116127
-9.829416
-9.481477
-9.060242
-8.552379
-7.944185
-7.223340
-6.381899
-5.420911
-4.356845
-3.238656
-2.166242
-1.237489
-0.496882
0.033397
0.358498
0.509333
0.534741
0.489320
0.420780
0.361795
0.330471
0.335406
0.362728
0.387417
0.372376
0.269066
0.025922
-0.399592
-1.030185
-1.862535
-2.867275
-3.976143
-5.073899
-6.086142
-6.983513
-7.757151
-8.411143
-8.956540
-9.407284
-9.777709
-10.081152
-10.329337
-10.532218
-10.698090
-10.705918
-10.817944
-10.657513
-10.462479
-10.225347
-9.937152
-9.587315
-9.163640
-8.652634
-8.040382
-7.314301
-6.466132
-5.496576
-4.421786
-3.290721
-2.204076
-1.261001
-0.507154
0.034148
0.367256
0.522839
0.550080
0.504393
0.434512
0.374058
0.341826
0.346775
0.374566
0.399351
0.383058
0.276200
0.026555
-0.408576
-1.051481
-1.897924
-2.917353
-4.040064
-5.149527
-6.171092
-7.075685
-7.854834
-8.512994
-9.061532
-9.514643
-9.886853
-10.191648
-10.440859
-10.644522
-10.810994
-10.817944
-10.929660
-10.768513
-10.572572
-10.334288
-10.044624
-9.692907
-9.266816
-8.752694
-8.136418
-7.405144
-6.550296
-5.572230
-4.486777
-3.342891
-2.242047
-1.284642
-0.517503
0.034906
0.376124
0.536550
0.565701
0.519795
0.448591
0.386666
0.353513
0.358462
0.386703
0.411545
0.393936
0.283444
0.027197
-0.417647
-1.072938
-1.933506
-2.967612
-4.104114
-5.225214
-6.256030
-7.167784
-7.952390
-8.614676
-9.166321
-9.621770
-9.995744
-10.301872
-10.552095
-10.756530
-10.923592
-10.929660
-11.041068
-10.879212
-10.682374
-10.442950
-10.151832
-9.798253
-9.369767
-8.852558
-8.232292
-7.495866
-6.634390
-5.647871
-4.551814
-3.395161
-2.280150
-1.308409
-0.527929
0.035672
0.385099
0.550467
0.581605
0.535528
0.463021
0.399621
0.365535
0.370473
0.399142
0.424002
0.405011
0.290796
0.027846
-0.426807
-1.094553
-1.969277
-3.018046
-4.168287
-5.300955
-6.340953
-7.259805
-8.049816
-8.716185
-9.270904
-9.728666
-10.104381
-10.411826
-10.663048
-10.868243
-11.035885
-11.041068
-11.152168
-10.989611
-10.791885
-10.551333
-10.258776
-9.903352
-9.472495
-8.952224
-8.328003
-7.586465
-6.718409
-5.723492
-4.616892
-3.447527
-2.318381
-1.332299
-0.538430
0.036444
0.394182
0.564590
0.597794
0.551595
0.477804
0.412928
0.377897
0.382809
0.411886
0.436723
0.416284
0.298256
0.028502
-0.436053
-1.116325
-2.005234
-3.068650
-4.232578
-5.376744
-6.425855
-7.351745
-8.147110
-8.817521
-9.375280
-9.835328
-10.212764
-10.521509
-10.773716
-10.979660
-11.147874
-11.152168
-11.262963
-11.099712
-10.901108
-10.659439
-10.365456
-10.008205
-9.574997
-9.051692
-8.423547
-7.676938
-6.802350
-5.799092
-4.682007
-3.499984
-2.356737
-1.356310
-0.549005
0.037225
0.403372
0.578919
0.614268
0.567999
0.492945
0.426592
0.390604
0.395477
0.424938
0.449711
0.427756
0.305826
0.029167
-0.445386
-1.138251
-2.041373
-3.119419
-4.296980
-5.452576
-6.510731
-7.443599
-8.244269
-8.918682
-9.479449
-9.941756
-10.320893
-10.630921
-10.884100
-11.090783
-11.259561
-11.262963
-11.373452
-11.209515
-11.010042
-10.767268
-10.471873
-10.112812
-9.677274
-9.150961
-8.518925
-7.767283
-6.886211
-5.874665
-4.747155
-3.552528
-2.395214
-1.380440
-0.559654
0.038012
0.412669
0.593453
0.631028
0.584740
0.508447
0.440617
0.403660
0.408479
0.438301
0.462966
0.439427
0.313504
0.029839
-0.454804
-1.160329
-2.077689
-3.170348
-4.361489
-5.528445
-6.595579
-7.535365
-8.341291
-9.019666
-9.583409
-10.047951
-10.428768
-10.740064
-10.994201
-11.201613
-11.370945
-11.373452
-11.483637
-11.319022
-11.118689
-10.874820
-10.578027
-10.217173
-9.779326
-9.250030
-8.614134
-7.857498
-6.969987
-5.950208
-4.812330
-3.605154
-2.433809
-1.404685
-0.570375
0.038806
0.422073
0.608193
0.648075
0.601822
0.524313
0.455007
0.417070
0.421819
0.451978
0.476490
0.451298
0.321290
0.030519
-0.464307
-1.182558
-2.114180
-3.221432
-4.426098
-5.604348
-6.680392
-7.627039
-8.438173
-9.120471
-9.687160
-10.153912
-10.536389
-10.848936
-11.104020
-11.312149
-11.482029
-11.483637
-11.593520
-11.428233
-11.227048
-10.982096
-10.683918
-10.321287
-9.881151
-9.348898
-8.709173
-7.947581
-7.053678
-6.025718
-4.877530
-3.657858
-2.472516
-1.429043
-0.581168
0.039607
0.431582
0.623138
0.665410
0.619246
0.540546
0.469766
0.430838
0.435502
0.465971
0.490286
0.463370
0.329185
0.031207
-0.473894
-1.204934
-2.150842
-3.272666
-4.490804
-5.680278
-6.765168
-7.718619
-8.534913
-9.221096
-9.790700
-10.259637
-10.643756
-10.957539
-11.213557
-11.422394
-11.592813
-11.593520
-11.703101
-11.537149
-11.335122
-11.089096
-10.789546
-10.425154
-9.982750
-9.447564
-8.804040
-8.037530
-7.137279
-6.101191
-4.942750
-3.710636
-2.511334
-1.453512
-0.592031
0.040415
0.441197
0.638288
0.683034
0.637015
0.557149
0.484898
0.444967
0.449530
0.480284
0.504354
0.475642
0.337189
0.031902
-0.483565
-1.227456
-2.187671
-3.324045
-4.555600
-5.756231
-6.849903
-7.810101
-8.631509
-9.321540
-9.894029
-10.365128
-10.750869
-11.065873
-11.322812
-11.532348
-11.703298
-11.703101
-11.812381
-11.645772
-11.442910
-11.195822
-10.894913
-10.528776
-10.084122
-9.546027
-8.898735
-8.127343
-7.220788
-6.176624
-5.007985
-3.763484
-2.550257
-1.478090
-0.602963
0.041231
0.450917
0.653644
0.700947
0.655130
0.574127
0.500408
0.459463
0.463908
0.494919
0.518696
0.488116
0.345301
0.032605
-0.493318
-1.250122
-2.224663
-3.375565
-4.620482
-5.832204
-6.934592
-7.901482
-8.727959
-9.421801
-9.997145
-10.470383
-10.857728
-11.173938
-11.431787
-11.642012
-11.813485
-11.812381
-11.921362
-11.754103
-11.550415
-11.302273
-11.000018
-10.632151
-10.185267
-9.644288
-8.993256
-8.217017
-7.304203
-6.252013
-5.073234
-3.816397
-2.589284
-1.502774
-0.613963
0.042053
0.460741
0.669204
0.719150
0.673593
0.591481
0.516298
0.474329
0.478639
0.509879
0.533314
0.500792
0.353521
0.033315
-0.503153
-1.272929
-2.261814
-3.427221
-4.685444
-5.908191
-7.019233
-7.992760
-8.824261
-9.521878
-10.100049
-10.575402
-10.964333
-11.281734
-11.540482
-11.751387
-11.923375
-11.921362
-12.030046
-11.862142
-11.657636
-11.408452
-11.104862
-10.735281
-10.286186
-9.742344
-9.087602
-8.306553
-7.387521
-6.327356
-5.138490
-3.869373
-2.628410
-1.527562
-0.625031
0.042881
0.470669
0.684969
0.737643
0.692405
0.609214
0.532573
0.489569
0.493727
0.525166
0.548209
0.513671
0.361849
0.034033
-0.513068
-1.295876
-2.299122
-3.479009
-4.750483
-5.984188
-7.103822
-8.083933
-8.920413
-9.621769
-10.202739
-10.680186
-11.070685
-11.389264
-11.648899
-11.860474
-12.032970
-12.030046
-12.138432
-11.969890
-11.764574
-11.514357
-11.209446
-10.838165
-10.386877
-9.840197
-9.181772
-8.395947
-7.470740
-6.402649
-5.203752
-3.922406
-2.667632
-1.552451
-0.636165
0.043717
0.480701
0.700938
0.756428
0.711570
0.627330
0.549236
0.505188
0.509175
0.540782
0.563382
0.526752
0.370285
0.034758
-0.523065
-1.318960
-2.336582
-3.530924
-4.815593
-6.060190
-7.188354
-8.174997
-9.016414
-9.721475
-10.305216
-10.784734
-11.176784
-11.496526
-11.757036
-11.969273
-12.142271
-12.138432
-12.246522
-12.077350
-11.871231
-11.619991
-11.313769
-10.940804
-10.487341
-9.937844
-9.275765
-8.485199
-7.553858
-6.477890
-5.269016
-3.975494
-2.706946
-1.577439
-0.647364
0.044559
0.490835
0.717111
0.775504
0.731087
0.645830
0.566291
0.521188
0.524986
0.556730
0.578835
0.540035
0.378829
0.035491
-0.533140
-1.342179
-2.374191
-3.582961
-4.880770
-6.136195
-7.272828
-8.265950
-9.112261
-9.820993
-10.407478
-10.889047
-11.282629
-11.603521
-11.864897
-12.077786
-12.251277
-12.246522
-12.354319
-12.184521
-11.977608
-11.725354
-11.417833
-11.043198
-10.587578
-10.035287
-9.369580
-8.574306
-7.636872
-6.553075
-5.334278
-4.028633
-2.746350
-1.602523
-0.658627
0.045408
0.501071
0.733487
0.794872
0.750959
0.664719
0.583741
0.537574
0.541163
0.573013
0.594569
0.553523
0.387480
0.036231
-0.543294
-1.365531
-2.411946
-3.635116
-4.946010
-6.212198
-7.357241
-8.356790
-9.207954
-9.920323
-10.509526
-10.993123
-11.388222
-11.710250
-11.972480
-12.186013
-12.359992
-12.354319
-12.461821
-12.291405
-12.083705
-11.830446
-11.521639
-11.145347
-10.687587
-10.132524
-9.463217
-8.663268
-7.719781
-6.628203
-5.399535
-4.081819
-2.785839
-1.627703
-0.669954
0.046263
0.511409
0.750067
0.814532
0.771187
0.683998
0.601590
0.554349
0.557711
0.589632
0.610585
0.567213
0.396238
0.036979
-0.553526
-1.389014
-2.449843
-3.687385
-5.011307
-6.288195
-7.441588
-8.447515
-9.303490
-10.019464
-10.611358
-11.096963
-11.493563
-11.816714
-12.079788
-12.293956
-12.468415
-12.461821
-12.569032
-12.398002
-12.189523
-11.935269
-11.625186
-11.247251
-10.787370
-10.229555
-9.556675
-8.752083
-7.802583
-6.703270
-5.464784
-4.135049
-2.825412
-1.652974
-0.681342
0.047124
0.521848
0.766849
0.834485
0.791773
0.703670
0.619842
0.571518
0.574631
0.606590
0.626883
0.581108
0.405104
0.037734
-0.563835
-1.412625
-2.487879
-3.739764
-5.076658
-6.364183
-7.525867
-8.538123
-9.398869
-10.118415
-10.712975
-11.200568
-11.598651
-11.922913
-12.186820
-12.401616
-12.576548
-12.569032
-12.675952
-12.504315
-12.295064
-12.039824
-11.728475
-11.348912
-10.886925
-10.326381
-9.649952
-8.840750
-7.885276
-6.778275
-5.530021
-4.188320
-2.865064
-1.678335
-0.692792
0.047992
0.532388
0.783833
0.854730
0.812718
0.723737
0.638499
0.589082
0.591927
0.623889
0.643466
0.595206
0.414076
0.038496
-0.574221
-1.436363
-2.526050
-3.792249
-5.142059
-6.440157
-7.610075
-8.628611
-9.494088
-10.217175
-10.814376
-11.303937
-11.703488
-12.028848
-12.293578
-12.508993
-12.684392
-12.675952
-12.782582
-12.610344
-12.400328
-12.144110
-11.831507
-11.450329
-10.986254
-10.423000
-9.743049
-8.929268
-7.967858
-6.853214
-5.595245
-4.241628
-2.904793
-1.703784
-0.704301
0.048867
0.543027
0.801019
0.875269
0.834023
0.744203
0.657564
0.607047
0.609602
0.641531
0.660334
0.609508
0.423155
0.039265
-0.584681
-1.460226
-2.564353
-3.844834
-5.207506
-6.516115
-7.694210
-8.718978
-9.589148
-10.315744
-10.915560
-11.407070
-11.808074
-12.134519
-12.400062
-12.616089
-12.791948
-12.782582
-12.888923
-12.716091
-12.505316
-12.248130
-11.934283
-11.551503
-11.085356
-10.519412
-9.835964
-9.017636
-8.050328
-6.928085
-5.660451
-4.294969
-2.944595
-1.729318
-0.715870
0.049747
0.553765
0.818406
0.896100
0.855689
0.765068
0.677042
0.625414
0.627659
0.659518
0.677488
0.624015
0.432340
0.040042
-0.595216
-1.484211
-2.602784
-3.897517
-5.272994
-6.592053
-7.778269
-8.809221
-9.684046
-10.414121
-11.016529
-11.509967
-11.912409
-12.239927
-12.506274
-12.722904
-12.899217
-12.888923
-12.994978
-12.821556
-12.610030
-12.351883
-12.036804
-11.652434
-11.184231
-10.615618
-9.928697
-9.105851
-8.132683
-7.002886
-5.725637
-4.348341
-2.984468
-1.754935
-0.727496
0.050634
0.564602
0.835994
0.917225
0.877717
0.786335
0.696934
0.644188
0.646100
0.677851
0.694929
0.638726
0.441631
0.040825
-0.605825
-1.508316
-2.641340
-3.950294
-5.338520
-6.667967
-7.862250
-8.899340
-9.778781
-10.512305
-11.117281
-11.612630
-12.016493
-12.345073
-12.612214
-12.829440
-13.006201
-12.994978
-13.100746
-12.926740
-12.714470
-12.455371
-12.139069
-11.753123
-11.282879
-10.711617
-10.021248
-9.193915
-8.214922
-7.077615
-5.790800
-4.401741
-3.024409
-1.780634
-0.739180
0.051527
0.575536
0.853781
0.938643
0.900109
0.808007
0.717244
0.663372
0.664928
0.696533
0.712658
0.653640
0.451027
0.041616
-0.616506
-1.532539
-2.680019
-4.003160
-5.404080
-6.743855
-7.946149
-8.989332
-9.873352
-10.610296
-11.217817
-11.715057
-12.120328
-12.449957
-12.717883
-12.935697
-13.112900
-13.100746
-13.206229
-13.031644
-12.818637
-12.558594
-12.241080
-11.853570
-11.381302
-10.807409
-10.113616
-9.281825
-8.297044
-7.152270
-5.855938
-4.455166
-3.064414
-1.806411
-0.750919
0.052425
0.586568
0.871767
0.960354
0.922866
0.830085
0.737974
0.682968
0.684147
0.715565
0.730675
0.668759
0.460529
0.042413
-0.627260
-1.556879
-2.718816
-4.056112
-5.469670
-6.819714
-8.029965
-9.079196
-9.967759
-10.708093
-11.318135
-11.817249
-12.223913
-12.554581
-12.823282
-13.041676
-13.219315
-13.206229
-13.311429
-13.136271
-12.922532
-12.661554
-12.342837
-11.953776
-11.479498
-10.902993
-10.205801
-9.369581
-8.379047
-7.226848
-5.921049
-4.508612
-3.104481
-1.832265
-0.762713
0.053330
0.597695
0.889952
0.982358
0.945988
0.852571
0.759127
0.702980
0.703757
0.734949
0.748982
0.684082
0.470136
0.043218
-0.638084
-1.581331
-2.757728
-4.109145
-5.535287
-6.895540
-8.113696
-9.168929
-10.062000
-10.805696
-11.418237
-11.919207
-12.327250
-12.658944
-12.928412
-13.147380
-13.325448
-13.311429
-13.416346
-13.240620
-13.026157
-12.764251
-12.444342
-12.053741
-11.577469
-10.998371
-10.297801
-9.457182
-8.460930
-7.301349
-5.986128
-4.562078
-3.144607
-1.858193
-0.774561
0.054241
0.608919
0.908335
1.004655
0.969475
0.875468
0.780707
0.723410
0.723763
0.754687
0.767578
0.699609
0.479847
0.044030
-0.648979
-1.605896
-2.796753
-4.162257
-5.600927
-6.971330
-8.197338
-9.258531
-10.156074
-10.903104
-11.518123
-12.020930
-12.430338
-12.763048
-13.033273
-13.252807
-13.431300
-13.416346
-13.520982
-13.344693
-13.129512
-12.866686
-12.545594
-12.153466
-11.675214
-11.093542
-10.389617
-9.544626
-8.542692
-7.375769
-6.051175
-4.615559
-3.184790
-1.884194
-0.786462
0.055157
0.620237
0.926914
1.027245
0.993330
0.898777
0.802715
0.744261
0.744165
0.774780
0.786465
0.715340
0.489661
0.044848
-0.659943
-1.630570
-2.835886
-4.215444
-5.666586
-7.047082
-8.280891
-9.348001
-10.249981
-11.000318
-11.617791
-12.122419
-12.533179
-12.866893
-13.137867
-13.357961
-13.536872
-13.520982
-13.625337
-13.448491
-13.232598
-12.968860
-12.646594
-12.252951
-11.772734
-11.188506
-10.481249
-9.631914
-8.624331
-7.450107
-6.116186
-4.669053
-3.225026
-1.910265
-0.798415
0.056079
0.631649
0.945690
1.050127
1.017552
0.922499
0.825154
0.765537
0.764968
0.795229
0.805643
0.731274
0.499580
0.045673
-0.670975
-1.655352
-2.875126
-4.268701
-5.732262
-7.122793
-8.364352
-9.437336
-10.343720
-11.097335
-11.717243
-12.223675
-12.635772
-12.970480
-13.242194
-13.462840
-13.642165
-13.625337
-13.729414
-13.552015
-13.335417
-13.070774
-12.747344
-12.352197
-11.870029
-11.283263
-10.572696
-9.719044
-8.705846
-7.524361
-6.181160
-4.722558
-3.265314
-1.936405
-0.810418
0.057007
0.643155
0.964660
1.073302
1.042143
0.946637
0.848026
0.787239
0.786172
0.816037
0.825112
0.747412
0.509602
0.046505
-0.682075
-1.680239
-2.914468
-4.322026
-5.797951
-7.198460
-8.447718
-9.526535
-10.437289
-11.194158
-11.816477
-12.324697
-12.738119
-13.073810
-13.346256
-13.567448
-13.747180
-13.729414
-13.833212
-13.655266
-13.437968
-13.172428
-12.847843
-12.451204
-11.967099
-11.377813
-10.663958
-9.806017
-8.787236
-7.598530
-6.246094
-4.776071
-3.305649
-1.962610
-0.822472
0.057940
0.654753
0.983826
1.096767
1.067102
0.971191
0.871334
0.809370
0.807779
0.837204
0.844874
0.763753
0.519726
0.047344
-0.693242
-1.705229
-2.953910
-4.375415
-5.863650
-7.274081
-8.530989
-9.615597
-10.530689
-11.290784
-11.915495
-12.425485
-12.840219
-13.176884
-13.450053
-13.671784
-13.851918
-13.833212
-13.936734
-13.758245
-13.540254
-13.273824
-12.948094
-12.549973
-12.063946
-11.472155
-10.755034
-9.892830
-8.868500
-7.672612
-6.310985
-4.829590
-3.346030
-1.988880
-0.834574
0.058879
0.666443
1.003184
1.120525
1.092430
0.996164
0.895080
0.831933
0.829793
0.858731
0.864927
0.780297
0.529953
0.048189
-0.704474
-1.730320
-2.993449
-4.428864
-5.929355
-7.349653
-8.614162
-9.704521
-10.623918
-11.387213
-12.014296
-12.526041
-12.942074
-13.279701
-13.553586
-13.775849
-13.956380
-13.936734
-14.039981
-13.860954
-13.642275
-13.374962
-13.048095
-12.648504
-12.160568
-11.566291
-10.845925
-9.979484
-8.949636
-7.746605
-6.375833
-4.883111
-3.386455
-2.015212
-0.846724
0.059823
0.678224
1.022735
1.144572
1.118127
1.021556
0.919266
0.854930
0.852215
0.880621
0.885273
0.797043
0.540281
0.049041
-0.715771
-1.755510
-3.033081
-4.482371
-5.995064
-7.425173
-8.697235
-9.793306
-10.716975
-11.483447
-12.112881
-12.626365
-13.043683
-13.382264
-13.656856
-13.879645
-14.060568
-14.039981
-14.142953
-13.963393
-13.744032
-13.475844
-13.147849
-12.746798
-12.256967
-11.660221
-10.936630
-10.065978
-9.030644
-7.820508
-6.440634
-4.936633
-3.426920
-2.041605
-0.858920
0.060773
0.690095
1.042478
1.168911
1.144195
1.047370
0.943894
0.878363
0.875047
0.902873
0.905912
0.813991
0.550711
0.049899
-0.727131
-1.780797
-3.072804
-4.535932
-6.060773
-7.500640
-8.780207
-9.881951
-10.809861
-11.579483
-12.211249
-12.726456
-13.145048
-13.484572
-13.759864
-13.983172
-14.164482
-14.142953
-14.245651
-14.065563
-13.845526
-13.576470
-13.247355
-12.844856
-12.353143
-11.753944
-11.027149
-10.152311
-9.111523
-7.894319
-6.505388
-4.990152
-3.467424
-2.068055
-0.871162
0.061727
0.702055
1.062411
1.193538
1.170632
1.073605
0.968966
0.902235
0.898290
0.925489
0.926843
0.831141
0.561241
0.050764
-0.738555
-1.806179
-3.112615
-4.589543
-6.126480
-7.576050
-8.863076
-9.970454
-10.902575
-11.675323
-12.309401
-12.826316
-13.246170
-13.586627
-13.862610
-14.086432
-14.268123
-14.245651
-14.348078
-14.167465
-13.946758
-13.676840
-13.346615
-12.942678
-12.449096
-11.847460
-11.117481
-10.238484
-9.192271
-7.968037
-6.570091
-5.043668
-3.507964
-2.094562
-0.883450
0.062687
0.714104
1.082534
1.218455
1.197439
1.100264
0.994483
0.926548
0.921946
0.948469
0.948068
0.848492
0.571871
0.051635
-0.750041
-1.831654
-3.152511
-4.643202
-6.192182
-7.651402
-8.945840
-10.058815
-10.995116
-11.770965
-12.407337
-12.925944
-13.347048
-13.688429
-13.965096
-14.189426
-14.371493
-14.348078
-14.450233
-14.269102
-14.047729
-13.776957
-13.445629
-13.040264
-12.544826
-11.940770
-11.207628
-10.324495
-9.272888
-8.041661
-6.634742
-5.097177
-3.548537
-2.121124
-0.895780
0.063652
0.726240
1.102845
1.243660
1.224617
1.127347
1.020449
0.951303
0.946018
0.971816
0.969586
0.866044
0.582601
0.052513
-0.761587
-1.857220
-3.192488
-4.696906
-6.257876
-7.726693
-9.028499
-10.147032
-11.087483
-11.866410
-12.505056
-13.025342
-13.447684
-13.789979
-14.067323
-14.292154
-14.474593
-14.450233
-14.552118
-14.370472
-14.148440
-13.876820
-13.544398
-13.137616
-12.640335
-12.033874
-11.297588
-10.410343
-9.353374
-8.115188
-6.699339
-5.150677
-3.589142
-2.147738
-0.908154
0.064622
0.738463
1.123344
1.269152
1.252165
1.154855
1.046864
0.976502
0.970506
0.995529
0.991397
0.883796
0.593429
0.053397
-0.773194
-1.882874
-3.232545
-4.750651
-6.323559
-7.801922
-9.111049
-10.235104
-11.179676
-11.961658
-12.602560
-13.124509
-13.548077
-13.891278
-14.169291
-14.394617
-14.577423
-14.552118
-14.653735
-14.471578
-14.248892
-13.976431
-13.642923
-13.234734
-12.735622
-12.126772
-11.387361
-10.496030
-9.433726
-8.188619
-6.763881
-5.204167
-3.629775
-2.174403
-0.920569
0.065597
0.750771
1.144028
1.294931
1.280083
1.182789
1.073729
1.002148
0.995412
1.019609
1.013501
0.901748
0.604356
0.054287
-0.784860
-1.908614
-3.272678
-4.804434
-6.389229
-7.877086
-9.193491
-10.323031
-11.271694
-12.056709
-12.699848
-13.223446
-13.648229
-13.992326
-14.271001
-14.496817
-14.679986
-14.653735
-14.755084
-14.572421
-14.349086
-14.075790
-13.741205
-13.331618
-12.830688
-12.219464
-11.476948
-10.581553
-9.513945
-8.261951
-6.828365
-5.257643
-3.670435
-2.201116
-0.933025
0.066577
0.763165
1.164898
1.320995
1.308371
1.211149
1.101048
1.028243
1.020738
1.044057
1.035897
0.919898
0.615381
0.055183
-0.796584
-1.934439
-3.312884
-4.858253
-6.454883
-7.952184
-9.275822
-10.410812
-11.363538
-12.151561
-12.796921
-13.322153
-13.748140
-14.093124
-14.372455
-14.598754
-14.782281
-14.755084
-14.856166
-14.673001
-14.449023
-14.174899
-13.839244
-13.428269
-12.925534
-12.311951
-11.566348
-10.666914
-9.594029
-8.335184
-6.892791
-5.311105
-3.711120
-2.227876
-0.945521
0.067562
0.775642
1.185951
1.347345
1.337028
1.239937
1.128819
1.054786
1.046484
1.068873
1.058587
0.938247
0.626503
0.056085
-0.808366
-1.960347
-3.353161
-4.912104
-6.520518
-8.027212
-9.358041
-10.498446
-11.455207
-12.246217
-12.893778
-13.420631
-13.847811
-14.193674
-14.473652
-14.700430
-14.884309
-14.856166
-14.956982
-14.773320
-14.548703
-14.273758
-13.937040
-13.524688
-13.020159
-12.404232
-11.655562
-10.752111
-9.673979
-8.408315
-6.957155
-5.364549
-3.751828
-2.254682
-0.958056
0.068551
0.788202
1.207186
1.373978
1.366056
1.269153
1.157046
1.081782
1.072652
1.094059
1.081569
0.956794
0.637721
0.056993
-0.820204
-1.986335
-3.393506
-4.965985
-6.586132
-8.102170
-9.440148
-10.585932
-11.546700
-12.340674
-12.990421
-13.518881
-13.947243
-14.293975
-14.574594
-14.801845
-14.986073
-14.956982
-15.057534
-14.873378
-14.648128
-14.372367
-14.034595
-13.620876
-13.114564
-12.496309
-11.744589
-10.837144
-9.753792
-8.481345
-7.021458
-5.417974
-3.792555
-2.281531
-0.970628
0.069545
0.800845
1.228603
1.400894
1.395452
1.298798
1.185730
1.109230
1.099243
1.119613
1.104844
0.975537
0.649035
0.057908
-0.832097
-2.012402
-3.433916
-5.019893
-6.651723
-8.177055
-9.522139
-10.673270
-11.638017
-12.434934
-13.086848
-13.616902
-14.046435
-14.394029
-14.675282
-14.903000
-15.087572
-15.057534
-15.157823
-14.973178
-14.747299
-14.470728
-14.131910
-13.716832
-13.208749
-12.588180
-11.833429
-10.922012
-9.833469
-8.554272
-7.085697
-5.471378
-3.833301
-2.308422
-0.983238
0.070544
0.813569
1.250200
1.428092
1.425217
1.328872
1.214870
1.137132
1.126259
1.145538
1.128410
0.994477
0.660444
0.058828
-0.844044
-2.038545
-3.474389
-5.073825
-6.717288
-8.251867
-9.604016
-10.760458
-11.729157
-12.528996
-13.183061
-13.714696
-14.145389
-14.493836
-14.775717
-15.003896
-15.188809
-15.157823
-15.257849
-15.072718
-14.846216
-14.568843
-14.228985
-13.812557
-13.302716
-12.679847
-11.922083
-11.006717
-9.913009
-8.627095
-7.149870
-5.524759
-3.874064
-2.335353
-0.995883
0.071547
0.826372
1.271975
1.455570
1.455350
1.359374
1.244470
1.165490
1.153699
1.171832
1.152268
1.013612
0.671947
0.059753
-0.856045
-2.064763
-3.514922
-5.127778
-6.782825
-8.326602
-9.685775
-10.847495
-11.820121
-12.622861
-13.279060
-13.812262
-14.244105
-14.593397
-14.875899
-15.104535
-15.289783
-15.257849
-15.357613
-15.172001
-14.944881
-14.666710
-14.325821
-13.908053
-13.396464
-12.771310
-12.010550
-11.091256
-9.992411
-8.699813
-7.213977
-5.578116
-3.914840
-2.362321
-1.008563
0.072555
0.839255
1.293928
1.483328
1.485851
1.390307
1.274528
1.194304
1.181565
1.198497
1.176417
1.032941
0.683544
0.060685
-0.868099
-2.091053
-3.555513
-5.181751
-6.848331
-8.401260
-9.767416
-10.934383
-11.910908
-12.716528
-13.374845
-13.909601
-14.342584
-14.692713
-14.975829
-15.204916
-15.390496
-15.357613
-15.457117
-15.271028
-15.043294
-14.764332
-14.422418
-14.003319
-13.489994
-12.862568
-12.098830
-11.175631
-10.071675
-8.772425
-7.278016
-5.631446
-3.955629
-2.389327
-1.021278
0.073566
0.852217
1.316056
1.511364
1.516719
1.421668
1.305047
1.223576
1.209858
1.225532
1.200856
1.052464
0.695234
0.061622
-0.880204
-2.117413
-3.596158
-5.235739
-6.913805
-8.475838
-9.848939
-11.021119
-12.001518
-12.809997
-13.470416
-14.006713
-14.440827
-14.791784
-15.075508
-15.305042
-15.490949
-15.457117
-15.556362
-15.369799
-15.141457
-14.861709
-14.518778
-14.098356
-13.583307
-12.953623
-12.186924
-11.259840
-10.150800
-8.844930
-7.341985
-5.684748
-3.996428
-2.416367
-1.034025
0.074582
0.865255
1.338358
1.539676
1.547952
1.453460
1.336027
1.253307
1.238578
1.252938
1.225585
1.072180
0.707015
0.062565
-0.892359
-2.143843
-3.636856
-5.289742
-6.979245
-8.550335
-9.930341
-11.107703
-12.091951
-12.903269
-13.565774
-14.103600
-14.538834
-14.890611
-15.174937
-15.404912
-15.591142
-15.556362
-15.655349
-15.468316
-15.239369
-14.958842
-14.614900
-14.193166
-13.676402
-13.044474
-12.274831
-11.343884
-10.229785
-8.917327
-7.405884
-5.738020
-4.037236
-2.443440
-1.046805
0.075602
0.878370
1.360834
1.568265
1.579552
1.485681
1.367468
1.283497
1.267726
1.280714
1.250604
1.092088
0.718889
0.063513
-0.904565
-2.170338
-3.677604
-5.343756
-7.044648
-8.624751
-10.011623
-11.194134
-12.182206
-12.996343
-13.660918
-14.200261
-14.636605
-14.989196
-15.274117
-15.504529
-15.691078
-15.655349
-15.754078
-15.566579
-15.337033
-15.055731
-14.710787
-14.287747
-13.769281
-13.135122
-12.362551
-11.427762
-10.308631
-8.989615
-7.469710
-5.791260
-4.078050
-2.470545
-1.059616
0.076626
0.891560
1.383481
1.597127
1.611516
1.518332
1.399371
1.314148
1.297302
1.308860
1.275911
1.112187
0.730852
0.064467
-0.916818
-2.196899
-3.718400
-5.397778
-7.110011
-8.699082
-10.092782
-11.280412
-12.272283
-13.089220
-13.755850
-14.296697
-14.734142
-15.087538
-15.373049
-15.603892
-15.790756
-15.754078
-15.852551
-15.664590
-15.434449
-15.152378
-14.806438
-14.382102
-13.861943
-13.225567
-12.450086
-11.511475
-10.387336
-9.061794
-7.533464
-5.844467
-4.118869
-2.497680
-1.072457
0.077655
0.904824
1.406297
1.626261
1.643843
1.551412
1.431738
1.345260
1.327308
1.337376
1.301507
1.132475
0.742906
0.065426
-0.929120
-2.223522
-3.759240
-5.451807
-7.175335
-8.773327
-10.173818
-11.366537
-12.362182
-13.181900
-13.850569
-14.392909
-14.831445
-15.185639
-15.471733
-15.703002
-15.890178
-15.852551
-15.950768
-15.762349
-15.531617
-15.248784
-14.901854
-14.476231
-13.954389
-13.315809
-12.537434
-11.595021
-10.465900
-9.133862
-7.597142
-5.897640
-4.159692
-2.524843
-1.085327
0.078687
0.918161
1.429282
1.655667
1.676534
1.584921
1.464567
1.376834
1.357742
1.366262
1.327389
1.152952
0.755048
0.066390
-0.941468
-2.250207
-3.800123
-5.505841
-7.240615
-8.847486
-10.254730
-11.452507
-12.451902
-13.274382
-13.945076
-14.488896
-14.928514
-15.283499
-15.570170
-15.801861
-15.989345
-15.950768
-16.048731
-15.859857
-15.628539
-15.344948
-14.997036
-14.570134
-14.046621
-13.405849
-12.624595
-11.678402
-10.544323
-9.205819
-7.660745
-5.950776
-4.200515
-2.552033
-1.098226
0.079723
0.931570
1.452434
1.685342
1.709585
1.618859
1.497859
1.408870
1.388606
1.395518
1.353558
1.173617
0.767278
0.067360
-0.953862
-2.276950
-3.841047
-5.559876
-7.305851
-8.921557
-10.335517
-11.538323
-12.541445
-13.366667
-14.039371
-14.584660
-15.025351
-15.381118
-15.668362
-15.900470
-16.088257
-16.048731
-16.146441
-15.957116
-15.725216
-15.440873
-15.091985
-14.663811
-14.138637
-13.495687
-12.711571
-11.761616
-10.622604
-9.277664
-7.724271
-6.003874
-4.241339
-2.579249
-1.111153
0.080762
0.945051
1.475751
1.715286
1.742998
1.653225
1.531615
1.441369
1.419900
1.425143
1.380012
1.194469
0.779596
0.068335
-0.966300
-2.303751
-3.882009
-5.613910
-7.371040
-8.995538
-10.416179
-11.623983
-12.630808
-13.458755
-14.133454
-14.680201
-15.121955
-15.478499
-15.766308
-15.998829
-16.186916
-16.146441
-16.243898
-16.054125
-15.821648
-15.536558
-15.186701
-14.757264
-14.230439
-13.585323
-12.798361
-11.844664
-10.700743
-9.349396
-7.787719
-6.056933
-4.282160
-2.606488
-1.124106
0.081805
0.958601
1.499231
1.745495
1.776769
1.688019
1.565835
1.474331
1.451624
1.455137
1.406750
1.215506
0.792000
0.069315
-0.978783
-2.330607
-3.923006
-5.667942
-7.436182
-9.069429
-10.496714
-11.709488
-12.719994
-13.550646
-14.227326
-14.775520
-15.218328
-15.575640
-15.864010
-16.096939
-16.285323
-16.243898
-16.341104
-16.150887
-15.917837
-15.632005
-15.281185
-14.850494
-14.322027
-13.674758
-12.884965
-11.927545
-10.778740
-9.421015
-7.851088
-6.109951
-4.322978
-2.633749
-1.137085
0.082852
0.972221
1.522873
1.775969
1.810899
1.723240
1.600518
1.507757
1.483777
1.485499
1.433772
1.236727
0.804489
0.070299
-0.991308
-2.357516
-3.964037
-5.721969
-7.501273
-9.143227
-10.577121
-11.794837
-12.809000
-13.642341
-14.320987
-14.870616
-15.314470
-15.672544
-15.961469
-16.194801
-16.383478
-16.341104
-16.438060
-16.247401
-16.013783
-15.727215
-15.375438
-14.943500
-14.413401
-13.763991
-12.971383
-12.010260
-10.856593
-9.492519
-7.914377
-6.162927
-4.363790
-2.661032
-1.150089
0.083903
0.985908
1.546675
1.806706
1.845385
1.758888
1.635665
1.541645
1.516360
1.516229
1.461076
1.258131
0.817063
0.071289
-1.003875
-2.384477
-4.005100
-5.775989
-7.566312
-9.216932
-10.657400
-11.880030
-12.897827
-13.733838
-14.414438
-14.965490
-15.410382
-15.769211
-16.058685
-16.292416
-16.481383
-16.438060
-16.534765
-16.343670
-16.109486
-15.822187
-15.469460
-15.036283
-14.504563
-13.853024
-13.057615
-12.092808
-10.934303
-9.563909
-7.977585
-6.215860
-4.404596
-2.688334
-1.163117
0.084956
0.999662
1.570636
1.837704
1.880226
1.794961
1.671274
1.575998
1.549373
1.547325
1.488661
1.279717
0.829721
0.072284
-1.016483
-2.411489
-4.046192
-5.830001
-7.631298
-9.290543
-10.737551
-11.965066
-12.986476
-13.825140
-14.507678
-15.060144
-15.506064
-15.865641
-16.155659
-16.389785
-16.579037
-16.534765
-16.631223
-16.439693
-16.204949
-15.916924
-15.563252
-15.128844
-14.595512
-13.941856
-13.143662
-12.175189
-11.011870
-9.635183
-8.040711
-6.268747
-4.445394
-2.715653
-1.176168
0.086014
1.013482
1.594753
1.868961
1.915421
1.831460
1.707347
1.610814
1.582815
1.578788
1.516527
1.301483
0.842461
0.073283
-1.029131
-2.438548
-4.087310
-5.884001
-7.696229
-9.364058
-10.817572
-12.049945
-13.074945
-13.916245
-14.600708
-15.154576
-15.601517
-15.961836
-16.252392
-16.486909
-16.676443
-16.631223
-16.727432
-16.535472
-16.300171
-16.011425
-15.656816
-15.221183
-14.686249
-14.030488
-13.229524
-12.257404
-11.089293
-9.706342
-8.103754
-6.321589
-4.486181
-2.742990
-1.189242
0.087074
1.027367
1.619026
1.900475
1.950968
1.868382
1.743883
1.646094
1.616685
1.610616
1.544671
1.323429
0.855284
0.074287
-1.041818
-2.465653
-4.128454
-5.937988
-7.761104
-9.437476
-10.897462
-12.134666
-13.163235
-14.007153
-14.693529
-15.248789
-15.696741
-16.057795
-16.348885
-16.583788
-16.773601
-16.727432
-16.823395
-16.631007
-16.395154
-16.105691
-15.750150
-15.313302
-14.776774
-14.118921
-13.315200
-12.339451
-11.166571
-9.777383
-8.166712
-6.374383
-4.526958
-2.770341
-1.202337
0.088137
1.041315
1.643451
1.932245
1.986865
1.905727
1.780881
1.681836
1.650985
1.642809
1.573093
1.345552
0.868187
0.075296
-1.054543
-2.492804
-4.169621
-5.991960
-7.825920
-9.510797
-10.977221
-12.219229
-13.251346
-14.097866
-14.786140
-15.342782
-15.791738
-16.153520
-16.445138
-16.680423
-16.870513
-16.823395
-16.919112
-16.726300
-16.489898
-16.199724
-15.843257
-15.405200
-14.867089
-14.207153
-13.400692
-12.421332
-11.243705
-9.848307
-8.229586
-6.427129
-4.567721
-2.797707
-1.215453
0.089204
1.055326
1.668028
1.964268
2.023111
1.943493
1.818340
1.718042
1.685712
1.675365
1.601791
1.367852
0.881170
0.076309
-1.067305
-2.519997
-4.210808
-6.045916
-7.890677
-9.584018
-11.056849
-12.303634
-13.339278
-14.188383
-14.878543
-15.436556
-15.886507
-16.249012
-16.541153
-16.776816
-16.967178
-16.919112
-17.014585
-16.821351
-16.584404
-16.293523
-15.936137
-15.496878
-14.957193
-14.295187
-13.485999
-12.503046
-11.320694
-9.919114
-8.292374
-6.479825
-4.608471
-2.825085
-1.228589
0.090274
1.069398
1.692754
1.996542
2.059705
1.981680
1.856261
1.754710
1.720866
1.708284
1.630763
1.390327
0.894233
0.077326
-1.080104
-2.547231
-4.252015
-6.099852
-7.955372
-9.657140
-11.136345
-12.387881
-13.427031
-14.278704
-14.970736
-15.530111
-15.981050
-16.344270
-16.636929
-16.872967
-17.063598
-17.014585
-17.109813
-16.916161
-16.678674
-16.387091
-16.028790
-15.588338
-15.047086
-14.383022
-13.571121
-12.584593
-11.397538
-9.989802
-8.355075
-6.532470
-4.649204
-2.852474
-1.241744
0.091346
1.083530
1.717629
2.029065
2.096644
2.020287
1.894642
1.791841
1.756448
1.741564
1.660009
1.412975
0.907373
0.078348
-1.092937
-2.574505
-4.293238
-6.153768
-8.020005
-9.730160
-11.215707
-12.471969
-13.514604
-14.368829
-15.062722
-15.623448
-16.075367
-16.439296
-16.732469
-16.968876
-17.159773
-17.109813
-17.204798
-17.010731
-16.772707
-16.480427
-16.121218
-15.679578
-15.136770
-14.470658
-13.656059
-12.665973
-11.474236
-10.060371
-8.417688
-6.585063
-4.689922
-2.879873
-1.254917
0.092422
1.097722
1.742648
2.061836
2.133926
2.059311
1.933482
1.829433
1.792455
1.775205
1.689527
1.435795
0.920590
0.079374
-1.105805
-2.601816
-4.334476
-6.207662
-8.084574
-9.803079
-11.294936
-12.555898
-13.601998
-14.458760
-15.154500
-15.716567
-16.169458
-16.534091
-16.827772
-17.064546
-17.255705
-17.204798
-17.299541
-17.105062
-16.866505
-16.573532
-16.213421
-15.770601
-15.226245
-14.558097
-13.740812
-12.747185
-11.550789
-10.130820
-8.480214
-6.637602
-4.730620
-2.907281
-1.268107
0.093500
1.111972
1.767812
2.094851
2.171549
2.098752
1.972781
1.867485
1.828887
1.809204
1.719316
1.458786
0.933883
0.080405
-1.118706
-2.629164
-4.375728
-6.261532
-8.149078
-9.875895
-11.374031
-12.639667
-13.689212
-14.548495
-15.246070
-15.809469
-16.263325
-16.628655
-16.922839
-17.159975
-17.351395
-17.299541
-17.394043
-17.199155
-16.960068
-16.666407
-16.305399
-15.861406
-15.315511
-14.645337
-13.825381
-12.828231
-11.627196
-10.201150
-8.542650
-6.690088
-4.771300
-2.934696
-1.281314
0.094581
1.126278
1.793118
2.128110
2.209512
2.138608
2.012537
1.905998
1.865744
1.843562
1.749373
1.481946
0.947252
0.081439
-1.131640
-2.656547
-4.416991
-6.315376
-8.213515
-9.948607
-11.452991
-12.723277
-13.776247
-14.638035
-15.337433
-15.902154
-16.356967
-16.722989
-17.017672
-17.255167
-17.446843
-17.394043
-17.488304
-17.293011
-17.053397
-16.759053
-16.397153
-15.951995
-15.404569
-14.732380
-13.909767
-12.909110
-11.703457
-10.271359
-8.604996
-6.742518
-4.811958
-2.962118
-1.294537
0.095665
1.140641
1.818564
2.161608
2.247813
2.178878
2.052750
1.944970
1.903024
1.878275
1.779697
1.505274
0.960694
0.082478
-1.144605
-2.683962
-4.458263
-6.369192
-8.277884
-10.021214
-11.531816
-12.806727
-13.863103
-14.727381
-15.428590
-15.994624
-16.450386
-16.817093
-17.112270
-17.350120
-17.542050
-17.488304
-17.582326
-17.386630
-17.146494
-16.851470
-16.488685
-16.042367
-15.493419
-14.819226
-13.993968
-12.989822
-11.779572
-10.341447
-8.667252
-6.794891
-4.852595
-2.989545
-1.307776
0.096751
1.155058
1.844148
2.195345
2.286449
2.219559
2.093418
1.984401
1.940726
1.913344
1.810287
1.528767
0.974209
0.083520
-1.157601
-2.711409
-4.499542
-6.422980
-8.342183
-10.093716
-11.610505
-12.890017
-13.949780
-14.816532
-15.519540
-16.086877
-16.543581
-16.910969
-17.206635
-17.444836
-17.637017
-17.582326
-17.676109
-17.480013
-17.239358
-16.943659
-16.579994
-16.132524
-15.582062
-14.905875
-14.077986
-13.070367
-11.855541
-10.411415
-8.729416
-6.847207
-4.893208
-3.016975
-1.321028
0.097840
1.169530
1.869868
2.229318
2.325417
2.260650
2.134541
2.024288
1.978849
1.948766
1.841140
1.552424
0.987797
0.084567
-1.170627
-2.738886
-4.540827
-6.476736
-8.406413
-10.166111
-11.689058
-12.973147
-14.036277
-14.905488
-15.610284
-16.178916
-16.636555
-17.004617
-17.300768
-17.539317
-17.731745
-17.676109
-17.769655
-17.573161
-17.331991
-17.035622
-16.671081
-16.222465
-15.670499
-14.992328
-14.161821
-13.150745
-11.931363
-10.481260
-8.791489
-6.899465
-4.933797
-3.044408
-1.334295
0.098931
1.184053
1.895723
2.263524
2.364717
2.302149
2.176116
2.064632
2.017391
1.984540
1.872255
1.576244
1.001455
0.085617
-1.183682
-2.766390
-4.582117
-6.530461
-8.470570
-10.238399
-11.767475
-13.056117
-14.122595
-14.994251
-15.700823
-16.270739
-16.729307
-17.098037
-17.394668
-17.633561
-17.826235
-17.769655
-17.862963
-17.666075
-17.424394
-17.127358
-16.761948
-16.312192
-15.758729
-15.078585
-14.245473
-13.230956
-12.007038
-10.550983
-8.853468
-6.951663
-4.974361
-3.071843
-1.347574
0.100024
1.198628
1.921709
2.297962
2.404345
2.344055
2.218142
2.105431
2.056352
2.020664
1.903631
1.600226
1.015183
0.086671
-1.196764
-2.793922
-4.623409
-6.584151
-8.534655
-10.310580
-11.845754
-13.138926
-14.208734
-15.082820
-15.791156
-16.362349
-16.821837
-17.191230
-17.488338
-17.727572
-17.920487
-17.862963
-17.956036
-17.758756
-17.516567
-17.218869
-16.852594
-16.401706
-15.846753
-15.164647
-14.328942
-13.311000
-12.082566
-10.620584
-8.915354
-7.003801
-5.014898
-3.099278
-1.360865
0.101120
1.213254
1.947826
2.332628
2.444299
2.386364
2.260618
2.146683
2.095730
2.057137
1.935264
1.624366
1.028980
0.087728
-1.209873
-2.821479
-4.664701
-6.637806
-8.598665
-10.382651
-11.923896
-13.221574
-14.294693
-15.171195
-15.881284
-16.453745
-16.914147
-17.284198
-17.581777
-17.821348
-18.014503
-17.956036
-18.048873
-17.851205
-17.608510
-17.310155
-16.943020
-16.491006
-15.934572
-15.250513
-14.412229
-13.390878
-12.157947
-10.690062
-8.977147
-7.055878
-5.055407
-3.126713
-1.374168
0.102218
1.227929
1.974072
2.367520
2.484577
2.429077
2.303542
2.188388
2.135523
2.093957
1.967154
1.648663
1.042844
0.088789
-1.223009
-2.849059
-4.705993
-6.691425
-8.662601
-10.454613
-12.001900
-13.304061
-14.380474
-15.259377
-15.971208
-16.544927
-17.006237
-17.376940
-17.674987
-17.914891
-18.108283
-18.048873
-18.141477
-17.943422
-17.700226
-17.401216
-17.033227
-16.580093
-16.022186
-15.336184
-14.495333
-13.470588
-12.233181
-10.759416
-9.038844
-7.107893
-5.095887
-3.154145
-1.387481
0.103318
1.242652
2.000443
2.402635
2.525176
2.472189
2.346913
2.230544
2.175730
2.131121
1.999298
1.673117
1.056775
0.089854
-1.236170
-2.876662
-4.747282
-6.745005
-8.726460
-10.526465
-12.079765
-13.386387
-14.466075
-15.347366
-16.060928
-16.635897
-17.098107
-17.469458
-17.767968
-18.008203
-18.201828
-18.141477
-18.233846
-18.035409
-17.791714
-17.492055
-17.123216
-16.668968
-16.109596
-15.421661
-14.578254
-13.550132
-12.308267
-10.828647
-9.100446
-7.159845
-5.136337
-3.181575
-1.400805
0.104420
1.257422
2.026938
2.437972
2.566093
2.515699
2.390728
2.273149
2.216350
2.168628
2.031695
1.697724
1.070772
0.090922
-1.249356
-2.904286
-4.788566
-6.798546
-8.790242
-10.598206
-12.157492
-13.468552
-14.551497
-15.435162
-16.150444
-16.726655
-17.189759
-17.561751
-17.860721
-18.101283
-18.295139
-18.233846
-18.325983
-18.127165
-17.882975
-17.582670
-17.212988
-16.757631
-16.196802
-15.506943
-14.660994
-13.629510
-12.383206
-10.897754
-9.161953
-7.211733
-5.176756
-3.209002
-1.414138
0.105524
1.272237
2.053556
2.473528
2.607327
2.559605
2.434986
2.316201
2.257380
2.206477
2.064341
1.722484
1.084833
0.091993
-1.262565
-2.931929
-4.829846
-6.852045
-8.853946
-10.669835
-12.235079
-13.550555
-14.636741
-15.522765
-16.239757
-16.817202
-17.281193
-17.653821
-17.953247
-18.194132
-18.388217
-18.325983
-18.417889
-18.218693
-17.974011
-17.673064
-17.302542
-16.846084
-16.283804
-15.592032
-14.743552
-13.708721
-12.457997
-10.966736
-9.223363
-7.263556
-5.217143
-3.236423
-1.427479
0.106630
1.287098
2.080293
2.509299
2.648874
2.603904
2.479685
2.359700
2.298818
2.244664
2.097236
1.747394
1.098958
0.093068
-1.275796
-2.959590
-4.871117
-6.905502
-8.917570
-10.741352
-12.312527
-13.632397
-14.721805
-15.610176
-16.328866
-16.907537
-17.372409
-17.745669
-18.045545
-18.286751
-18.481063
-18.417889
-18.509563
-18.309992
-18.064821
-17.763237
-17.391880
-16.934326
-16.370604
-15.676927
-14.825929
-13.787765
-12.532641
-11.035594
-9.284676
-7.315314
-5.257498
-3.263839
-1.440829
0.107737
1.302003
2.107149
2.545283
2.690731
2.648593
2.524823
2.403643
2.340664
2.283189
2.130376
1.772452
1.113145
0.094146
-1.289050
-2.987268
-4.912380
-6.958916
-8.981114
-10.812755
-12.389834
-13.714077
-14.806691
-15.697395
-16.417774
-16.997661
-17.463408
-17.837295
-18.137618
-18.379142
-18.573677
-18.509563
-18.601008
-18.401063
-18.155407
-17.853189
-17.481002
-17.022358
-16.457201
-15.761630
-14.908124
-13.866643
-12.607137
-11.104327
-9.345891
-7.367006
-5.297818
-3.291248
-1.454186
0.108847
1.316950
2.134120
2.581478
2.732897
2.693672
2.570397
2.448028
2.382914
2.322048
2.163760
1.797657
1.127393
0.095226
-1.302325
-3.014961
-4.953633
-7.012285
-9.044577
-10.884046
-12.467002
-13.795595
-14.891399
-15.784422
-16.506479
-17.087576
-17.554191
-17.928699
-18.229466
-18.471304
-18.666060
-18.601008
-18.692223
-18.491908
-18.245769
-17.942921
-17.569909
-17.110182
-16.543597
-15.846139
-14.990139
-13.945355
-12.681485
-11.172934
-9.407008
-7.418631
-5.338103
-3.318649
-1.467549
0.109958
1.331939
2.161205
2.617881
2.775367
2.739135
2.616406
2.492853
2.425567
2.361239
2.197386
1.823007
1.141701
0.096310
-1.315620
-3.042668
-4.994874
-7.065607
-9.107958
-10.955222
-12.544029
-13.876952
-14.975927
-15.871257
-16.594982
-17.177280
-17.644758
-18.019883
-18.321090
-18.563239
-18.758213
-18.692223
-18.783210
-18.582527
-18.335909
-18.032434
-17.658601
-17.197796
-16.629791
-15.930457
-15.071973
-14.023900
-12.755685
-11.241416
-9.468027
-7.470188
-5.378353
-3.346041
-1.480919
0.111071
1.346968
2.188402
2.654488
2.818139
2.784982
2.662847
2.538117
2.468621
2.400761
2.231251
1.848499
1.156069
0.097397
-1.328934
-3.070387
-5.036103
-7.118882
-9.171255
-11.026283
-12.620914
-13.958147
-15.060277
-15.957901
-16.683284
-17.266776
-17.735110
-18.110847
-18.412489
-18.654947
-18.850137
-18.783210
-18.873970
-18.672921
-18.425827
-18.121729
-17.747080
-17.285203
-16.715784
-16.014582
-15.153626
-14.102280
-12.829737
-11.309773
-9.528947
-7.521677
-5.418566
-3.373424
-1.494294
0.112185
1.362036
2.215708
2.691298
2.861211
2.831210
2.709718
2.583816
2.512073
2.440611
2.265353
1.874132
1.170494
0.098487
-1.342267
-3.098118
-5.077316
-7.172109
-9.234469
-11.097229
-12.697659
-14.039180
-15.144449
-16.044354
-16.771385
-17.356063
-17.825247
-18.201592
-18.503666
-18.746429
-18.941833
-18.873970
-18.964502
-18.763091
-18.515523
-18.210806
-17.835346
-17.372402
-16.801577
-16.098517
-15.235099
-14.180494
-12.903641
-11.378003
-9.589767
-7.573097
-5.458741
-3.400796
-1.507674
0.113301
1.377143
2.243122
2.728308
2.904578
2.877815
2.757017
2.629950
2.555922
2.480786
2.299689
1.899905
1.184976
0.099579
-1.355618
-3.125859
-5.118514
-7.225285
-9.297597
-11.168059
-12.774262
-14.120050
-15.228443
-16.130616
-16.859286
-17.445142
-17.915171
-18.292118
-18.594621
-18.837686
-19.033301
-18.964502
-19.054809
-18.853037
-18.604999
-18.299666
-17.923399
-17.459394
-16.887170
-16.182260
-15.316392
-14.258541
-12.977396
-11.446107
-9.650487
-7.624447
-5.498878
-3.428157
-1.521059
0.114418
1.392288
2.270641
2.765514
2.948239
2.924795
2.804740
2.676515
2.600164
2.521284
2.334257
1.925814
1.199513
0.100674
-1.368986
-3.153608
-5.159695
-7.278411
-9.360640
-11.238772
-12.850723
-14.200759
-15.312258
-16.216687
-16.946987
-17.534013
-18.004881
-18.382427
-18.685354
-18.928718
-19.124543
-19.054809
-19.144891
-18.942761
-18.694255
-18.388310
-18.011240
-17.546180
-16.972563
-16.265812
-15.397506
-14.336423
-13.051004
-11.514084
-9.711107
-7.675726
-5.538975
-3.455506
-1.534446
0.115537
1.407468
2.298264
2.802914
2.992190
2.972146
2.852885
2.723509
2.644798
2.562103
2.369055
1.951858
1.214106
0.101772
-1.382370
-3.181365
-5.200857
-7.331485
-9.423597
-11.309369
-12.927043
-14.281305
-15.395896
-16.302569
-17.034487
-17.622678
-18.094378
-18.472518
-18.775866
-19.019527
-19.215559
-19.144891
-19.234748
-19.032263
-18.783291
-18.476739
-18.098871
-17.632760
-17.057758
-16.349174
-15.478440
-14.414140
-13.124463
-11.581934
-9.771625
-7.726934
-5.579033
-3.482841
-1.547837
0.116657
1.422683
2.325988
2.840505
3.036428
3.019867
2.901451
2.770930
2.689821
2.603240
2.404080
1.978035
1.228751
0.102872
-1.395769
-3.209128
-5.242000
-7.384506
-9.486466
-11.379848
-13.003219
-14.361689
-15.479356
-16.388260
-17.121789
-17.711136
-18.183663
-18.562392
-18.866159
-19.110113
-19.306349
-19.234748
-19.324382
-19.121543
-18.872110
-18.564953
-18.186290
-17.719135
-17.142754
-16.432346
-15.559195
-14.491691
-13.197774
-11.649658
-9.832043
-7.778071
-5.619049
-3.510163
-1.561231
0.117778
1.437933
2.353810
2.878284
3.080949
3.067953
2.950433
2.818775
2.735230
2.644692
2.439330
2.004343
1.243449
0.103975
-1.409183
-3.236897
-5.283121
-7.437472
-9.549247
-11.450209
-13.079253
-14.441911
-15.562638
-16.473762
-17.208891
-17.799388
-18.272737
-18.652051
-18.956232
-19.200478
-19.396915
-19.324382
-19.413794
-19.210603
-18.960711
-18.652952
-18.273500
-17.805305
-17.227552
-16.515329
-15.639771
-14.569077
-13.270937
-11.717254
-9.892358
-7.829135
-5.659024
-3.537470
-1.574626
0.118901
1.453216
2.381730
2.916249
3.125751
3.116402
2.999829
2.867042
2.781023
2.686457
2.474802
2.030780
1.258198
0.105080
-1.422612
-3.264669
-5.324221
-7.490383
-9.611939
-11.520451
-13.155145
-14.521971
-15.645742
-16.559074
-17.295796
-17.887434
-18.361599
-18.741495
-19.046086
-19.290620
-19.487258
-19.413794
-19.502983
-19.299444
-19.049096
-18.740739
-18.360501
-17.891272
-17.312153
-16.598122
-15.720169
-14.646297
-13.343951
-11.784723
-9.952572
-7.880126
-5.698956
-3.564761
-1.588023
0.120024
1.468531
2.409745
2.954395
3.170830
3.165210
3.049636
2.915727
2.827197
2.728532
2.510493
2.057344
1.272998
0.106187
-1.436053
-3.292445
-5.365297
-7.543238
-9.674541
-11.590575
-13.230893
-14.601868
-15.728670
-16.644198
-17.382502
-17.975276
-18.450252
-18.830724
-19.135723
-19.380542
-19.577378
-19.502983
-19.591952
-19.388066
-19.137264
-18.828312
-18.447294
-17.977035
-17.396557
-16.680727
-15.800388
-14.723353
-13.416817
-11.852064
-10.012683
-7.931043
-5.738845
-3.592036
-1.601420
0.121148
1.483876
2.437852
2.992721
3.216183
3.214374
3.099851
2.964829
2.873750
2.770913
2.546401
2.084033
1.287846
0.107297
-1.449507
-3.320221
-5.406348
-7.596036
-9.737053
-11.660579
-13.306498
-14.681603
-15.811419
-16.729132
-17.469010
-18.062913
-18.538694
-18.919739
-19.225142
-19.470245
-19.667277
-19.591952
-19.680701
-19.476470
-19.225217
-18.915674
-18.533878
-18.062595
-17.480765
-16.763144
-15.880429
-14.800243
-13.489534
-11.919277
-10.072691
-7.981886
-5.778690
-3.619294
-1.614818
0.122274
1.499252
2.466050
3.031223
3.261807
3.263892
3.150471
3.014344
2.920678
2.813599
2.582523
2.110845
1.302742
0.108409
-1.462973
-3.347999
-5.447374
-7.648775
-9.799474
-11.730463
-13.381959
-14.761175
-15.893992
-16.813879
-17.555322
-18.150346
-18.626928
-19.008541
-19.314345
-19.559728
-19.756954
-19.680701
-19.769230
-19.564657
-19.312956
-19.002824
-18.620255
-18.147953
-17.564777
-16.845373
-15.960293
-14.876969
-13.562104
-11.986362
-10.132595
-8.032655
-5.818490
-3.646535
-1.628215
0.123400
1.514657
2.494336
3.069898
3.307698
3.313758
3.201493
3.064269
2.967978
2.856586
2.618857
2.137777
1.317685
0.109522
-1.476450
-3.375776
-5.488373
-7.701456
-9.861804
-11.800227
-13.457277
-14.840585
-15.976388
-16.898437
-17.641437
-18.237576
-18.714953
-19.097130
-19.403332
-19.648994
-19.846411
-19.769230
-19.857540
-19.652627
-19.400480
-19.089764
-18.706426
-18.233110
-17.648593
-16.927414
-16.039979
-14.953530
-13.634524
-12.053319
-10.192397
-8.083348
-5.858245
-3.673756
-1.641612
0.124528
1.530090
2.522709
3.108744
3.353852
3.363971
3.252914
3.114601
3.015649
2.899872
2.655400
2.164828
1.332673
0.110638
-1.489937
-3.403551
-5.529344
-7.754076
-9.924040
-11.869870
-13.532451
-14.919833
-16.058608
-16.982807
-17.727355
-18.324603
-18.802770
-19.185508
-19.492104
-19.738041
-19.935648
-19.857540
-19.945633
-19.740382
-19.487792
-19.176494
-18.792391
-18.318066
-17.732215
-17.009268
-16.119489
-15.029927
-13.706797
-12.120148
-10.252094
-8.133966
-5.897954
-3.700959
-1.655007
0.125656
1.545549
2.551166
3.147758
3.400267
3.414527
3.304730
3.165338
3.063685
2.943452
2.692149
2.191996
1.347706
0.111756
-1.503433
-3.431323
-5.570286
-7.806635
-9.986184
-11.939392
-13.607480
-14.998919
-16.140650
-17.066990
-17.813078
-18.411427
-18.890380
-19.273674
-19.580662
-19.826872
-20.024667
-19.945633
-20.033509
-19.827922
-19.574892
-19.263015
-18.878150
-18.402821
-17.815642
-17.090936
-16.198821
-15.106160
-13.778921
-12.186848
-10.311686
-8.184507
-5.937616
-3.728141
-1.668400
0.126784
1.561035
2.579705
3.186935
3.446939
3.465421
3.356938
3.216475
3.112086
2.987325
2.729101
2.219278
1.362783
0.112876
-1.516939
-3.459092
-5.611198
-7.859132
-10.048234
-12.008792
-13.682366
-15.077842
-16.222517
-17.150986
-17.898605
-18.498050
-18.977783
-19.361630
-19.669007
-19.915487
-20.113467
-20.033509
-20.121169
-19.915248
-19.661780
-19.349328
-18.963705
-18.487376
-17.898876
-17.172418
-16.277977
-15.182229
-13.850897
-12.253420
-10.371174
-8.234971
-5.977231
-3.755303
-1.681792
0.127914
1.576546
2.608325
3.226274
3.493864
3.516651
3.409535
3.268010
3.160846
3.031487
2.766253
2.246672
1.377902
0.113998
-1.530453
-3.486856
-5.652079
-7.911567
-10.110190
-12.078071
-13.757107
-15.156603
-16.304207
-17.234795
-17.983937
-18.584472
-19.064981
-19.449376
-19.757139
-20.003887
-20.202051
-20.121169
-20.208613
-20.002361
-19.748457
-19.435433
-19.049056
-18.571733
-17.981916
-17.253714
-16.356957
-15.258133
-13.922724
-12.319863
-10.430557
-8.285358
-6.016797
-3.782443
-1.695180
0.129044
1.592080
2.637022
3.265771
3.541038
3.568213
3.462517
3.319940
3.209963
3.075935
2.803603
2.274177
1.393062
0.115121
-1.543975
-3.514614
-5.692928
-7.963938
-10.172051
-12.147227
-13.831704
-15.235202
-16.385721
-17.318417
-18.069074
-18.670693
-19.151972
-19.536913
-19.845058
-20.092072
-20.290418
-20.208613
-20.295843
-20.089261
-19.834924
-19.521331
-19.134204
-18.655890
-18.064764
-17.334824
-16.435762
-15.333875
-13.994404
-12.386177
-10.489835
-8.335668
-6.056315
-3.809561
-1.708565
0.130175
1.607638
2.665796
3.305424
3.588458
3.620102
3.515881
3.372261
3.259435
3.120666
2.841148
2.301789
1.408262
0.116246
-1.557503
-3.542366
-5.733744
-8.016245
-10.233816
-12.216261
-13.906155
-15.313638
-16.467060
-17.401853
-18.154018
-18.756714
-19.238759
-19.624241
-19.932766
-20.180044
-20.378569
-20.295843
-20.382859
-20.175949
-19.921182
-19.607022
-19.219149
-18.739850
-18.147419
-17.415750
-16.514390
-15.409452
-14.065935
-12.452362
-10.549007
-8.385899
-6.095784
-3.836657
-1.721947
0.131306
1.623218
2.694644
3.345228
3.636121
3.672316
3.569622
3.424969
3.309256
3.165677
2.878885
2.329508
1.423501
0.117372
-1.571038
-3.570109
-5.774525
-8.068486
-10.295486
-12.285172
-13.980462
-15.391913
-16.548223
-17.485104
-18.238768
-18.842535
-19.325342
-19.711362
-20.020264
-20.267803
-20.466506
-20.382859
-20.469662
-20.262427
-20.007231
-19.692508
-19.303892
-18.823612
-18.229883
-17.496491
-16.592844
-15.484867
-14.137318
-12.518418
-10.608074
-8.436051
-6.135202
-3.863730
-1.735324
0.132438
1.638819
2.723563
3.385182
3.684023
3.724851
3.623738
3.478062
3.359425
3.210963
2.916811
2.357330
1.438779
0.118501
-1.584579
-3.597844
-5.815272
-8.120662
-10.357058
-12.353960
-14.054624
-15.470025
-16.629210
-17.568169
-18.323325
-18.928158
-19.411721
-19.798275
-20.107552
-20.355349
-20.554229
-20.469662
-20.556253
-20.348694
-20.093073
-19.777789
-19.388434
-18.907177
-18.312155
-17.577048
-16.671123
-15.560118
-14.208553
-12.584345
-10.667034
-8.486124
-6.174571
-3.890778
-1.748697
0.133570
1.654441
2.752553
3.425282
3.732160
3.777702
3.678224
3.531535
3.409936
3.256523
2.954923
2.385255
1.454093
0.119630
-1.598125
-3.625570
-5.855983
-8.172770
-10.418534
-12.422624
-14.128641
-15.547975
-16.710023
-17.651049
-18.407689
-19.013582
-19.497898
-19.884982
-20.194630
-20.442685
-20.641738
-20.556253
-20.642633
-20.434752
-20.178707
-19.862866
-19.472775
-18.990547
-18.394237
-17.657422
-16.749227
-15.635207
-14.279640
-12.650142
-10.725888
-8.536118
-6.213888
-3.917802
-1.762064
0.134702
1.670082
2.781610
3.465525
3.780528
3.830865
3.733076
3.585385
3.460788
3.302352
2.993218
2.413279
1.469443
0.120761
-1.611675
-3.653285
-5.896656
-8.224811
-10.479912
-12.491164
-14.202513
-15.625763
-16.790660
-17.733744
-18.491861
-19.098808
-19.583872
-19.971484
-20.281500
-20.529809
-20.729036
-20.642633
-20.728802
-20.520601
-20.264135
-19.947739
-19.556917
-19.073720
-18.476129
-17.737613
-16.827157
-15.710133
-14.350579
-12.715810
-10.784635
-8.586031
-6.253154
-3.944801
-1.775426
0.135835
1.685741
2.810733
3.505908
3.829123
3.884338
3.788292
3.639608
3.511976
3.348447
3.031694
2.441400
1.484828
0.121893
-1.625229
-3.680989
-5.937292
-8.276784
-10.541191
-12.559580
-14.276239
-15.703390
-16.871123
-17.816255
-18.575841
-19.183836
-19.669644
-20.057780
-20.368162
-20.616724
-20.816121
-20.728802
-20.814761
-20.606242
-20.349358
-20.032410
-19.640859
-19.156699
-18.557831
-17.817621
-16.904913
-15.784896
-14.421371
-12.781348
-10.843276
-8.635864
-6.292368
-3.971775
-1.788783
0.136968
1.701418
2.839921
3.546428
3.877943
3.938115
3.843866
3.694200
3.563497
3.394805
3.070346
2.469617
1.500247
0.123027
-1.638786
-3.708680
-5.977890
-8.328688
-10.602372
-12.627871
-14.349820
-15.780855
-16.951412
-17.898582
-18.659630
-19.268668
-19.755215
-20.143872
-20.454617
-20.703429
-20.902996
-20.814761
-20.900511
-20.691676
-20.434376
-20.116878
-19.724602
-19.239483
-18.639344
-17.897447
-16.982496
-15.859497
-14.492014
-12.846757
-10.901809
-8.685617
-6.331529
-3.998722
-1.802133
0.138102
1.717111
2.869170
3.587082
3.926982
3.992192
3.899795
3.749159
3.615347
3.441422
3.109173
2.497927
1.515698
0.124162
-1.652346
-3.736359
-6.018448
-8.380522
-10.663454
-12.696038
-14.423256
-15.858158
-17.031526
-17.980725
-18.743228
-19.353303
-19.840586
-20.229760
-20.540866
-20.789926
-20.989660
-20.900511
-20.986053
-20.776904
-20.519189
-20.201146
-19.808148
-19.322074
-18.720669
-17.977091
-17.059906
-15.933937
-14.562510
-12.912037
-10.960235
-8.735288
-6.370637
-4.025642
-1.815476
0.139235
1.732821
2.898478
3.627867
3.976238
4.046566
3.956075
3.804478
3.667522
3.488294
3.148171
2.526328
1.531181
0.125298
-1.665908
-3.764023
-6.058966
-8.432286
-10.724436
-12.764080
-14.496546
-15.935299
-17.111467
-18.062685
-18.826636
-19.437743
-19.925757
-20.315445
-20.626909
-20.876215
-21.076115
-20.986053
-21.071388
-20.861926
-20.603800
-20.285212
-19.891496
-19.404471
-18.801806
-18.056553
-17.137143
-16.008214
-14.632858
-12.977186
-11.018553
-8.784877
-6.409691
-4.052536
-1.828812
0.140369
1.748545
2.927845
3.668779
4.025707
4.101233
4.012702
3.860156
3.720018
3.535419
3.187338
2.554818
1.546695
0.126435
-1.679471
-3.791673
-6.099442
-8.483979
-10.785318
-12.831996
-14.569691
-16.012279
-17.191234
-18.144462
-18.909854
-19.521988
-20.010728
-20.400928
-20.712748
-20.962298
-21.162362
-21.071388
-21.156516
-20.946744
-20.688207
-20.369079
-19.974647
-19.486676
-18.882755
-18.135835
-17.214208
-16.082331
-14.703059
-13.042206
-11.076764
-8.834385
-6.448691
-4.079401
-1.842140
0.141503
1.764283
2.957268
3.709817
4.075384
4.156188
4.069671
3.916187
3.772831
3.582792
3.226670
2.583396
1.562238
0.127573
-1.693036
-3.819307
-6.139877
-8.535601
-10.846099
-12.899787
-14.642690
-16.089097
-17.270827
-18.226056
-18.992883
-19.606038
-20.095501
-20.486209
-20.798382
-21.048174
-21.248401
-21.156516
-21.241438
-21.031357
-20.772413
-20.452746
-20.057603
-19.568689
-18.963518
-18.214937
-17.291101
-16.156286
-14.773112
-13.107096
-11.134866
-8.883810
-6.487637
-4.106238
-1.855461
0.142636
1.780035
2.986745
3.750976
4.125266
4.211427
4.126978
3.972568
3.825959
3.630410
3.266163
2.612058
1.577810
0.128712
-1.706600
-3.846925
-6.180269
-8.587150
-10.906779
-12.967452
-14.715543
-16.165754
-17.350247
-18.307469
-19.075722
-19.689894
-20.180077
-20.571289
-20.883813
-21.133845
-21.334233
-21.241438
-21.326155
-21.115767
-20.856418
-20.536215
-20.140363
-19.650510
-19.044094
-18.293859
-17.367822
-16.230080
-14.843018
-13.171857
-11.192860
-8.933153
-6.526527
-4.133046
-1.868774
0.143770
1.795799
3.016275
3.792254
4.175349
4.266945
4.184619
4.029294
3.879396
3.678270
3.305816
2.640802
1.593410
0.129852
-1.720165
-3.874525
-6.220618
-8.638626
-10.967358
-13.034991
-14.788250
-16.242251
-17.429495
-18.388700
-19.158374
-19.773557
-20.264455
-20.656169
-20.969041
-21.219311
-21.419859
-21.326155
-21.410668
-21.199975
-20.940222
-20.619486
-20.222929
-19.732141
-19.124485
-18.372601
-17.444372
-16.303713
-14.912777
-13.236487
-11.250746
-8.982413
-6.565362
-4.159825
-1.882077
0.144904
1.811575
3.045854
3.833648
4.225629
4.322740
4.242590
4.086361
3.933138
3.726366
3.345626
2.669627
1.609036
0.130992
-1.733729
-3.902108
-6.260923
-8.690029
-11.027835
-13.102404
-14.860812
-16.318586
-17.508570
-18.469749
-19.240837
-19.857027
-20.348636
-20.740849
-21.054067
-21.304574
-21.505279
-21.410668
-21.494977
-21.283981
-21.023827
-20.702560
-20.305300
-19.813582
-19.204691
-18.451165
-17.520751
-16.377186
-14.982389
-13.300988
-11.308524
-9.031590
-6.604141
-4.186574
-1.895372
0.146037
1.827361
3.075482
3.875154
4.276102
4.378805
4.300886
4.143766
3.987183
3.774697
3.385588
2.698531
1.624687
0.132134
-1.747292
-3.929672
-6.301182
-8.741357
-11.088210
-13.169691
-14.933228
-16.394760
-17.587472
-18.550618
-19.323114
-19.940304
-20.432621
-20.825330
-21.138892
-21.389633
-21.590495
-21.494977
