-0.103843
-0.100204
-0.096178
-0.091770
-0.087001
-0.081905
-0.076529
-0.070921
-0.065119
-0.059132
-0.052920
-0.046390
-0.039398
-0.031875
-0.023996
-0.015919
-0.007673
0.000641
0.008867
0.016784
0.024102
0.030442
0.035314
0.038092
0.038092
0.035314
0.030442
0.024102
0.016784
0.008867
0.000641
-0.007672
-0.015909
-0.023959
-0.031762
-0.039133
-0.045882
-0.052083
-0.057909
-0.063502
-0.068947
-0.074272
-0.079460
-0.084464
-0.089229
-0.093704
-0.097851
-0.101647
-0.103843
-0.181526
-0.174578
-0.166705
-0.157880
-0.148118
-0.137486
-0.126117
-0.114213
-0.102030
-0.089842
-0.077874
-0.066225
-0.054813
-0.043501
-0.032353
-0.021326
-0.010249
0.000855
0.011824
0.022378
0.032135
0.040587
0.047082
0.050787
0.050787
0.047082
0.040587
0.032134
0.022378
0.011822
0.000855
-0.010234
-0.021249
-0.032097
-0.042823
-0.053407
-0.063834
-0.074352
-0.085215
-0.096481
-0.108027
-0.119610
-0.130948
-0.141781
-0.151911
-0.161208
-0.169605
-0.177092
-0.181526
-0.253689
-0.243567
-0.232003
-0.218927
-0.204324
-0.188265
-0.170938
-0.152665
-0.133903
-0.115207
-0.097140
-0.080132
-0.064338
-0.049712
-0.036244
-0.023600
-0.011268
0.000937
0.012942
0.024484
0.035153
0.044398
0.051503
0.055555
0.055555
0.051503
0.044397
0.035152
0.024479
0.012934
0.000936
-0.011216
-0.023361
-0.035520
-0.047973
-0.061032
-0.074927
-0.089965
-0.106298
-0.123721
-0.141773
-0.159879
-0.177486
-0.194147
-0.209557
-0.223541
-0.236040
-0.247074
-0.253689
-0.323998
-0.310840
-0.295748
-0.278603
-0.259356
-0.238073
-0.214973
-0.190473
-0.165202
-0.139970
-0.115666
-0.093073
-0.072660
-0.054575
-0.038835
-0.024859
-0.011744
0.000972
0.013379
0.025284
0.036291
0.045830
0.053163
0.057346
0.057346
0.053163
0.045829
0.036286
0.025272
0.013357
0.000967
-0.011626
-0.024350
-0.037415
-0.051403
-0.067003
-0.084618
-0.104494
-0.126569
-0.150314
-0.174913
-0.199474
-0.223207
-0.245511
-0.265998
-0.284475
-0.300894
-0.315316
-0.323998
-0.393960
-0.377879
-0.359389
-0.338323
-0.314597
-0.288261
-0.259556
-0.228973
-0.197289
-0.165542
-0.134925
-0.106575
-0.081296
-0.059489
-0.041278
-0.025899
-0.012068
0.000990
0.013575
0.025606
0.036727
0.046371
0.053788
0.058019
0.058019
0.053787
0.046367
0.036714
0.025575
0.013527
0.000982
-0.011847
-0.025020
-0.038980
-0.054637
-0.073035
-0.094676
-0.119653
-0.147644
-0.177775
-0.208886
-0.239794
-0.269498
-0.297267
-0.322654
-0.345454
-0.365642
-0.383321
-0.393960
-0.464293
-0.445376
-0.423589
-0.398716
-0.370635
-0.339376
-0.305191
-0.268634
-0.230606
-0.192352
-0.155352
-0.121086
-0.090707
-0.064904
-0.043972
-0.027013
-0.012385
0.001005
0.013700
0.025764
0.036907
0.046579
0.054023
0.058272
0.058271
0.054021
0.046570
0.036879
0.025701
0.013611
0.000991
-0.012029
-0.025678
-0.040657
-0.058202
-0.079684
-0.105636
-0.135946
-0.169996
-0.206567
-0.244161
-0.281329
-0.316881
-0.349979
-0.380128
-0.407120
-0.430959
-0.451790
-0.464293
-0.535365
-0.513682
-0.488676
-0.460082
-0.427739
-0.391651
-0.352078
-0.309620
-0.265288
-0.220516
-0.177052
-0.136714
-0.101010
-0.070949
-0.047041
-0.028304
-0.012754
0.001022
0.013821
0.025882
0.037005
0.046668
0.054115
0.058367
0.058366
0.054110
0.046649
0.036949
0.025769
0.013673
0.000999
-0.012232
-0.026442
-0.042600
-0.062264
-0.087105
-0.117634
-0.153491
-0.193742
-0.236812
-0.280882
-0.324252
-0.365564
-0.403888
-0.438693
-0.469779
-0.497178
-0.521079
-0.535365
-0.607378
-0.582982
-0.554816
-0.522568
-0.486032
-0.445186
-0.400287
-0.351975
-0.301358
-0.250040
-0.200024
-0.153457
-0.112212
-0.077642
-0.050516
-0.029804
-0.013193
0.001043
0.013966
0.026011
0.037087
0.046720
0.054154
0.058404
0.058402
0.054144
0.046683
0.036990
0.025826
0.013741
0.001010
-0.012478
-0.027353
-0.044858
-0.066864
-0.095322
-0.130680
-0.172289
-0.218880
-0.268518
-0.319072
-0.368608
-0.415620
-0.459095
-0.498479
-0.533582
-0.564470
-0.591377
-0.607378
-0.680438
-0.653372
-0.622095
-0.586243
-0.545567
-0.500013
-0.449833
-0.395695
-0.338795
-0.280892
-0.224232
-0.171283
-0.124288
-0.084970
-0.054395
-0.031518
-0.013709
0.001068
0.014148
0.026173
0.037185
0.046768
0.054178
0.058420
0.058416
0.054159
0.046704
0.037029
0.025895
0.013826
0.001023
-0.012777
-0.028424
-0.047438
-0.071998
-0.104318
-0.144743
-0.192302
-0.245370
-0.301650
-0.358709
-0.414395
-0.467063
-0.515635
-0.559539
-0.598599
-0.632919
-0.662781
-0.680438
-0.754600
-0.724900
-0.690550
-0.651135
-0.606359
-0.556135
-0.500703
-0.440755
-0.377561
-0.313027
-0.249629
-0.190150
-0.137206
-0.092911
-0.058666
-0.033443
-0.014304
0.001098
0.014373
0.026381
0.037314
0.046829
0.054202
0.058430
0.058423
0.054168
0.046724
0.037076
0.025984
0.013936
0.001039
-0.013132
-0.029657
-0.050335
-0.077652
-0.114068
-0.159788
-0.213485
-0.273162
-0.336160
-0.399754
-0.461583
-0.519881
-0.573511
-0.621888
-0.664858
-0.702565
-0.735339
-0.754600
-0.829889
-0.797584
-0.760192
-0.717246
-0.668402
-0.613537
-0.552872
-0.487118
-0.417613
-0.346399
-0.276171
-0.210019
-0.150935
-0.101443
-0.063317
-0.035573
-0.014977
0.001132
0.014642
0.026642
0.037482
0.046910
0.054232
0.058439
0.058427
0.054177
0.046750
0.037141
0.026101
0.014074
0.001059
-0.013545
-0.031051
-0.053541
-0.083808
-0.124543
-0.175776
-0.235791
-0.302205
-0.371999
-0.442161
-0.510138
-0.574049
-0.632706
-0.685520
-0.732363
-0.773419
-0.809070
-0.829889
-0.906310
-0.871424
-0.831017
-0.784567
-0.731680
-0.672194
-0.606309
-0.534749
-0.458910
-0.380963
-0.303812
-0.230849
-0.165445
-0.110548
-0.068336
-0.037903
-0.015724
0.001171
0.014959
0.026959
0.037696
0.047019
0.054275
0.058452
0.058433
0.054189
0.046787
0.037227
0.026250
0.014242
0.001082
-0.014014
-0.032601
-0.057047
-0.090451
-0.135721
-0.192674
-0.259178
-0.332452
-0.409117
-0.485885
-0.560019
-0.629533
-0.693195
-0.750419
-0.801102
-0.845476
-0.883974
-0.906310
-0.983857
-0.946412
-0.903010
-0.853078
-0.796169
-0.732078
-0.660980
-0.583608
-0.501410
-0.416676
-0.332513
-0.252609
-0.180711
-0.120209
-0.073715
-0.040428
-0.016546
0.001215
0.015322
0.027336
0.037960
0.047161
0.054334
0.058471
0.058441
0.054206
0.046838
0.037339
0.026434
0.014441
0.001108
-0.014540
-0.034305
-0.060847
-0.097570
-0.147582
-0.210453
-0.283608
-0.363858
-0.447469
-0.530883
-0.611187
-0.686298
-0.754950
-0.816560
-0.871058
-0.918722
-0.960041
-0.983857
-1.062516
-1.022529
-0.976153
-0.922758
-0.861843
-0.793158
-0.716852
-0.633658
-0.545074
-0.453499
-0.362236
-0.275265
-0.196710
-0.130411
-0.079443
-0.043143
-0.017441
0.001264
0.015733
0.027774
0.038280
0.047340
0.054411
0.058497
0.058452
0.054231
0.046905
0.037481
0.026657
0.014672
0.001138
-0.015121
-0.036160
-0.064935
-0.105153
-0.160107
-0.229085
-0.309045
-0.396384
-0.487013
-0.577113
-0.663603
-0.744311
-0.817939
-0.883915
-0.942206
-0.993138
-1.037254
-1.062516
-1.142267
-1.099756
-1.050422
-0.993579
-0.928672
-0.855403
-0.773891
-0.684864
-0.589864
-0.491395
-0.392949
-0.298790
-0.213421
-0.141141
-0.085516
-0.046047
-0.018407
0.001317
0.016190
0.028274
0.038656
0.047560
0.054512
0.058534
0.058470
0.054265
0.046991
0.037655
0.026919
0.014936
0.001171
-0.015757
-0.038163
-0.069305
-0.113191
-0.173280
-0.248546
-0.335456
-0.429992
-0.527709
-0.624536
-0.717229
-0.803534
-0.882129
-0.952456
-1.014520
-1.068699
-1.115593
-1.142267
-1.223090
-1.178068
-1.125792
-1.065516
-0.996629
-0.918783
-0.832063
-0.737192
-0.635746
-0.530330
-0.424619
-0.323158
-0.230824
-0.152387
-0.091927
-0.049136
-0.019444
0.001375
0.016693
0.028837
0.039092
0.047823
0.054639
0.058583
0.058494
0.054310
0.047101
0.037864
0.027222
0.015233
0.001207
-0.016447
-0.040313
-0.073954
-0.121676
-0.187087
-0.268813
-0.362814
-0.464648
-0.569522
-0.673115
-0.772029
-0.863935
-0.947489
-1.022153
-1.087973
-1.145381
-1.195034
-1.223090
-1.304960
-1.257443
-1.202237
-1.138540
-1.065683
-0.983267
-0.891338
-0.790608
-0.682687
-0.570274
-0.457220
-0.348344
-0.248902
-0.164139
-0.098671
-0.052408
-0.020551
0.001437
0.017243
0.029462
0.039588
0.048134
0.054794
0.058647
0.058528
0.054369
0.047235
0.038110
0.027568
0.015564
0.001247
-0.017191
-0.042607
-0.078879
-0.130602
-0.201515
-0.289866
-0.391092
-0.500321
-0.612418
-0.722815
-0.827970
-0.925480
-1.013987
-1.092976
-1.162536
-1.223156
-1.275551
-1.304960
-1.387855
-1.337853
-1.279731
-1.212625
-1.135807
-1.048824
-0.951684
-0.845083
-0.730658
-0.611197
-0.490723
-0.374327
-0.267638
-0.176386
-0.105743
-0.055861
-0.021727
0.001503
0.017839
0.030150
0.040147
0.048494
0.054981
0.058728
0.058573
0.054444
0.047396
0.038395
0.027957
0.015927
0.001290
-0.017988
-0.045046
-0.084076
-0.139963
-0.216551
-0.311686
-0.420263
-0.536983
-0.656365
-0.773606
-0.885019
-0.988137
-1.081593
-1.164895
-1.238182
-1.301998
-1.357120
-1.387855
-1.471749
-1.419274
-1.358247
-1.287742
-1.206972
-1.115427
-1.013072
-0.900586
-0.779629
-0.653072
-0.525105
-0.401087
-0.287018
-0.189120
-0.113138
-0.059495
-0.022973
0.001574
0.018480
0.030901
0.040768
0.048906
0.055203
0.058829
0.058632
0.054538
0.047587
0.038721
0.028390
0.016324
0.001336
-0.018838
-0.047629
-0.089545
-0.149752
-0.232185
-0.334256
-0.450307
-0.574606
-0.701335
-0.825455
-0.943145
-1.051876
-1.150276
-1.237883
-1.314883
-1.381880
-1.439714
-1.471749
-1.556618
-1.501681
-1.437759
-1.363865
-1.279150
-1.183046
-1.075474
-0.957090
-0.829573
-0.695874
-0.560343
-0.428604
-0.307028
-0.202332
-0.120854
-0.063307
-0.024287
0.001650
0.019167
0.031715
0.041453
0.049369
0.055461
0.058951
0.058706
0.054651
0.047810
0.039088
0.028867
0.016754
0.001386
-0.019741
-0.050354
-0.095283
-0.159964
-0.248405
-0.357559
-0.481200
-0.613166
-0.747300
-0.878335
-1.002319
-1.116669
-1.220009
-1.311910
-1.392610
-1.462775
-1.523307
-1.556618
-1.642436
-1.585048
-1.518242
-1.440968
-1.352315
-1.251657
-1.138863
-1.014568
-0.880465
-0.739579
-0.596416
-0.456860
-0.327654
-0.216013
-0.128886
-0.067297
-0.025671
0.001730
0.019900
0.032592
0.042202
0.049888
0.055758
0.059099
0.058798
0.054788
0.048066
0.039498
0.029388
0.017217
0.001439
-0.020697
-0.053223
-0.101288
-0.170596
-0.265202
-0.381579
-0.512924
-0.652640
-0.794234
-0.932219
-1.062514
-1.182486
-1.290762
-1.386949
-1.471339
-1.544659
-1.607875
-1.642436
-1.729181
-1.669351
-1.599670
-1.519026
-1.426443
-1.321231
-1.203214
-1.072995
-0.932280
-0.784163
-0.633303
-0.485839
-0.348883
-0.230156
-0.137230
-0.071464
-0.027123
0.001814
0.020678
0.033531
0.043015
0.050461
0.056096
0.059273
0.058911
0.054949
0.048357
0.039952
0.029954
0.017714
0.001495
-0.021705
-0.056233
-0.107560
-0.181640
-0.282566
-0.406303
-0.545459
-0.693004
-0.842113
-0.987079
-1.123702
-1.249301
-1.362511
-1.462974
-1.551042
-1.627504
-1.693392
-1.729181
-1.816827
-1.754566
-1.682020
-1.598014
-1.501506
-1.391746
-1.268501
-1.132347
-0.984996
-0.829606
-0.670986
-0.515526
-0.370705
-0.244754
-0.145884
-0.075806
-0.028643
0.001903
0.021502
0.034534
0.043892
0.051090
0.056476
0.059476
0.059047
0.055138
0.048685
0.040450
0.030565
0.018243
0.001555
-0.022767
-0.059386
-0.114095
-0.193094
-0.300487
-0.431716
-0.578789
-0.734239
-0.890914
-1.042893
-1.185859
-1.317089
-1.435228
-1.539961
-1.631694
-1.711286
-1.779834
-1.816827
-1.905353
-1.840669
-1.765267
-1.677908
-1.577482
-1.463176
-1.334701
-1.192601
-1.038589
-0.875887
-0.709445
-0.545904
-0.393107
-0.259798
-0.154842
-0.080323
-0.030233
0.001996
0.022372
0.035599
0.044834
0.051776
0.056900
0.059710
0.059208
0.055355
0.049050
0.040994
0.031221
0.018806
0.001618
-0.023882
-0.062682
-0.120894
-0.204952
-0.318958
-0.457805
-0.612895
-0.776324
-0.940616
-1.099637
-1.248960
-1.385826
-1.508890
-1.617883
-1.713272
-1.795982
-1.867177
-1.905353
-1.994734
-1.927637
-1.849388
-1.758685
-1.654348
-1.535498
-1.401792
-1.253735
-1.093040
-0.922987
-0.748665
-0.576960
-0.416080
-0.275284
-0.164104
-0.085014
-0.031891
0.002094
0.023287
0.036728
0.045841
0.052520
0.057370
0.059978
0.059396
0.055603
0.049455
0.041582
0.031922
0.019402
0.001684
-0.025051
-0.066119
-0.127954
-0.217211
-0.337970
-0.484558
-0.647762
-0.819241
-0.991196
-1.157289
-1.312983
-1.455486
-1.583472
-1.696717
-1.795751
-1.881567
-1.955397
-1.994734
-2.084949
-2.015448
-1.934362
-1.840322
-1.732081
-1.608691
-1.469751
-1.315727
-1.148328
-0.970887
-0.788629
-0.608680
-0.439612
-0.291203
-0.173664
-0.089877
-0.033618
0.002196
0.024249
0.037921
0.046913
0.053322
0.057886
0.060281
0.059613
0.055884
0.049900
0.042217
0.032669
0.020032
0.001753
-0.026273
-0.069699
-0.135274
-0.229865
-0.357514
-0.511964
-0.683375
-0.862972
-1.042636
-1.215826
-1.377904
-1.526049
-1.658952
-1.776440
-1.879109
-1.968019
-2.044473
-2.084949
-2.175977
-2.104080
-2.020166
-1.922797
-1.810658
-1.682733
-1.538558
-1.378557
-1.204434
-1.019570
-0.829321
-0.641052
-0.463695
-0.307550
-0.183521
-0.094912
-0.035413
0.002302
0.025258
0.039177
0.048052
0.054183
0.058450
0.060622
0.059862
0.056200
0.050386
0.042899
0.033462
0.020696
0.001826
-0.027549
-0.073422
-0.142852
-0.242911
-0.377584
-0.540010
-0.719719
-0.907501
-1.094917
-1.275230
-1.443704
-1.597491
-1.735307
-1.857030
-1.963322
-2.055316
-2.134381
-2.175977
-2.267796
-2.193513
-2.106778
-2.006090
-1.890060
-1.757603
-1.608192
-1.442206
-1.261339
-1.069019
-0.870727
-0.674063
-0.488318
-0.324319
-0.193670
-0.100119
-0.037277
0.002414
0.026313
0.040498
0.049256
0.055103
0.059063
0.061001
0.060145
0.056551
0.050915
0.043627
0.034300
0.021394
0.001903
-0.028879
-0.077286
-0.150688
-0.256345
-0.398171
-0.568686
-0.756781
-0.952810
-1.148020
-1.335480
-1.510360
-1.669792
-1.812516
-1.938466
-2.048371
-2.143435
-2.225102
-2.267796
-2.360385
-2.283724
-2.194180
-2.090180
-1.970266
-1.833281
-1.678633
-1.506655
-1.319026
-1.119217
-0.912832
-0.707702
-0.513473
-0.341504
-0.204109
-0.105495
-0.039210
0.002529
0.027416
0.041884
0.050527
0.056083
0.059727
0.061420
0.060463
0.056941
0.051487
0.044404
0.035185
0.022126
0.001982
-0.030263
-0.081293
-0.158779
-0.270162
-0.419269
-0.597981
-0.794548
-0.998884
-1.201928
-1.396558
-1.577855
-1.742931
-1.890559
-2.020726
-2.134233
-2.232357
-2.316613
-2.360385
-2.453725
-2.374696
-2.282349
-2.175047
-2.051257
-1.909748
-1.749863
-1.571885
-1.377478
-1.170149
-0.955623
-0.741956
-0.539152
-0.359098
-0.214835
-0.111040
-0.041211
0.002649
0.028566
0.043335
0.051865
0.057124
0.060441
0.061882
0.060819
0.057369
0.052103
0.045228
0.036117
0.022893
0.002065
-0.031701
-0.085442
-0.167125
-0.284359
-0.440870
-0.627886
-0.833006
-1.045708
-1.256624
-1.458446
-1.646168
-1.816890
-1.969414
-2.103790
-2.220888
-2.322061
-2.408894
-2.453725
-2.547797
-2.466408
-2.371268
-2.260671
-2.133012
-1.986985
-1.821864
-1.637880
-1.436678
-1.221800
-0.999086
-0.776816
-0.565346
-0.377097
-0.225845
-0.116753
-0.043280
0.002774
0.029764
0.044853
0.053271
0.058227
0.061208
0.062388
0.061214
0.057837
0.052764
0.046101
0.037096
0.023694
0.002152
-0.033195
-0.089733
-0.175723
-0.298932
-0.462968
-0.658391
-0.872143
-1.093268
-1.312092
-1.521126
-1.715282
-1.891648
-2.049064
-2.187639
-2.308318
-2.412527
-2.501927
-2.547797
-2.642581
-2.558841
-2.460918
-2.347035
-2.215514
-2.064973
-1.894617
-1.704622
-1.496611
-1.274156
-1.043208
-0.812270
-0.592047
-0.395496
-0.237136
-0.122632
-0.045418
0.002904
0.031010
0.046437
0.054746
0.059392
0.062028
0.062939
0.061649
0.058348
0.053471
0.047023
0.038123
0.024531
0.002242
-0.034743
-0.094165
-0.184573
-0.313878
-0.485556
-0.689486
-0.911948
-1.141550
-1.368317
-1.584582
-1.785178
-1.967188
-2.129489
-2.272254
-2.396502
-2.503737
-2.595691
-2.642581
-2.738060
-2.651977
-2.551279
-2.434120
-2.298745
-2.143696
-1.968106
-1.772096
-1.557261
-1.327202
-1.087978
-0.848308
-0.619247
-0.414289
-0.248706
-0.128678
-0.047625
0.003038
0.032305
0.048088
0.056290
0.060620
0.062903
0.063536
0.062127
0.058902
0.054225
0.047996
0.039198
0.025404
0.002336
-0.036347
-0.098740
-0.193673
-0.329192
-0.508628
-0.721163
-0.952409
-1.190541
-1.425283
-1.648796
-1.855840
-2.043492
-2.210672
-2.357617
-2.485422
-2.595671
-2.690169
-2.738060
-2.834215
-2.745799
-2.642335
-2.521908
-2.382687
-2.223136
-2.042315
-1.840284
-1.618613
-1.380925
-1.133384
-0.884921
-0.646939
-0.433470
-0.260551
-0.134889
-0.049899
0.003176
0.033650
0.049808
0.057904
0.061912
0.063833
0.064181
0.062648
0.059500
0.055026
0.049018
0.040322
0.026312
0.002433
-0.038006
-0.103456
-0.203020
-0.344870
-0.532177
-0.753412
-0.993515
-1.240227
-1.482976
-1.713755
-1.927251
-2.120543
-2.292594
-2.443709
-2.575060
-2.688311
-2.785341
-2.834215
-2.931029
-2.840288
-2.734069
-2.610383
-2.467324
-2.303277
-2.117226
-1.909173
-1.680653
-1.435312
-1.179414
-0.922099
-0.675115
-0.453036
-0.272670
-0.141264
-0.052242
0.003320
0.035044
0.051597
0.059589
0.063269
0.064819
0.064876
0.063215
0.060144
0.055877
0.050093
0.041496
0.027257
0.002534
-0.039720
-0.108313
-0.212615
-0.360911
-0.556199
-0.786226
-1.035255
-1.290595
-1.541383
-1.779441
-1.999395
-2.198324
-2.375239
-2.530513
-2.665400
-2.781640
-2.881192
-2.931029
-3.028485
-2.935429
-2.826462
-2.699527
-2.552638
-2.384102
-2.192826
-1.978746
-1.743367
-1.490350
-1.226057
-0.959833
-0.703769
-0.472982
-0.285059
-0.147801
-0.054653
0.003468
0.036487
0.053456
0.061346
0.064691
0.065864
0.065621
0.063829
0.060835
0.056777
0.051219
0.042720
0.028239
0.002638
-0.041490
-0.113311
-0.222455
-0.377309
-0.580686
-0.819596
-1.077620
-1.341635
-1.600488
-1.845842
-2.072256
-2.276820
-2.458589
-2.618013
-2.756423
-2.875642
-2.977702
-3.028485
-3.126567
-3.031204
-2.919500
-2.789325
-2.638616
-2.465597
-2.269098
-2.048991
-1.806742
-1.546028
-1.273302
-0.998114
-0.732894
-0.493302
-0.297716
-0.154501
-0.057131
0.003620
0.037981
0.055385
0.063177
0.066181
0.066966
0.066418
0.064490
0.061574
0.057727
0.052398
0.043994
0.029258
0.002746
-0.043317
-0.118450
-0.232539
-0.394062
-0.605634
-0.853515
-1.120598
-1.393334
-1.660281
-1.912942
-2.145820
-2.356013
-2.542630
-2.706192
-2.848113
-2.970298
-3.074857
-3.126567
-3.225259
-3.127598
-3.013166
-2.879760
-2.725239
-2.547746
-2.346028
-2.119892
-1.870764
-1.602333
-1.321139
-1.036934
-0.762483
-0.513993
-0.310638
-0.161362
-0.059678
0.003778
0.039526
0.057386
0.065081
0.067738
0.068129
0.067269
0.065201
0.062362
0.058730
0.053631
0.045321
0.030315
0.002858
-0.045199
-0.123730
-0.242865
-0.411166
-0.631036
-0.887973
-1.164182
-1.445681
-1.720746
-1.980728
-2.220072
-2.435890
-2.627345
-2.795034
-2.940455
-3.065594
-3.172639
-3.225259
-3.324544
-3.224595
-3.107445
-2.970818
-2.812495
-2.630533
-2.423602
-2.191436
-1.935422
-1.659253
-1.369558
-1.076283
-0.792530
-0.535049
-0.323823
-0.168383
-0.062292
0.003940
0.041122
0.059459
0.067061
0.069365
0.069353
0.068174
0.065963
0.063201
0.059785
0.054919
0.046699
0.031410
0.002973
-0.047138
-0.129150
-0.253431
-0.428618
-0.656888
-0.922965
-1.208360
-1.498665
-1.781873
-2.049185
-2.294997
-2.516435
-2.712719
-2.884524
-3.033432
-3.161514
-3.271033
-3.324544
-3.424409
-3.322181
-3.202322
-3.062484
-2.900367
-2.713946
-2.501805
-2.263610
-2.000701
-1.716778
-1.418549
-1.116155
-0.823028
-0.556468
-0.337269
-0.175563
-0.064974
0.004106
0.042770
0.061605
0.069118
0.071062
0.070639
0.069134
0.066777
0.064092
0.060893
0.056263
0.048131
0.032544
0.003093
-0.049133
-0.134710
-0.264238
-0.446415
-0.683184
-0.958483
-1.253124
-1.552274
-1.843649
-2.118302
-2.370582
-2.597634
-2.798738
-2.974647
-3.127029
-3.258041
-3.370024
-3.424409
-3.524838
-3.420340
-3.297782
-3.154743
-2.988842
-2.797969
-2.580625
-2.336401
-2.066592
-1.774896
-1.468103
-1.156540
-0.853972
-0.578245
-0.350972
-0.182900
-0.067723
0.004278
0.044470
0.063826
0.071252
0.072831
0.071988
0.070152
0.067644
0.065035
0.062056
0.057663
0.049618
0.033717
0.003215
-0.051184
-0.140409
-0.275282
-0.464553
-0.709919
-0.994520
-1.298466
-1.606499
-1.906062
-2.188065
-2.446813
-2.679473
-2.885386
-3.065388
-3.221233
-3.355162
-3.469596
-3.524838
-3.625817
-3.519058
-3.393811
-3.247580
-3.077906
-2.882590
-2.660048
-2.409797
-2.133081
-1.833597
-1.518209
-1.197432
-0.885355
-0.600375
-0.364932
-0.190395
-0.070539
0.004454
0.046221
0.066121
0.073465
0.074673
0.073403
0.071229
0.068566
0.066033
0.063276
0.059122
0.051159
0.034930
0.003342
-0.053293
-0.146248
-0.286563
-0.483031
-0.737088
-1.031068
-1.344375
-1.661329
-1.969101
-2.258463
-2.523677
-2.761938
-2.972651
-3.156733
-3.316027
-3.452862
-3.569736
-3.625817
-3.727332
-3.618321
-3.490394
-3.340984
-3.167545
-2.967795
-2.740062
-2.483785
-2.200157
-1.892871
-1.568860
-1.238822
-0.917172
-0.622854
-0.379146
-0.198047
-0.073422
0.004635
0.048026
0.068493
0.075759
0.076589
0.074884
0.072365
0.069545
0.067086
0.064552
0.060639
0.052756
0.036183
0.003473
-0.055458
-0.152226
-0.298079
-0.501844
-0.764687
-1.068121
-1.390845
-1.716755
-2.032755
-2.329482
-2.601162
-2.845016
-3.060518
-3.248667
-3.411399
-3.551126
-3.670429
-3.727332
-3.829369
-3.718115
-3.587520
-3.434939
-3.257746
-3.053571
-2.820653
-2.558354
-2.267810
-1.952707
-1.620046
-1.280704
-0.949418
-0.645680
-0.393611
-0.205853
-0.076372
0.004821
0.049884
0.070942
0.078134
0.078581
0.076432
0.073562
0.070580
0.068196
0.065887
0.062216
0.054410
0.037476
0.003607
-0.057680
-0.158342
-0.309828
-0.520990
-0.792710
-1.105673
-1.437866
-1.772766
-2.097013
-2.401111
-2.679254
-2.928695
-3.148974
-3.341179
-3.507334
-3.649941
-3.771660
-3.829369
-3.931915
-3.818428
-3.685174
-3.529433
-3.348496
-3.139905
-2.901810
-2.633491
-2.336028
-2.013095
-1.671759
-1.323070
-0.982085
-0.668848
-0.408325
-0.213814
-0.079389
0.005011
0.051795
0.073468
0.080592
0.080651
0.078050
0.074822
0.071674
0.069364
0.067282
0.063855
0.056122
0.038811
0.003745
-0.059959
-0.164597
-0.321810
-0.540466
-0.821154
-1.143718
-1.485431
-1.829354
-2.161864
-2.473339
-2.757942
-3.012961
-3.238006
-3.434253
-3.603820
-3.749294
-3.873418
-3.931915
-4.034957
-3.919246
-3.783343
-3.624453
-3.439784
-3.226786
-2.983521
-2.709186
-2.404801
-2.074027
-1.723991
-1.365913
-1.015170
-0.692354
-0.423286
-0.221929
-0.082472
0.005206
0.053760
0.076074
0.083134
0.082800
0.079739
0.076146
0.072828
0.070592
0.068738
0.065557
0.057892
0.040188
0.003887
-0.062295
-0.170989
-0.334023
-0.560269
-0.850013
-1.182248
-1.533532
-1.886509
-2.227299
-2.546155
-2.837214
-3.097801
-3.327601
-3.527878
-3.700842
-3.849171
-3.975688
-4.034957
-4.138482
-4.020557
-3.882015
-3.719986
-3.531595
-3.314202
-3.065775
-2.785427
-2.474119
-2.135492
-1.776732
-1.409227
-1.048668
-0.716195
-0.438493
-0.230196
-0.085622
0.005407
0.055779
0.078759
0.085763
0.085029
0.081500
0.077535
0.074044
0.071880
0.070256
0.067322
0.059722
0.041606
0.004033
-0.064689
-0.177519
-0.346466
-0.580396
-0.879283
-1.221258
-1.582162
-1.944222
-2.293307
-2.619547
-2.917059
-3.183206
-3.417748
-3.622041
-3.798390
-3.949561
-4.078458
-4.138482
-4.242478
-4.122349
-3.981178
-3.816022
-3.623919
-3.402140
-3.148559
-2.862205
-2.543972
-2.197482
-1.829975
-1.453005
-1.082572
-0.740368
-0.453942
-0.238614
-0.088838
0.005611
0.057853
0.081525
0.088478
0.087341
0.083335
0.078992
0.075323
0.073230
0.071838
0.069152
0.061613
0.043067
0.004183
-0.067140
-0.184187
-0.359137
-0.600846
-0.908960
-1.260742
-1.631312
-2.002485
-2.359878
-2.693506
-2.997464
-3.269161
-3.508433
-3.716730
-3.896449
-4.050449
-4.181715
-4.242478
-4.346933
-4.224609
-4.080820
-3.912547
-3.716744
-3.490589
-3.231864
-2.939507
-2.614349
-2.259988
-1.883713
-1.497241
-1.116878
-0.764868
-0.469633
-0.247184
-0.092120
0.005821
0.059981
0.084373
0.091282
0.089737
0.085245
0.080517
0.076666
0.074644
0.073485
0.071049
0.063566
0.044572
0.004337
-0.069648
-0.190991
-0.372035
-0.621614
-0.939039
-1.300694
-1.680976
-2.061288
-2.427002
-2.768020
-3.078420
-3.355657
-3.599646
-3.811932
-3.995009
-4.151825
-4.285448
-4.346933
-4.451836
-4.327326
-4.180929
-4.009551
-3.810059
-3.579539
-3.315678
-3.017325
-2.685242
-2.323000
-1.937938
-1.541927
-1.151581
-0.789693
-0.485563
-0.255904
-0.095467
0.006035
0.062165
0.087303
0.094177
0.092218
0.087233
0.082113
0.078075
0.076124
0.075198
0.073013
0.065582
0.046120
0.004495
-0.072213
-0.197932
-0.385159
-0.642699
-0.969517
-1.341109
-1.731146
-2.120625
-2.494672
-2.843080
-3.159915
-3.442681
-3.691375
-3.907637
-4.094057
-4.253676
-4.389644
-4.451836
-4.557174
-4.430488
-4.281495
-4.107021
-3.903853
-3.668979
-3.399991
-3.095648
-2.756640
-2.386511
-1.992642
-1.587059
-1.186677
-0.814840
-0.501730
-0.264773
-0.098881
0.006255
0.064404
0.090317
0.097163
0.094787
0.089301
0.083780
0.079551
0.077669
0.076980
0.075047
0.067661
0.047712
0.004657
-0.074837
-0.205009
-0.398508
-0.664099
-1.000390
-1.381981
-1.781816
-2.180486
-2.562876
-2.918675
-3.241940
-3.530224
-3.783609
-4.003832
-4.193582
-4.355991
-4.494292
-4.557174
-4.662938
-4.534085
-4.382505
-4.204948
-3.998114
-3.758897
-3.484793
-3.174467
-2.828535
-2.450512
-2.047818
-1.632629
-1.222160
-0.840304
-0.518133
-0.273790
-0.102360
0.006479
0.066700
0.093415
0.100242
0.097445
0.091449
0.085521
0.081097
0.079283
0.078832
0.077152
0.069805
0.049348
0.004823
-0.077517
-0.212222
-0.412080
-0.685810
-1.031653
-1.423304
-1.832978
-2.240863
-2.631607
-2.994796
-3.324483
-3.618274
-3.876337
-4.100507
-4.293573
-4.458759
-4.599381
-4.662938
-4.769115
-4.638106
-4.483949
-4.303321
-4.092832
-3.849284
-3.570073
-3.253771
-2.900919
-2.514995
-2.103459
-1.678632
-1.258027
-0.866084
-0.534770
-0.282955
-0.105904
0.006708
0.069051
0.096599
0.103416
0.100195
0.093680
0.087337
0.082713
0.080967
0.080755
0.079329
0.072016
0.051030
0.004993
-0.080256
-0.219571
-0.425874
-0.707830
-1.063304
-1.465074
-1.884627
-2.301749
-2.700855
-3.071434
-3.407534
-3.706820
-3.969548
-4.197651
-4.394019
-4.561968
-4.704900
-4.769115
-4.875696
-4.742539
-4.585817
-4.402129
-4.187997
-3.940130
-3.655822
-3.333551
-2.973781
-2.579952
-2.159557
-1.725063
-1.294272
-0.892176
-0.551638
-0.292267
-0.109514
0.006941
0.071459
0.099869
0.106687
0.103037
0.095995
0.089230
0.084401
0.082722
0.082752
0.081579
0.074293
0.052758
0.005167
-0.083052
-0.227055
-0.439889
-0.730158
-1.095337
-1.507284
-1.936755
-2.363136
-2.770613
-3.148579
-3.491085
-3.795854
-4.063232
-4.295254
-4.494909
-4.665609
-4.810837
-4.875696
-4.982670
-4.847375
-4.688099
-4.501361
-4.283599
-4.031424
-3.742031
-3.413799
-3.047114
-2.645376
-2.216107
-1.771915
-1.330892
-0.918577
-0.568737
-0.301725
-0.113189
0.007180
0.073923
0.103226
0.110055
0.105974
0.098398
0.091203
0.086164
0.084550
0.084822
0.083905
0.076638
0.054531
0.005345
-0.085906
-0.234674
-0.454125
-0.752790
-1.127750
-1.549931
-1.989357
-2.425017
-2.840871
-3.226223
-3.575125
-3.885365
-4.157379
-4.393304
-4.596233
-4.769670
-4.917183
-4.982670
-5.090026
-4.952604
-4.790784
-4.601009
-4.379628
-4.123158
-3.828689
-3.494505
-3.120909
-2.711258
-2.273102
-1.819183
-1.367882
-0.945284
-0.586064
-0.311329
-0.116928
0.007423
0.076445
0.106672
0.113522
0.109008
0.100889
0.093255
0.088002
0.086453
0.086970
0.086307
0.079053
0.056352
0.005527
-0.088817
-0.242427
-0.468579
-0.775725
-1.160538
-1.593009
-2.042425
-2.487384
-2.911622
-3.304355
-3.659646
-3.975343
-4.251978
-4.491793
-4.697980
-4.874142
-5.023928
-5.090026
-5.197756
-5.058216
-4.893862
-4.701061
-4.476075
-4.215321
-3.915789
-3.575662
-3.195158
-2.777591
-2.330534
-1.866862
-1.405237
-0.972294
-0.603618
-0.321077
-0.120733
0.007671
0.079024
0.110206
0.117090
0.112141
0.103470
0.095391
0.089918
0.088433
0.089195
0.088787
0.081538
0.058219
0.005714
-0.091787
-0.250315
-0.483251
-0.798959
-1.193699
-1.636513
-2.095955
-2.550231
-2.982857
-3.382969
-3.744637
-4.065779
-4.347021
-4.590710
-4.800142
-4.979014
-5.131060
-5.197756
-5.305850
-5.164202
-4.997325
-4.801510
-4.572930
-4.307905
-4.003321
-3.657259
-3.269853
-2.844368
-2.388398
-1.914946
-1.442955
-0.999605
-0.621397
-0.330970
-0.124602
0.007924
0.081661
0.113831
0.120761
0.115374
0.106144
0.097611
0.091913
0.090491
0.091501
0.091347
0.084094
0.060133
0.005905
-0.094815
-0.258336
-0.498140
-0.822492
-1.227229
-1.680438
-2.149939
-2.613549
-3.054569
-3.462055
-3.830090
-4.156663
-4.442497
-4.690045
-4.902708
-5.084277
-5.238572
-5.305850
-5.414298
-5.270551
-5.101163
-4.902345
-4.670184
-4.400900
-4.091276
-3.739289
-3.344987
-2.911583
-2.446687
-1.963430
-1.481031
-1.027213
-0.639400
-0.341005
-0.128535
0.008182
0.084356
0.117546
0.124536
0.118710
0.108913
0.099918
0.093989
0.092630
0.093888
0.093988
0.086723
0.062096
0.006099
-0.097901
-0.266492
-0.513244
-0.846322
-1.261124
-1.724780
-2.204373
-2.677333
-3.126751
-3.541605
-3.915997
-4.247987
-4.538398
-4.789790
-5.005668
-5.189921
-5.346453
-5.414298
-5.523091
-5.377255
-5.205366
-5.003558
-4.767828
-4.494298
-4.179645
-3.821744
-3.420551
-2.979227
-2.505396
-2.012309
-1.519460
-1.055117
-0.657626
-0.351184
-0.132533
0.008445
0.087109
0.121353
0.128416
0.122151
0.111779
0.102313
0.096149
0.094851
0.096358
0.096712
0.089424
0.064107
0.006299
-0.101044
-0.274781
-0.528564
-0.870445
-1.295382
-1.769534
-2.259250
-2.741576
-3.199394
-3.621610
-4.002349
-4.339742
-4.634714
-4.889935
-5.109014
-5.295937
-5.454694
-5.523091
-5.632221
-5.484305
-5.309926
-5.105140
-4.865854
-4.588091
-4.268422
-3.904616
-3.496538
-3.047294
-2.564517
-2.061578
-1.558240
-1.083313
-0.676071
-0.361504
-0.136596
0.008713
0.089920
0.125253
0.132403
0.125698
0.114744
0.104799
0.098394
0.097155
0.098914
0.099521
0.092201
0.066168
0.006502
-0.104246
-0.283203
-0.544097
-0.894860
-1.329998
-1.814696
-2.314565
-2.806271
-3.272491
-3.702064
-4.089137
-4.431919
-4.731437
-4.990471
-5.212737
-5.402317
-5.563285
-5.632221
-5.741678
-5.591693
-5.414835
-5.207082
-4.964252
-4.682269
-4.357596
-3.987897
-3.572942
-3.115777
-2.624046
-2.111232
-1.597366
-1.111798
-0.694736
-0.371966
-0.140722
0.008985
0.092791
0.129247
0.136499
0.129354
0.117811
0.107378
0.100726
0.099546
0.101557
0.102416
0.095053
0.068277
0.006709
-0.107507
-0.291758
-0.559843
-0.919565
-1.364970
-1.860262
-2.370313
-2.871412
-3.346035
-3.782958
-4.176353
-4.524509
-4.828558
-5.091389
-5.316827
-5.509051
-5.672219
-5.741678
-5.851454
-5.699409
-5.520083
-5.309375
-5.063015
-4.776825
-4.447161
-4.071579
-3.649753
-3.184670
-2.683977
-2.161266
-1.636835
-1.140571
-0.713619
-0.382568
-0.144912
0.009262
0.095720
0.133334
0.140704
0.133121
0.120980
0.110052
0.103147
0.102025
0.104290
0.105398
0.097982
0.070437
0.006921
-0.110825
-0.300446
-0.575800
-0.944558
-1.400295
-1.906226
-2.426487
-2.936992
-3.420020
-3.864285
-4.263990
-4.617505
-4.926068
-5.192682
-5.421277
-5.616130
-5.781487
-5.851454
-5.961541
-5.807446
-5.625662
-5.412012
-5.162134
-4.871751
-4.537109
-4.155655
-3.726967
-3.253967
-2.744303
-2.211676
-1.676642
-1.169629
-0.732717
-0.393311
-0.149166
0.009545
0.098709
0.137517
0.145022
0.137000
0.124256
0.112823
0.105659
0.104594
0.107113
0.108469
0.100988
0.072646
0.007137
-0.114202
-0.309266
-0.591969
-0.969838
-1.435970
-1.952585
-2.483083
-3.003005
-3.494437
-3.946037
-4.352039
-4.710898
-5.023959
-5.294339
-5.526077
-5.723547
-5.891080
-5.961541
-6.071931
-5.915796
-5.731566
-5.514985
-5.261602
-4.967038
-4.627432
-4.240117
-3.804575
-3.323660
-2.805020
-2.262457
-1.716785
-1.198969
-0.752031
-0.404193
-0.153484
0.009832
0.101757
0.141796
0.149452
0.140994
0.127639
0.115694
0.108265
0.107255
0.110030
0.111632
0.104074
0.074907
0.007358
-0.117637
-0.318219
-0.608348
-0.995401
-1.471991
-1.999335
-2.540096
-3.069445
-3.569281
-4.028207
-4.440493
-4.804680
-5.122224
-5.396355
-5.631220
-5.831293
-6.000990
-6.071931
-6.182616
-6.024450
-5.837784
-5.618285
-5.361411
-5.062680
-4.718122
-4.324959
-3.882571
-3.393745
-2.866121
-2.313604
-1.757260
-1.228589
-0.771558
-0.415214
-0.157866
0.010124
0.104866
0.146171
0.153998
0.145105
0.131133
0.118666
0.110967
0.110011
0.113041
0.114887
0.107239
0.077218
0.007583
-0.121131
-0.327303
-0.624935
-1.021248
-1.508356
-2.046472
-2.597520
-3.136307
-3.644545
-4.110788
-4.529344
-4.898844
-5.220854
-5.498719
-5.736698
-5.939360
-6.111209
-6.182616
-6.293588
-6.133401
-5.944311
-5.721906
-5.461552
-5.158669
-4.809172
-4.410173
-3.960949
-3.464214
-2.927602
-2.365114
-1.798064
-1.258487
-0.791298
-0.426374
-0.162311
0.010421
0.108035
0.150645
0.158659
0.149335
0.134739
0.121742
0.113766
0.112862
0.116150
0.118236
0.110485
0.079581
0.007812
-0.124683
-0.336519
-0.641732
-1.047375
-1.545062
-2.093991
-2.655350
-3.203584
-3.720222
-4.193773
-4.618585
-4.993382
-5.319842
-5.601426
-5.842502
-6.047740
-6.221729
-6.293588
-6.404840
-6.242642
-6.051138
-5.825839
-5.562020
-5.254997
-4.900576
-4.495753
-4.039701
-3.535062
-2.989458
-2.416981
-1.839193
-1.288660
-0.811248
-0.437671
-0.166820
0.010722
0.111264
0.155217
0.163438
0.153686
0.138460
0.124925
0.116666
0.115813
0.119358
0.121680
0.113813
0.081996
0.008045
-0.128294
-0.345867
-0.658735
-1.073781
-1.582106
-2.141889
-2.713582
-3.271270
-3.796306
-4.277154
-4.708209
-5.088287
-5.419179
-5.704466
-5.948625
-6.156426
-6.332543
-6.404840
-6.516365
-6.352165
-6.158259
-5.930077
-5.662806
-5.351657
-4.992326
-4.581691
-4.118822
-3.606284
-3.051683
-2.469201
-1.880644
-1.319106
-0.831407
-0.449106
-0.171392
0.011029
0.114553
0.159888
0.168336
0.158160
0.142298
0.128216
0.119667
0.118864
0.122666
0.125223
0.117224
0.084464
0.008283
-0.131964
-0.355346
-0.675945
-1.100465
-1.619485
-2.190162
-2.772211
-3.339361
-3.872791
-4.360926
-4.798209
-5.183551
-5.518860
-5.807833
-6.055060
-6.265410
-6.443644
-6.516365
-6.628155
-6.461963
-6.265665
-6.034613
-5.763903
-5.448643
-5.084414
-4.667982
-4.198306
-3.677873
-3.114272
-2.521771
-1.922413
-1.349823
-0.851775
-0.460677
-0.176027
0.011341
0.117904
0.164659
0.173355
0.162759
0.146256
0.131618
0.122774
0.122018
0.126078
0.128864
0.120719
0.086984
0.008525
-0.135692
-0.364956
-0.693362
-1.127424
-1.657197
-2.238806
-2.831232
-3.407850
-3.949670
-4.445081
-4.888577
-5.279167
-5.618875
-5.911519
-6.161800
-6.374685
-6.555023
-6.628155
-6.740203
-6.572029
-6.373350
-6.139440
-5.865304
-5.545947
-5.176836
-4.754618
-4.278145
-3.749823
-3.177220
-2.574686
-1.964498
-1.380809
-0.872350
-0.472385
-0.180725
0.011657
0.121316
0.169531
0.178496
0.167485
0.150335
0.135134
0.125987
0.125278
0.129595
0.132605
0.124299
0.089558
0.008772
-0.139479
-0.374697
-0.710983
-1.154658
-1.695239
-2.287817
-2.890640
-3.476732
-4.026938
-4.529614
-4.979308
-5.375129
-5.719220
-6.015518
-6.268836
-6.484244
-6.666674
-6.740203
-6.852503
-6.682356
-6.481307
-6.244552
-5.967003
-5.643562
-5.269583
-4.841594
-4.358335
-3.822130
-3.240522
-2.627941
-2.006896
-1.412062
-0.893131
-0.484228
-0.185487
0.011979
0.124789
0.174505
0.183760
0.172340
0.154539
0.138766
0.129310
0.128644
0.133219
0.136449
0.127965
0.092186
0.009023
-0.143325
-0.384569
-0.728808
-1.182163
-1.733608
-2.337192
-2.950431
-3.546002
-4.104588
-4.614517
-5.070394
-5.471429
-5.819885
-6.119821
-6.376163
-6.594079
-6.778590
-6.852503
-6.965047
-6.792938
-6.589530
-6.349941
-6.068993
-5.741483
-5.362650
-4.928903
-4.438869
-3.894788
-3.304175
-2.681534
-2.049603
-1.443578
-0.914116
-0.496207
-0.190311
0.012305
0.128325
0.179581
0.189150
0.177326
0.158870
0.142516
0.132744
0.132121
0.136952
0.140397
0.131718
0.094867
0.009279
-0.147230
-0.394571
-0.746837
-1.209940
-1.772301
-2.386928
-3.010600
-3.615655
-4.182615
-4.699785
-5.161829
-5.568061
-5.920865
-6.224423
-6.483774
-6.704185
-6.890764
-6.965047
-7.077830
-6.903767
-6.698011
-6.455601
-6.171268
-5.839703
-5.456031
-5.016539
-4.519742
-3.967791
-3.368172
-2.735460
-2.092616
-1.475358
-0.935305
-0.508320
-0.195198
0.012636
0.131922
0.184760
0.194665
0.182445
0.163329
0.146387
0.136293
0.135710
0.140796
0.144450
0.135559
0.097603
0.009539
-0.151193
-0.404703
-0.765069
-1.237986
-1.811317
-2.437020
-3.071143
-3.685685
-4.261014
-4.785412
-5.253606
-5.665018
-6.022154
-6.329317
-6.591661
-6.814554
-7.003189
-7.077830
-7.190845
-7.014838
-6.806745
-6.561526
-6.273820
-5.938215
-5.549718
-5.104497
-4.600948
-4.041135
-3.432510
-2.789715
-2.135932
-1.507397
-0.956696
-0.520568
-0.200148
0.012973
0.135581
0.190043
0.200309
0.187700
0.167920
0.150381
0.139959
0.139413
0.144754
0.148610
0.139488
0.100394
0.009803
-0.155216
-0.414966
-0.783503
-1.266300
-1.850653
-2.487465
-3.132056
-3.756088
-4.339777
-4.871391
-5.345720
-5.762294
-6.123743
-6.434496
-6.699818
-6.925179
-7.115860
-7.190845
-7.304086
-7.126144
-6.915725
-6.667709
-6.376644
-6.037013
-5.643707
-5.192769
-4.682482
-4.114814
-3.497183
-2.844295
-2.179549
-1.539695
-0.978288
-0.532949
-0.205161
0.013314
0.139302
0.195431
0.206081
0.193091
0.172645
0.154502
0.143743
0.143232
0.148827
0.152879
0.143508
0.103241
0.010073
-0.159298
-0.425359
-0.802138
-1.294879
-1.890305
-2.538261
-3.193335
-3.826858
-4.418901
-4.957717
-5.438164
-5.859882
-6.225629
-6.539954
-6.808239
-7.036056
-7.228769
-7.304086
-7.417546
-7.237680
-7.024945
-6.774145
-6.479734
-6.136092
-5.737990
-5.281351
-4.764337
-4.188823
-3.562188
-2.899197
-2.223463
-1.572250
-1.000080
-0.545464
-0.210236
0.013660
0.143087
0.200924
0.211984
0.198622
0.177506
0.158751
0.147649
0.147171
0.153017
0.157258
0.147619
0.106142
0.010346
-0.163439
-0.435882
-0.820974
-1.323724
-1.930273
-2.589402
-3.254974
-3.897991
-4.498380
-5.044384
-5.530933
-5.957777
-6.327803
-6.645684
-6.916918
-7.147176
-7.341911
-7.417546
-7.531221
-7.349439
-7.134399
-6.880827
-6.583084
-6.235444
-5.832563
-5.370237
-4.846509
-4.263158
-3.627520
-2.954418
-2.267672
-1.605059
-1.022072
-0.558112
-0.215374
0.014011
0.146934
0.206524
0.218020
0.204294
0.182506
0.163130
0.151679
0.151232
0.157327
0.161749
0.151822
0.109100
0.010624
-0.167640
-0.446534
-0.840010
-1.352832
-1.970553
-2.640887
-3.316971
-3.969481
-4.578208
-5.131386
-5.624019
-6.055973
-6.430259
-6.751681
-7.025848
-7.258535
-7.455279
-7.531221
-7.645103
-7.461415
-7.244081
-6.987749
-6.686688
-6.335066
-5.927420
-5.459422
-4.928993
-4.337813
-3.693174
-3.009953
-2.312173
-1.638120
-1.044261
-0.570892
-0.220574
0.014367
0.150844
0.212230
0.224188
0.210110
0.187646
0.167644
0.155836
0.155416
0.161758
0.166353
0.156117
0.112115
0.010907
-0.171899
-0.457316
-0.859245
-1.382201
-2.011143
-2.692712
-3.379321
-4.041325
-4.658380
-5.218718
-5.717418
-6.154463
-6.532993
-6.857938
-7.135024
-7.370126
-7.568868
-7.645103
-7.759188
-7.573604
-7.353986
-7.094906
-6.790540
-6.434950
-6.022554
-5.548900
-5.011783
-4.412784
-3.759147
-3.065798
-2.356963
-1.671432
-1.066646
-0.583804
-0.225837
0.014728
0.154818
0.218044
0.230491
0.216070
0.192931
0.172293
0.160122
0.159726
0.166314
0.171073
0.160506
0.115186
0.011194
-0.176218
-0.468227
-0.878679
-1.411832
-2.052041
-2.744873
-3.442020
-4.113517
-4.738892
-5.306375
-5.811124
-6.253241
-6.635998
-6.964450
-7.244439
-7.481943
-7.682672
-7.759188
-7.873469
-7.685998
-7.464108
-7.202292
-6.894635
-6.535091
-6.117962
-5.638665
-5.094874
-4.488066
-3.825435
-3.121951
-2.402039
-1.704993
-1.089228
-0.596847
-0.231162
0.015094
0.158856
0.223966
0.236929
0.222177
0.198361
0.177081
0.164540
0.164165
0.170994
0.175908
0.164990
0.118314
0.011486
-0.180597
-0.479268
-0.898310
-1.441721
-2.093244
-2.797369
-3.505064
-4.186054
-4.819737
-5.394350
-5.905132
-6.352303
-6.739268
-7.071210
-7.354089
-7.593981
-7.796685
-7.873469
-7.987942
-7.798593
-7.574442
-7.309901
-6.998967
-6.635484
-6.213636
-5.728713
-5.178262
-4.563655
-3.892033
-3.178409
-2.447399
-1.738801
-1.112004
-0.610022
-0.236549
0.015465
0.162957
0.229996
0.243505
0.228434
0.203939
0.182011
0.169092
0.168735
0.175803
0.180862
0.169569
0.121500
0.011783
-0.185035
-0.490437
-0.918139
-1.471867
-2.134750
-2.850194
-3.568449
-4.258930
-4.900912
-5.482639
-5.999435
-6.451642
-6.842798
-7.178214
-7.463967
-7.706234
-7.910902
-7.987942
-8.102602
-7.911384
-7.684981
-7.417729
-7.103530
-6.736124
-6.309573
-5.819038
-5.261940
-4.639545
-3.958937
-3.235166
-2.493041
-1.772854
-1.134973
-0.623327
-0.241999
0.015841
0.167122
0.236137
0.250220
0.234841
0.209668
0.187084
0.173781
0.173438
0.180742
0.185935
0.174245
0.124744
0.012084
-0.189532
-0.501736
-0.938165
-1.502271
-2.176558
-2.903347
-3.632172
-4.332140
-4.982411
-5.571236
-6.094029
-6.551254
-6.946582
-7.285455
-7.574067
-7.818697
-8.025317
-8.102602
-8.217442
-8.024364
-7.795722
-7.525770
-7.208320
-6.837005
-6.405766
-5.909635
-5.345906
-4.715733
-4.026143
-3.292221
-2.538961
-1.807151
-1.158136
-0.636762
-0.247510
0.016222
0.171351
0.242388
0.257074
0.241401
0.215549
0.192304
0.178609
0.178277
0.185812
0.191128
0.179018
0.128046
0.012390
-0.194089
-0.513163
-0.958386
-1.532929
-2.218664
-2.956825
-3.696229
-4.405682
-5.064229
-5.660137
-6.188908
-6.651131
-7.050615
-7.392929
-7.684385
-7.931364
-8.139925
-8.217442
-8.332457
-8.137530
-7.906658
-7.634019
-7.313331
-6.938122
-6.502211
-6.000500
-5.430153
-4.792214
-4.093648
-3.349571
-2.585157
-1.841689
-1.181490
-0.650328
-0.253084
0.016607
0.175645
0.248749
0.264070
0.248116
0.221587
0.197672
0.183579
0.183254
0.191016
0.196445
0.183889
0.131407
0.012700
-0.198706
-0.524718
-0.978803
-1.563840
-2.261067
-3.010624
-3.760615
-4.479550
-5.146363
-5.749337
-6.284067
-6.751270
-7.154891
-7.500630
-7.794915
-8.044231
-8.254720
-8.332457
-8.447644
-8.250876
-8.017785
-7.742470
-7.418559
-7.039470
-6.598902
-6.091628
-5.514678
-4.868984
-4.161447
-3.407210
-2.631626
-1.876467
-1.205034
-0.664022
-0.258720
0.016998
0.180004
0.255222
0.271207
0.254987
0.227781
0.203193
0.188694
0.188372
0.196356
0.201885
0.188860
0.134826
0.013016
-0.203383
-0.536403
-0.999415
-1.595004
-2.303765
-3.064742
-3.825328
-4.553741
-5.228806
-5.838830
-6.379501
-6.851666
-7.259405
-7.608552
-7.905652
-8.157291
-8.369698
-8.447644
-8.562997
-8.364398
-8.129097
-7.851120
-7.523998
-7.141044
-6.695836
-6.183013
-5.599475
-4.946039
-4.229537
-3.465138
-2.678367
-1.911483
-1.228768
-0.677846
-0.264417
0.017394
0.184428
0.261808
0.278489
0.262017
0.234136
0.208868
0.193956
0.193633
0.201834
0.207451
0.193930
0.138305
0.013335
-0.208119
-0.548215
-1.020221
-1.626419
-2.346755
-3.119175
-3.890364
-4.628249
-5.311555
-5.928611
-6.475205
-6.952312
-7.364153
-7.716691
-8.016592
-8.270541
-8.484854
-8.562997
-8.678511
-8.478089
-8.240591
-7.959962
-7.629643
-7.242839
-6.793006
-6.274652
-5.684541
-5.023374
-4.297913
-3.523349
-2.725376
-1.946736
-1.252691
-0.691798
-0.270176
0.017795
0.188916
0.268506
0.285915
0.269207
0.240653
0.214699
0.199368
0.199039
0.207452
0.213144
0.199102
0.141844
0.013660
-0.212916
-0.560156
-1.041220
-1.658083
-2.390035
-3.173920
-3.955719
-4.703072
-5.394605
-6.018677
-6.571174
-7.053205
-7.469129
-7.825042
-8.127728
-8.383974
-8.600183
-8.678511
-8.794182
-8.591947
-8.352261
-8.068992
-7.735490
-7.344851
-6.890409
-6.366539
-5.769870
-5.100986
-4.366574
-3.581842
-2.772651
-1.982224
-1.276801
-0.705879
-0.275997
0.018201
0.193470
0.275318
0.293486
0.276559
0.247335
0.220690
0.204933
0.204593
0.213212
0.218965
0.204374
0.145442
0.013989
-0.217772
-0.572224
-1.062413
-1.689996
-2.433604
-3.228976
-4.021390
-4.778205
-5.477952
-6.109022
-6.667403
-7.154339
-7.574328
-7.933600
-8.239056
-8.497587
-8.715681
-8.794182
-8.910005
-8.705965
-8.464102
-8.178206
-7.841534
-7.447075
-6.988040
-6.458670
-5.855459
-5.178869
-4.435513
-3.640613
-2.820190
-2.017945
-1.301099
-0.720087
-0.281880
0.018612
0.198090
0.282244
0.301206
0.284075
0.254184
0.226843
0.210652
0.210297
0.219116
0.224915
0.209750
0.149101
0.014323
-0.222688
-0.584421
-1.083797
-1.722157
-2.477459
-3.284339
-4.087373
-4.853643
-5.561591
-6.199642
-6.763888
-7.255709
-7.679745
-8.042360
-8.350572
-8.611374
-8.831341
-8.910005
-9.025976
-8.820140
-8.576111
-8.287599
-7.947770
-7.549506
-7.085894
-6.551040
-5.941303
-5.257021
-4.504729
-3.699659
-2.867990
-2.053897
-1.325582
-0.734423
-0.287824
0.019028
0.202775
0.289285
0.309073
0.291757
0.261201
0.233160
0.216529
0.216154
0.225166
0.230997
0.215228
0.152821
0.014662
-0.227664
-0.596745
-1.105374
-1.754563
-2.521598
-3.340006
-4.153666
-4.929384
-5.645519
-6.290532
-6.860623
-7.357311
-7.785376
-8.151317
-8.462270
-8.725332
-8.947161
-9.025976
-9.142090
-8.934468
-8.688282
-8.397166
-8.054194
-7.652139
-7.183966
-6.643646
-6.027398
-5.335437
-4.574218
-3.758978
-2.916049
-2.090080
-1.350249
-0.748885
-0.293830
0.019449
0.207526
0.296441
0.317090
0.299606
0.268391
0.239645
0.222566
0.222165
0.231363
0.237212
0.220811
0.156601
0.015006
-0.232700
-0.609197
-1.127141
-1.787214
-2.566020
-3.395975
-4.220263
-5.005423
-5.729730
-6.381687
-6.957605
-7.459140
-7.891217
-8.260467
-8.574147
-8.839455
-9.063135
-9.142090
-9.258343
-9.048943
-8.800611
-8.506904
-8.160802
-7.754971
-7.282253
-6.736482
-6.113739
-5.414114
-4.643975
-3.818565
-2.964365
-2.126490
-1.375101
-0.763474
-0.299897
0.019874
0.212344
0.303713
0.325257
0.307624
0.275754
0.246299
0.228766
0.228334
0.237710
0.243560
0.226498
0.160442
0.015354
-0.237797
-0.621776
-1.149099
-1.820108
-2.610722
-3.452243
-4.287163
-5.081757
-5.814221
-6.473104
-7.054829
-7.561191
-7.997261
-8.369805
-8.686197
-8.953738
-9.179258
-9.258343
-9.374730
-9.163562
-8.913094
-8.616807
-8.267589
-7.857997
-7.380750
-6.829545
-6.200324
-5.493047
-4.713998
-3.878419
-3.012935
-2.163127
-1.400136
-0.778190
-0.306026
0.020305
0.217227
0.311101
0.333576
0.315812
0.283293
0.253125
0.235131
0.234662
0.244209
0.250043
0.232292
0.164345
0.015707
-0.242953
-0.634483
-1.171247
-1.853244
-2.655702
-3.508807
-4.354361
-5.158381
-5.898987
-6.564778
-7.152290
-7.663461
-8.103506
-8.479326
-8.798417
-9.068179
-9.295528
-9.374730
-9.491249
-9.278321
-9.025728
-8.726872
-8.374550
-7.961213
-7.479452
-6.922831
-6.287147
-5.572233
-4.784283
-3.938536
-3.061757
-2.199990
-1.425353
-0.793031
-0.312216
0.020741
0.222178
0.318607
0.342049
0.324174
0.291010
0.260126
0.241663
0.241152
0.250862
0.256663
0.238191
0.168310
0.016065
-0.248170
-0.647317
-1.193585
-1.886622
-2.700958
-3.565664
-4.421856
-5.235291
-5.984025
-6.656704
-7.249984
-7.765944
-8.209946
-8.589027
-8.910801
-9.182772
-9.411940
-9.491249
-9.607894
-9.393215
-9.138506
-8.837094
-8.481682
-8.064614
-7.578356
-7.016334
-6.374205
-5.651668
-4.854827
-3.998913
-3.110829
-2.237076
-1.450751
-0.807997
-0.318467
0.021183
0.227194
0.326230
0.350675
0.332709
0.298907
0.267303
0.248366
0.247807
0.257670
0.263421
0.244198
0.172338
0.016428
-0.253447
-0.660277
-1.216111
-1.920239
-2.746489
-3.622812
-4.489642
-5.312485
-6.069330
-6.748880
-7.347906
-7.868636
-8.316578
-8.698903
-9.023346
-9.297513
-9.528488
-9.607894
-9.724662
-9.508241
-9.251427
-8.947469
-8.588981
-8.168196
-7.677457
-7.110052
-6.461494
-5.731348
-4.925627
-4.059548
-3.160149
-2.274384
-1.476329
-0.823089
-0.324780
0.021629
0.232278
0.333971
0.359456
0.341421
0.306987
0.274661
0.255242
0.254627
0.264635
0.270319
0.250313
0.176427
0.016795
-0.258784
-0.673365
-1.238825
-1.954095
-2.792293
-3.680249
-4.557718
-5.389959
-6.154899
-6.841299
-7.446053
-7.971534
-8.423396
-8.808950
-9.136048
-9.412398
-9.645170
-9.724662
-9.841548
-9.623394
-9.364485
-9.057994
-8.696442
-8.271955
-7.776752
-7.203981
-6.549009
-5.811271
-4.996678
-4.120438
-3.209714
-2.311912
-1.502087
-0.838305
-0.331153
0.022080
0.237429
0.341832
0.368393
0.350310
0.315252
0.282200
0.262293
0.261617
0.271759
0.277356
0.256537
0.180580
0.017168
-0.264182
-0.686579
-1.261727
-1.988188
-2.838367
-3.737971
-4.626080
-5.467709
-6.240728
-6.933959
-7.544420
-8.074632
-8.530397
-8.919163
-9.248902
-9.527423
-9.761982
-9.841548
-9.958550
-9.738671
-9.477676
-9.168664
-8.804062
-8.375888
-7.876236
-7.298115
-6.636748
-5.891431
-5.067979
-4.181579
-3.259522
-2.349659
-1.528023
-0.853646
-0.337588
0.022536
0.242647
0.349811
0.377487
0.359378
0.323703
0.289925
0.269522
0.268778
0.279045
0.284536
0.262870
0.184795
0.017545
-0.269640
-0.699920
-1.284816
-2.022517
-2.884710
-3.795977
-4.694725
-5.545731
-6.326812
-7.026855
-7.643003
-8.177926
-8.637577
-9.029539
-9.361904
-9.642584
-9.878919
-9.958550
-10.075663
-9.854068
-9.590998
-9.279475
-8.911837
-8.479990
-7.975906
-7.392453
-6.724706
-5.971826
-5.139525
-4.242970
-3.309571
-2.387624
-1.554136
-0.869110
-0.344083
0.022997
0.247932
0.357911
0.386740
0.368627
0.332343
0.297835
0.276932
0.276112
0.286493
0.291859
0.269313
0.189074
0.017927
-0.275159
-0.713387
-1.308091
-2.057082
-2.931319
-3.854263
-4.763649
-5.624022
-6.413149
-7.119984
-7.741798
-8.281414
-8.744932
-9.140073
-9.475051
-9.757878
-9.995977
-10.075663
-10.192884
-9.969581
-9.704446
-9.390424
-9.019762
-8.584258
-8.075757
-7.486988
-6.812880
-6.052453
-5.211314
-4.304608
-3.359859
-2.425804
-1.580427
-0.884698
-0.350640
0.023463
0.253285
0.366131
0.396152
0.378058
0.341175
0.305936
0.284524
0.283621
0.294105
0.299326
0.275867
0.193416
0.018314
-0.280738
-0.726980
-1.331552
-2.091880
-2.978194
-3.912827
-4.832851
-5.702578
-6.499733
-7.213340
-7.840802
-8.385090
-8.852457
-9.250763
-9.588339
-9.873300
-10.113154
-10.192884
-10.310209
-10.085206
-9.818016
-9.501507
-9.127834
-8.688687
-8.175786
-7.581719
-6.901267
-6.133307
-5.283343
-4.366489
-3.410384
-2.464199
-1.606893
-0.900409
-0.357257
0.023935
0.258705
0.374471
0.405724
0.387673
0.350199
0.314228
0.292301
0.291308
0.301885
0.306938
0.282533
0.197822
0.018706
-0.286377
-0.740699
-1.355198
-2.126911
-3.025332
-3.971667
-4.902326
-5.781396
-6.586563
-7.306922
-7.940009
-8.488950
-8.960150
-9.361603
-9.701763
-9.988846
-10.230445
-10.310209
-10.427635
-10.200941
-9.931706
-9.612721
-9.236049
-8.793275
-8.275989
-7.676641
-6.989861
-6.214385
-5.355607
-4.428611
-3.461143
-2.502807
-1.633533
-0.916242
-0.363934
0.024411
0.264193
0.382934
0.415457
0.397473
0.359418
0.322714
0.300266
0.299175
0.309832
0.314698
0.289311
0.202293
0.019103
-0.292077
-0.754544
-1.379029
-2.162173
-3.072731
-4.030780
-4.972071
-5.860473
-6.673633
-7.400724
-8.039417
-8.592992
-9.068005
-9.472590
-9.815320
-10.104514
-10.347846
-10.427635
-10.545158
-10.316781
-10.045510
-9.724061
-9.344405
-8.898016
-8.376363
-7.771751
-7.078661
-6.295684
-5.428105
-4.490972
-3.512134
-2.541626
-1.660348
-0.932198
-0.370673
0.024893
0.269750
0.391518
0.425353
0.407460
0.368834
0.331396
0.308421
0.307224
0.317949
0.322605
0.296202
0.206827
0.019505
-0.297837
-0.768515
-1.403044
-2.197666
-3.120389
-4.090164
-5.042085
-5.939805
-6.760940
-7.494743
-8.139021
-8.697210
-9.176019
-9.583720
-9.929007
-10.220298
-10.465355
-10.545158
-10.662774
-10.432724
-10.159427
-9.835524
-9.452896
-9.002909
-8.476903
-7.867044
-7.167661
-6.377201
-5.500833
-4.553568
-3.563356
-2.580654
-1.687336
-0.948276
-0.377472
0.025379
0.275374
0.400224
0.435412
0.417636
0.378449
0.340277
0.316768
0.315458
0.326238
0.330662
0.303207
0.211427
0.019912
-0.303659
-0.782611
-1.427243
-2.233388
-3.168305
-4.149816
-5.112363
-6.019389
-6.848481
-7.588975
-8.238818
-8.801601
-9.284188
-9.694989
-10.042820
-10.336197
-10.582967
-10.662774
-10.780481
-10.548765
-10.273452
-9.947107
-9.561519
-9.107948
-8.577607
-7.962518
-7.256860
-6.458932
-5.573788
-4.616398
-3.614806
-2.619891
-1.714497
-0.964475
-0.384331
0.025871
0.281067
0.409054
0.445635
0.428002
0.388266
0.349360
0.325310
0.323877
0.334700
0.338869
0.310325
0.216091
0.020323
-0.309540
-0.796832
-1.451624
-2.269338
-3.216477
-4.209733
-5.182902
-6.099222
-6.936252
-7.683417
-8.338804
-8.906162
-9.392509
-9.806395
-10.156754
-10.452206
-10.700679
-10.780481
-10.898275
-10.664901
-10.387582
-10.058806
-9.670272
-9.213131
-8.678470
-8.058169
-7.346254
-6.540874
-5.646967
-4.679458
-3.666482
-2.659335
-1.741828
-0.980795
-0.391251
0.026367
0.286828
0.418007
0.456023
0.438559
0.398285
0.358645
0.334049
0.332486
0.343337
0.347227
0.317559
0.220821
0.020740
-0.315482
-0.811179
-1.476187
-2.305514
-3.264903
-4.269914
-5.253701
-6.179299
-7.024250
-7.778065
-8.438975
-9.010889
-9.500978
-9.917933
-10.270807
-10.568322
-10.818488
-10.898275
-11.016153
-10.781130
-10.501813
-10.170618
-9.779151
-9.318454
-8.779489
-8.153993
-7.435838
-6.623024
-5.720368
-4.742747
-3.718382
-2.698985
-1.769330
-0.997236
-0.398230
0.026869
0.292658
0.427083
0.466577
0.449309
0.408509
0.368136
0.342987
0.341284
0.352151
0.355739
0.324909
0.225616
0.021161
-0.321485
-0.825650
-1.500932
-2.341916
-3.313581
-4.330356
-5.324756
-6.259619
-7.112470
-7.872915
-8.539327
-9.115778
-9.609592
-10.029600
-10.384976
-10.684541
-10.936390
-11.016153
-11.134112
-10.897447
-10.616144
-10.282539
-9.888151
-9.423914
-8.880661
-8.249988
-7.525610
-6.705379
-5.793986
-4.806260
-3.770504
-2.738838
-1.797002
-1.013797
-0.405270
0.027376
0.298556
0.436284
0.477298
0.460253
0.418940
0.377835
0.352127
0.350276
0.361142
0.364404
0.332375
0.230476
0.021588
-0.327549
-0.840246
-1.525858
-2.378543
-3.362510
-4.391057
-5.396064
-6.340178
-7.200911
-7.967964
-8.639858
-9.220825
-9.718347
-10.141392
-10.499256
-10.800860
-11.054383
-11.134112
-11.252148
-11.013851
-10.730569
-10.394567
-9.997271
-9.529507
-8.981983
-8.346149
-7.615567
-6.787934
-5.867820
-4.869997
-3.822846
-2.778894
-1.824842
-1.030478
-0.412371
0.027888
0.304523
0.445610
0.488187
0.471393
0.429580
0.387744
0.361471
0.359462
0.370314
0.373224
0.339958
0.235403
0.022019
-0.333673
-0.854967
-1.550965
-2.415393
-3.411687
-4.452013
-5.467622
-6.420972
-7.289568
-8.063209
-8.740563
-9.326027
-9.827239
-10.253306
-10.613645
-10.917277
-11.172463
-11.252148
-11.370259
-11.130337
-10.845086
-10.506698
-10.106506
-9.635230
-9.083450
-8.442473
-7.705705
-6.870689
-5.941866
-4.933953
-3.875406
-2.819150
-1.852850
-1.047279
-0.419531
0.028405
0.310560
0.455061
0.499245
0.482730
0.440430
0.397865
0.371022
0.368845
0.379668
0.382200
0.347658
0.240395
0.022456
-0.339857
-0.869811
-1.576251
-2.452465
-3.461110
-4.513223
-5.539427
-6.501998
-7.378438
-8.158645
-8.841440
-9.431382
-9.936265
-10.365339
-10.728139
-11.033787
-11.290626
-11.370259
-11.488442
-11.246902
-10.959693
-10.618928
-10.215854
-9.741080
-9.185061
-8.538957
-7.796021
-6.953638
-6.016122
-4.998128
-3.928181
-2.859606
-1.881025
-1.064198
-0.426750
0.028927
0.316665
0.464638
0.510472
0.494265
0.451493
0.408200
0.380780
0.378426
0.389204
0.391333
0.355476
0.245454
0.022897
-0.346103
-0.884780
-1.601717
-2.489758
-3.510779
-4.574685
-5.611477
-6.583254
-7.467517
-8.254269
-8.942484
-9.536884
-10.045422
-10.477488
-10.842735
-11.150387
-11.408871
-11.488442
-11.606693
-11.363544
-11.074385
-10.731256
-10.325311
-9.847053
-9.286810
-8.635598
-7.886511
-7.036780
-6.090585
-5.062518
-3.981171
-2.900261
-1.909366
-1.081236
-0.434030
0.029454
0.322839
0.474340
0.521870
0.506000
0.462769
0.418752
0.390750
0.388208
0.398925
0.400624
0.363413
0.250580
0.023344
-0.352408
-0.899873
-1.627361
-2.527271
-3.560691
-4.636395
-5.683768
-6.664736
-7.556803
-8.350079
-9.043692
-9.642531
-10.154707
-10.589748
-10.957430
-11.267075
-11.527193
-11.606693
-11.725011
-11.480260
-11.189161
-10.843677
-10.434874
-9.953147
-9.388696
-8.732393
-7.977174
-7.120110
-6.165251
-5.127121
-4.034372
-2.941112
-1.937872
-1.098393
-0.441369
0.029986
0.329083
0.484169
0.533439
0.517937
0.474262
0.429522
0.400932
0.398193
0.408832
0.410074
0.371469
0.255772
0.023795
-0.358775
-0.915089
-1.653183
-2.565002
-3.610844
-4.698353
-5.756299
-6.746442
-7.646292
-8.446071
-9.145061
-9.748320
-10.264115
-10.702117
-11.072220
-11.383848
-11.645589
-11.725011
-11.843391
-11.597047
-11.304016
-10.956188
-10.544541
-10.059358
-9.490715
-8.829338
-8.068004
-7.203627
-6.240119
-5.191934
-4.087783
-2.982158
-1.966543
-1.115667
-0.448768
0.030523
0.335396
0.494125
0.545180
0.530075
0.485973
0.440513
0.411329
0.408382
0.418927
0.419685
0.379646
0.261032
0.024252
-0.365202
-0.930429
-1.679182
-2.602950
-3.661237
-4.760554
-5.829066
-6.828367
-7.735980
-8.542240
-9.246587
-9.854246
-10.373645
-10.814592
-11.187103
-11.500701
-11.764058
-11.843391
-11.961831
-11.713902
-11.418948
-11.068788
-10.654307
-10.165684
-9.592865
-8.926431
-8.159000
-7.287327
-6.315185
-5.256956
-4.141402
-3.023397
-1.995376
-1.133058
-0.456226
0.031065
0.341778
0.504208
0.557094
0.542418
0.497903
0.451727
0.421943
0.418778
0.429211
0.429457
0.387942
0.266358
0.024713
-0.371690
-0.945892
-1.705357
-2.641115
-3.711867
-4.822998
-5.902066
-6.910509
-7.825866
-8.638585
-9.348268
-9.960308
-10.483292
-10.927170
-11.302076
-11.617633
-11.882595
-11.961831
-12.080328
-11.830821
-11.533955
-11.181472
-10.764171
-10.272120
-9.695141
-9.023667
-8.250159
-7.371207
-6.390446
-5.322182
-4.195227
-3.064829
-2.024372
-1.150567
-0.463743
0.031612
0.348230
0.514419
0.569182
0.554965
0.510054
0.463165
0.432776
0.429382
0.439686
0.439391
0.396360
0.271752
0.025180
-0.378238
-0.961478
-1.731709
-2.679495
-3.762734
-4.885681
-5.975297
-6.992865
-7.915944
-8.735102
-9.450100
-10.066502
-10.593054
-11.039847
-11.417135
-11.734641
-12.001199
-12.080328
-12.198880
-11.947803
-11.649033
-11.294239
-10.874128
-10.378665
-9.797541
-9.121045
-8.341477
-7.455264
-6.465901
-5.387612
-4.249256
-3.106452
-2.053530
-1.168191
-0.471320
0.032165
0.354752
0.524757
0.581444
0.567719
0.522428
0.474830
0.443830
0.440196
0.450353
0.449489
0.404899
0.277214
0.025651
-0.384846
-0.977186
-1.758236
-2.718088
-3.813835
-4.948602
-6.048756
-7.075433
-8.006213
-8.831787
-9.552080
-10.172824
-10.702927
-11.152621
-11.532278
-11.851721
-12.119865
-12.198880
-12.317484
-12.064845
-11.764179
-11.407084
-10.984177
-10.485314
-9.900061
-9.218561
-8.432951
-7.539495
-6.541545
-5.453242
-4.303486
-3.148264
-2.082848
-1.185932
-0.478955
0.032722
0.361344
0.535224
0.593882
0.580680
0.535026
0.486724
0.455108
0.451223
0.461213
0.459751
0.413560
0.282743
0.026128
-0.391516
-0.993017
-1.784938
-2.756894
-3.865168
-5.011758
-6.122441
-7.158208
-8.096670
-8.928638
-9.654204
-10.279272
-10.812909
-11.265488
-11.647502
-11.968871
-12.238592
-12.317484
-12.436138
-12.181943
-11.879391
-11.520005
-11.094314
-10.592066
-10.002700
-9.316212
-8.524578
-7.623898
-6.617377
-5.519071
-4.357917
-3.190264
-2.112326
-1.203789
-0.486650
0.033285
0.368005
0.545819
0.606496
0.593849
0.547851
0.498848
0.466611
0.462463
0.472269
0.470178
0.422344
0.288340
0.026610
-0.398245
-1.008970
-1.811813
-2.795912
-3.916732
-5.075146
-6.196348
-7.241188
-8.187310
-9.025652
-9.756470
-10.385842
-10.922996
-11.378446
-11.762803
-12.086088
-12.357377
-12.436138
-12.554838
-12.299096
-11.994666
-11.633000
-11.204537
-10.698918
-10.105454
-9.413995
-8.616356
-7.708470
-6.693393
-5.585096
-4.412545
-3.232450
-2.141963
-1.221760
-0.494403
0.033852
0.374736
0.556544
0.619286
0.607229
0.560904
0.511206
0.478341
0.473919
0.483521
0.480771
0.431251
0.294006
0.027096
-0.405035
-1.025044
-1.838862
-2.835139
-3.968524
-5.138765
-6.270474
-7.324371
-8.278131
-9.122824
-9.858874
-10.492532
-11.033186
-11.491491
-11.878180
-12.203369
-12.476217
-12.554838
-12.673582
-12.416300
-12.110002
-11.746066
-11.314842
-10.805865
-10.208319
-9.511908
-8.708282
-7.793207
-6.769592
-5.651314
-4.467369
-3.274821
-2.171757
-1.239847
-0.502215
0.034425
0.381537
0.567398
0.632254
0.620820
0.574186
0.523797
0.490301
0.485592
0.494970
0.491532
0.440281
0.299740
0.027588
-0.411886
-1.041241
-1.866084
-2.874576
-4.020544
-5.202612
-6.344819
-7.407752
-8.369131
-9.220153
-9.961413
-10.599337
-11.143475
-11.604622
-11.993629
-12.320712
-12.595109
-12.673582
-12.792368
-12.533553
-12.225396
-11.859200
-11.425228
-10.912907
-10.311294
-9.609947
-8.800352
-7.878107
-6.845970
-5.717723
-4.522387
-3.317376
-2.201709
-1.258047
-0.510085
0.035002
0.388408
0.578381
0.645400
0.634623
0.587699
0.536625
0.502492
0.497484
0.506619
0.502460
0.449436
0.305542
0.028085
-0.418797
-1.057559
-1.893477
-2.914220
-4.072789
-5.266685
-6.419377
-7.491330
-8.460305
-9.317635
-10.064085
-10.706257
-11.253861
-11.717834
-12.109147
-12.438113
-12.714051
-12.792368
-12.911193
-12.650853
-12.340845
-11.972399
-11.535690
-11.020039
-10.414376
-9.708109
-8.892563
-7.963167
-6.922525
-5.784321
-4.577597
-3.360113
-2.231816
-1.276361
-0.518014
0.035585
0.395349
0.589495
0.658725
0.648639
0.601445
0.549692
0.514916
0.509598
0.518469
0.513557
0.458715
0.311413
0.028587
-0.425768
-1.073997
-1.921042
-2.954071
-4.125258
-5.330981
-6.494148
-7.575102
-8.551651
-9.415267
-10.166886
-10.813286
-11.364340
-11.831126
-12.224732
-12.555570
-12.833040
-12.911193
-13.030055
-12.768197
-12.456346
-12.085661
-11.646228
-11.127260
-10.517561
-9.806392
-8.984914
-8.048385
-6.999253
-5.851105
-4.632997
-3.403030
-2.262079
-1.294789
-0.526001
0.036173
0.402361
0.600738
0.672230
0.662870
0.615425
0.562998
0.527575
0.521934
0.530520
0.524825
0.468119
0.317352
0.029094
-0.432799
-1.090557
-1.948777
-2.994127
-4.177948
-5.395499
-6.569128
-7.659064
-8.643167
-9.513046
-10.269814
-10.920424
-11.474910
-11.944494
-12.340381
-12.673082
-12.952074
-13.030055
-13.148951
-12.885583
-12.571898
-12.198983
-11.756837
-11.234566
-10.620846
-9.904793
-9.077401
-8.133757
-7.076154
-5.918074
-4.688585
-3.446127
-2.292496
-1.313329
-0.534046
0.036765
0.409442
0.612112
0.685915
0.677316
0.629641
0.576547
0.540471
0.534494
0.542775
0.536262
0.477649
0.323361
0.029606
-0.439891
-1.107237
-1.976682
-3.034387
-4.230858
-5.460236
-6.644314
-7.743214
-8.734848
-9.610969
-10.372865
-11.027666
-11.585569
-12.057936
-12.456091
-12.790644
-13.071150
-13.148951
-13.267879
-13.003007
-12.687497
-12.312363
-11.867515
-11.341954
-10.724230
-10.003309
-9.170021
-8.219282
-7.153224
-5.985224
-4.744359
-3.489401
-2.323065
-1.331982
-0.542149
0.037363
0.416594
0.623617
0.699781
0.691979
0.644094
0.590339
0.553606
0.547280
0.555234
0.547872
0.487304
0.329439
0.030123
-0.447043
-1.124037
-2.004756
-3.074850
-4.283986
-5.525190
-6.719705
-7.827549
-8.826693
-9.709034
-10.476036
-11.135009
-11.696313
-12.171449
-12.571861
-12.908254
-13.190266
-13.267879
-13.386837
-13.120469
-12.803141
-12.425798
-11.978260
-11.449423
-10.827709
-10.101937
-9.262772
-8.304955
-7.230460
-6.052554
-4.800318
-3.532851
-2.353788
-1.350746
-0.550310
0.037966
0.423816
0.635253
0.713828
0.706860
0.658786
0.604377
0.566981
0.560294
0.567898
0.559654
0.497086
0.335586
0.030645
-0.454255
-1.140956
-2.032998
-3.115514
-4.337331
-5.590358
-6.795297
-7.912066
-8.918697
-9.807236
-10.579325
-11.242452
-11.807139
-12.285030
-12.687687
-13.025911
-13.309419
-13.386837
-13.505822
-13.237965
-12.918829
-12.539286
-12.089070
-11.556969
-10.931281
-10.200675
-9.355651
-8.390775
-7.307859
-6.120060
-4.856458
-3.576476
-2.384661
-1.369622
-0.558528
0.038574
0.431108
0.647021
0.728057
0.721960
0.673717
0.618662
0.580599
0.573537
0.580770
0.571609
0.506995
0.341802
0.031172
-0.461527
-1.157996
-2.061408
-3.156379
-4.390890
-5.655738
-6.871088
-7.996762
-9.010860
-9.905575
-10.682729
-11.349991
-11.918046
-12.398677
-12.803566
-13.143611
-13.428607
-13.505822
-13.624832
-13.355493
-13.034556
-12.652823
-12.199941
-11.664591
-11.034943
-10.299520
-9.448655
-8.476739
-7.385421
-6.187742
-4.912779
-3.620274
-2.415685
-1.388609
-0.566804
0.039186
0.438470
0.658919
0.742469
0.737279
0.688891
0.633196
0.594462
0.587011
0.593850
0.583738
0.517031
0.348088
0.031705
-0.468859
-1.175154
-2.089985
-3.197443
-4.444661
-5.721328
-6.947075
-8.081635
-9.103176
-10.004045
-10.786245
-11.457624
-12.029030
-12.512388
-12.919497
-13.261353
-13.547827
-13.624832
-13.743865
-13.473051
-13.150322
-12.766409
-12.310871
-11.772284
-11.138692
-10.398469
-9.541781
-8.562844
-7.463141
-6.255596
-4.969278
-3.664244
-2.446858
-1.407706
-0.575138
0.039804
0.445903
0.670950
0.757064
0.752819
0.704307
0.647980
0.608570
0.600717
0.607139
0.596042
0.527195
0.354443
0.032242
-0.476250
-1.192431
-2.118728
-3.238704
-4.498644
-5.787126
-7.023256
-8.166681
-9.195645
-10.102646
-10.889871
-11.565347
-12.140088
-12.626159
-13.035477
-13.379133
-13.667078
-13.743865
-13.862918
-13.590636
-13.266124
-12.880040
-12.421858
-11.880048
-11.242526
-10.497520
-9.635028
-8.649088
-7.541017
-6.323620
-5.025954
-3.708384
-2.478180
-1.426913
-0.583528
0.040427
0.453406
0.683112
0.771844
0.768581
0.719967
0.663017
0.622926
0.614657
0.620639
0.608521
0.537487
0.360868
0.032785
-0.483702
-1.209827
-2.147636
-3.280162
-4.552836
-5.853130
-7.099628
-8.251899
-9.288262
-10.201373
-10.993602
-11.673158
-12.251218
-12.739989
-13.151503
-13.496949
-13.786357
-13.862918
-13.981990
-13.708247
-13.381959
-12.993715
-12.532900
-11.987879
-11.346443
-10.596670
-9.728391
-8.735468
-7.619047
-6.391813
-5.082804
-3.752693
-2.509649
-1.446229
-0.591975
0.041055
0.460979
0.695407
0.786807
0.784566
0.735874
0.678308
0.637531
0.628833
0.634351
0.621177
0.547907
0.367363
0.033332
-0.491213
-1.227341
-2.176709
-3.321815
-4.607234
-5.919336
-7.176188
-8.337285
-9.381026
-10.300225
-11.097438
-11.781055
-12.362418
-12.853874
-13.267573
-13.614800
-13.905661
-13.981990
-14.101079
-13.825880
-13.497825
-13.107430
-12.643993
-12.095775
-11.450439
-10.695916
-9.821870
-8.821981
-7.697229
-6.460171
-5.139827
-3.797170
-2.541264
-1.465654
-0.600479
0.041687
0.468623
0.707834
0.801956
0.800775
0.752027
0.693855
0.652388
0.643245
0.648276
0.634010
0.558456
0.373928
0.033885
-0.498784
-1.244973
-2.205946
-3.363661
-4.661839
-5.985744
-7.252935
-8.422837
-9.473933
-10.399197
-11.201374
-11.889035
-12.473685
-12.967812
-13.383685
-13.732682
-14.024989
-14.101079
-14.220181
-13.943535
-13.613721
-13.221183
-12.755136
-12.203733
-11.554512
-10.795256
-9.915460
-8.908626
-7.775560
-6.528692
-5.197020
-3.841812
-2.573025
-1.485188
-0.609040
0.042325
0.476337
0.720394
0.817290
0.817208
0.768428
0.709659
0.667497
0.657896
0.662415
0.647021
0.569134
0.380563
0.034443
-0.506414
-1.262722
-2.235345
-3.405701
-4.716646
-6.052350
-7.329865
-8.508552
-9.566980
-10.498289
-11.305409
-11.997095
-12.585016
-13.081801
-13.499835
-13.850594
-14.144338
-14.220181
-14.339295
-14.061209
-13.729643
-13.334973
-12.866326
-12.311751
-11.658661
-10.894688
-10.009160
-8.995399
-7.854037
-6.597375
-5.254382
-3.886618
-2.604930
-1.504829
-0.617657
0.042968
0.484121
0.733087
0.832810
0.833866
0.785080
0.725721
0.682861
0.672787
0.676769
0.660211
0.579942
0.387268
0.035006
-0.514104
-1.280588
-2.264907
-3.447931
-4.771656
-6.119153
-7.406976
-8.594427
-9.660165
-10.597496
-11.409539
-12.105232
-12.696409
-13.195839
-13.616023
-13.968533
-14.263706
-14.339295
-14.458420
-14.178899
-13.845589
-13.448796
-12.977561
-12.419827
-11.762881
-10.994208
-10.102966
-9.082297
-7.932658
-6.666217
-5.311911
-3.931588
-2.636979
-1.524577
-0.626331
0.043616
0.491976
0.745912
0.848517
0.850752
0.801982
0.742044
0.698481
0.687920
0.691339
0.673579
0.590879
0.394043
0.035574
-0.521853
-1.298570
-2.294630
-3.490352
-4.826865
-6.186149
-7.484266
-8.680459
-9.753486
-10.696817
-11.513763
-12.213445
-12.807862
-13.309923
-13.732246
-14.086497
-14.383092
-14.458420
-14.577553
-14.296604
-13.961559
-13.562652
-13.088838
-12.527959
-11.867172
-11.093815
-10.196878
-9.169319
-8.011421
-6.735215
-5.369604
-3.976718
-2.669171
-1.544432
-0.635060
0.044268
0.499901
0.758871
0.864410
0.867864
0.819136
0.758628
0.714358
0.703294
0.706127
0.687128
0.601947
0.400889
0.036147
-0.529662
-1.316669
-2.324514
-3.532961
-4.882273
-6.253338
-7.561732
-8.766647
-9.846939
-10.796248
-11.618077
-12.321730
-12.919372
-13.424051
-13.848501
-14.204484
-14.502492
-14.577553
-14.696691
-14.414322
-14.077548
-13.676537
-13.200156
-12.636143
-11.971530
-11.193506
-10.290891
-9.256462
-8.090323
-6.804368
-5.427461
-4.022009
-2.701503
-1.564394
-0.643846
0.044926
0.507896
0.771962
0.880491
0.885205
0.836544
0.775476
0.730495
0.718914
0.721133
0.700857
0.613145
0.407805
0.036725
-0.537529
-1.334884
-2.354557
-3.575757
-4.937877
-6.320717
-7.639371
-8.852987
-9.940521
-10.895788
-11.722478
-12.430086
-13.030936
-13.538219
-13.964786
-14.322492
-14.621904
-14.696691
-14.815834
-14.532050
-14.193556
-13.790449
-13.311513
-12.744378
-12.075953
-11.293278
-10.385003
-9.343723
-8.169361
-6.873673
-5.485478
-4.067458
-2.733977
-1.584460
-0.652687
0.045588
0.515961
0.785187
0.896760
0.902774
0.854207
0.792589
0.746893
0.734778
0.736359
0.714768
0.624474
0.414791
0.037308
-0.545456
-1.353214
-2.384760
-3.618739
-4.993675
-6.388282
-7.717181
-8.939476
-10.034231
-10.995432
-11.826966
-12.538509
-13.142553
-13.652428
-14.081099
-14.440518
-14.741328
-14.815834
-14.934978
-14.649786
-14.309580
-13.904387
-13.422905
-12.852662
-12.180439
-11.393129
-10.479213
-9.431100
-8.248534
-6.943128
-5.543654
-4.113063
-2.766589
-1.604632
-0.661583
0.046256
0.524097
0.798546
0.913217
0.920574
0.872125
0.809968
0.763552
0.750890
0.751805
0.728861
0.635934
0.421848
0.037896
-0.553441
-1.371659
-2.415120
-3.661906
-5.049666
-6.456034
-7.795159
-9.026113
-10.128066
-11.095180
-11.931536
-12.646997
-13.254219
-13.766673
-14.197438
-14.558561
-14.860760
-14.934978
-15.054123
-14.767529
-14.425618
-14.018347
-13.534331
-12.960991
-12.284986
-11.493057
-10.573518
-9.518591
-8.327840
-7.012731
-5.601988
-4.158824
-2.799340
-1.624908
-0.670535
0.046928
0.532302
0.812038
0.929862
0.938604
0.890300
0.827615
0.780476
0.767249
0.767473
0.743136
0.647526
0.428976
0.038490
-0.561485
-1.390219
-2.445638
-3.705256
-5.105847
-6.523968
-7.873303
-9.112894
-10.222022
-11.195027
-12.036186
-12.755548
-13.365934
-13.880952
-14.313801
-14.676618
-14.980199
-15.054123
-15.173266
-14.885277
-14.541669
-14.132329
-13.645788
-13.069365
-12.389590
-11.593060
-10.667914
-9.606193
-8.407275
-7.082480
-5.660477
-4.204739
-2.832229
-1.645288
-0.679542
0.047605
0.540578
0.825664
0.946697
0.956865
0.908734
0.845531
0.797665
0.783858
0.783363
0.757594
0.659249
0.436174
0.039088
-0.569588
-1.408893
-2.476312
-3.748787
-5.162217
-6.592083
-7.951611
-9.199818
-10.316097
-11.294972
-12.140914
-12.864160
-13.477693
-13.995264
-14.430186
-14.794688
-15.099642
-15.173266
-15.292405
-15.003028
-14.657729
-14.246331
-13.757276
-13.177780
-12.494251
-11.693134
-10.762400
-9.693903
-8.486837
-7.152372
-5.719119
-4.250806
-2.865253
-1.665772
-0.688604
0.048287
0.548924
0.839423
0.963721
0.975358
0.927426
0.863717
0.815120
0.800718
0.799477
0.772236
0.671104
0.443443
0.039691
-0.577749
-1.427681
-2.507141
-3.792499
-5.218774
-6.660376
-8.030081
-9.286880
-10.410290
-11.395013
-12.245718
-12.972829
-13.589496
-14.109607
-14.546589
-14.912768
-15.219088
-15.292405
-15.411539
-15.120779
-14.773798
-14.360349
-13.868790
-13.286235
-12.598965
-11.793278
-10.856974
-9.781720
-8.566525
-7.222406
-5.777912
-4.297024
-2.898413
-1.686358
-0.697721
0.048974
0.557340
0.853316
0.980935
0.994085
0.946379
0.882175
0.832844
0.817830
0.815815
0.787063
0.683091
0.450782
0.040300
-0.585969
-1.446582
-2.538125
-3.836390
-5.275517
-6.728846
-8.108708
-9.374080
-10.504596
-11.495145
-12.350595
-13.081554
-13.701340
-14.223977
-14.663010
-15.030856
-15.338535
-15.411539
-15.530666
-15.238529
-14.889873
-14.474382
-13.980330
-13.394728
-12.703731
-11.893490
-10.951633
-9.869641
-8.646335
-7.292578
-5.836855
-4.343391
-2.931707
-1.707046
-0.706892
0.049666
0.565826
0.867344
0.998339
1.013044
0.965593
0.900907
0.850837
0.835195
0.832378
0.802074
0.695211
0.458192
0.040914
-0.594247
-1.465597
-2.569263
-3.880459
-5.332442
-6.797490
-8.187492
-9.461413
-10.599014
-11.595368
-12.455542
-13.190333
-13.813222
-14.338374
-14.779447
-15.148951
-15.457981
-15.530666
-15.649783
-15.356276
-15.005953
-14.588428
-14.091894
-13.503256
-12.808546
-11.993766
-11.046374
-9.957663
-8.726265
-7.362888
-5.895946
-4.389906
-2.965135
-1.727836
-0.716117
0.050363
0.574381
0.881505
1.015933
1.032238
0.985070
0.919913
0.869101
0.852815
0.849168
0.817271
0.707463
0.465673
0.041532
-0.602583
-1.484723
-2.600553
-3.924704
-5.389549
-6.866305
-8.266430
-9.548879
-10.693542
-11.695679
-12.560557
-13.299163
-13.925140
-14.452795
-14.895897
-15.267050
-15.577424
-15.649783
-15.768890
-15.474019
-15.122035
-14.702485
-14.203478
-13.611817
-12.913408
-12.094106
-11.141197
-10.045785
-8.806314
-7.433332
-5.955182
-4.436567
-2.998694
-1.748727
-0.725396
0.051064
0.583007
0.895800
1.033718
1.051667
1.004810
0.939194
0.887637
0.870690
0.866185
0.832653
0.719848
0.473225
0.042156
-0.610977
-1.503961
-2.631996
-3.969124
-5.446835
-6.935291
-8.345519
-9.636474
-10.788176
-11.796074
-12.665638
-13.408041
-14.037093
-14.567237
-15.012358
-15.385152
-15.696862
-15.768890
-15.887984
-15.591755
-15.238117
-14.816552
-14.315082
-13.720409
-13.018315
-12.194506
-11.236097
-10.134003
-8.886479
-7.503909
-6.014562
-4.483372
-3.032384
-1.769718
-0.734729
0.051771
0.591702
0.910229
1.051695
1.071332
1.024815
0.958753
0.906447
0.888822
0.883430
0.848223
0.732366
0.480847
0.042785
-0.619429
-1.523311
-2.663589
-4.013717
-5.504299
-7.004443
-8.424756
-9.724195
-10.882914
-11.896553
-12.770783
-13.516967
-14.149078
-14.681699
-15.128829
-15.503255
-15.816294
-15.887984
-16.007063
-15.709482
-15.354199
-14.930626
-14.426703
-13.829030
-13.123265
-12.294964
-11.331073
-10.222316
-8.966757
-7.574617
-6.074083
-4.530321
-3.066205
-1.790808
-0.744115
0.052482
0.600467
0.924792
1.069862
1.091232
1.045085
0.978590
0.925532
0.907212
0.900903
0.863979
0.745017
0.488540
0.043418
-0.627938
-1.542772
-2.695333
-4.058482
-5.561939
-7.073761
-8.504141
-9.812041
-10.977753
-11.997111
-12.875989
-13.625936
-14.261093
-14.796179
-15.245307
-15.621356
-15.935717
-16.007063
-16.126127
-15.827199
-15.470277
-15.044705
-14.538340
-13.937678
-13.228255
-12.395479
-11.426123
-10.310722
-9.047146
-7.645452
-6.133745
-4.577412
-3.100154
-1.811998
-0.753555
0.053198
0.609301
0.939489
1.088221
1.111369
1.065622
0.998706
0.944892
0.925861
0.918606
0.879922
0.757802
0.496304
0.044057
-0.636505
-1.562344
-2.727225
-4.103418
-5.619753
-7.143242
-8.583669
-9.900009
-11.072692
-12.097748
-12.981253
-13.734948
-14.373136
-14.910675
-15.361791
-15.739454
-16.055129
-16.126127
-16.245172
-15.944905
-15.586351
-15.158788
-14.649990
-14.046352
-13.333284
-12.496048
-11.521244
-10.399218
-9.127645
-7.716414
-6.193545
-4.624642
-3.134231
-1.833286
-0.763048
0.053919
0.618204
0.954320
1.106772
1.131744
1.086425
1.019103
0.964530
0.944770
0.936540
0.896054
0.770720
0.504139
0.044701
-0.645130
-1.582025
-2.759266
-4.148523
-5.677738
-7.212884
-8.663339
-9.988096
-11.167728
-12.198460
-13.086575
-13.844000
-14.485204
-15.025184
-15.478278
-15.857547
-16.174530
-16.245172
-16.364199
-16.062597
-15.702418
-15.272872
-14.761651
-14.155048
-13.438349
-12.596668
-11.616434
-10.487802
-9.208250
-7.787501
-6.253481
-4.672011
-3.168434
-1.854672
-0.772593
0.054644
0.627177
0.969285
1.125515
1.152356
1.107497
1.039782
0.984447
0.963941
0.954705
0.912374
0.783772
0.512045
0.045350
-0.653811
-1.601816
-2.791454
-4.193795
-5.735893
-7.282684
-8.743149
-10.076300
-11.262858
-12.299246
-13.191950
-13.953090
-14.597297
-15.139705
-15.594767
-15.975634
-16.293917
-16.364199
-16.483204
-16.180274
-15.818477
-15.386957
-14.873322
-14.263765
-13.543449
-12.697339
-11.711691
-10.576471
-9.288961
-7.858709
-6.313551
-4.719517
-3.202764
-1.876156
-0.782192
0.055375
0.636220
0.984385
1.144451
1.173207
1.128838
1.060744
1.004644
0.983374
0.973102
0.928882
0.796958
0.520021
0.046004
-0.662550
-1.621716
-2.823788
-4.239234
-5.794217
-7.352640
-8.823095
-10.164619
-11.358080
-12.400103
-13.297378
-14.062215
-14.709411
-15.254236
-15.711255
-16.093712
-16.413288
-16.483204
-16.602186
-16.297933
-15.934525
-15.501039
-14.985001
-14.372502
-13.648581
-12.798057
-11.807013
-10.665224
-9.369773
-7.930037
-6.373753
-4.767158
-3.237217
-1.897735
-0.791842
0.056110
0.645331
0.999618
1.163578
1.194297
1.150450
1.081990
1.025121
1.003070
0.991731
0.945580
0.810278
0.528069
0.046662
-0.671345
-1.641724
-2.856267
-4.284837
-5.852707
-7.422751
-8.903177
-10.253049
-11.453392
-12.501028
-13.402856
-14.171374
-14.821544
-15.368775
-15.827742
-16.211780
-16.532642
-16.602186
-16.721145
-16.415574
-16.050562
-15.615118
-15.096686
-14.481256
-13.753744
-12.898820
-11.902398
-10.754058
-9.450686
-8.001483
-6.434086
-4.814933
-3.271794
-1.919411
-0.801545
0.056850
0.654511
1.014985
1.182898
1.215626
1.172331
1.103521
1.045881
1.023031
1.010594
0.962467
0.823732
0.536187
0.047326
-0.680197
-1.661841
-2.888891
-4.330604
-5.911361
-7.493014
-8.983390
-10.341590
-11.548791
-12.602019
-13.508381
-14.280565
-14.933696
-15.483320
-15.944225
-16.329836
-16.651978
-16.721145
-16.840077
-16.533195
-16.166585
-15.729191
-15.208375
-14.590025
-13.858934
-12.999627
-11.997843
-10.842971
-9.531697
-8.073044
-6.494548
-4.862841
-3.306493
-1.941182
-0.811299
0.057594
0.663760
1.030485
1.202411
1.237196
1.194485
1.125338
1.066924
1.043257
1.029691
0.979545
0.837320
0.544375
0.047995
-0.689105
-1.682064
-2.921658
-4.376532
-5.970178
-7.563426
-9.063733
-10.430238
-11.644275
-12.703075
-13.613952
-14.389785
-15.045863
-15.597870
-16.060703
-16.447878
-16.771292
-16.840077
-16.958982
-16.650794
-16.282594
-15.843257
-15.320066
-14.698807
-13.964152
-13.100476
-12.093347
-10.931961
-9.612804
-8.144719
-6.555136
-4.910879
-3.341313
-1.963047
-0.821105
0.058343
0.673078
1.046120
1.222117
1.259005
1.216911
1.147443
1.088252
1.063749
1.049023
0.996812
0.851043
0.552634
0.048669
-0.698069
-1.702395
-2.954567
-4.422621
-6.029155
-7.633986
-9.144204
-10.518991
-11.739841
-12.804192
-13.719566
-14.499033
-15.158044
-15.712421
-16.177173
-16.565904
-16.890585
-16.958982
-17.077857
-16.768370
-16.398585
-15.957314
-15.431758
-14.807601
-14.069394
-13.201364
-12.188907
-11.021026
-9.694005
-8.216506
-6.615849
-4.959046
-3.376254
-1.985006
-0.830962
0.059097
0.682465
1.061888
1.242016
1.281055
1.239610
1.169835
1.109864
1.084508
1.068591
1.014271
0.864900
0.560964
0.049348
-0.707090
-1.722832
-2.987618
-4.468868
-6.088291
-7.704691
-9.224800
-10.607846
-11.835488
-12.905369
-13.825222
-14.608306
-15.270238
-15.826973
-16.293634
-16.683914
-17.009854
-17.077857
-17.196703
-16.885921
-16.514558
-16.071361
-15.543448
-14.916405
-14.174658
-13.302289
-12.284521
-11.110163
-9.775297
-8.288402
-6.676686
-5.007341
-3.411313
-2.007058
-0.840870
0.059856
0.691919
1.077790
1.262108
1.303347
1.262583
1.192517
1.131764
1.105536
1.088394
1.031920
0.878891
0.569365
0.050031
-0.716166
-1.743374
-3.020809
-4.515273
-6.147583
-7.775540
-9.305519
-10.696802
-11.931212
-13.006603
-13.930917
-14.717602
-15.382441
-15.941524
-16.410085
-16.801905
-17.129097
-17.196703
-17.315516
-17.003445
-16.630511
-16.185396
-15.655135
-15.025216
-14.279943
-13.403250
-12.380187
-11.199371
-9.856679
-8.360406
-6.737643
-5.055762
-3.446490
-2.029203
-0.850829
0.060619
0.701443
1.093825
1.282394
1.325880
1.285830
1.215489
1.153951
1.126832
1.108434
1.049760
0.893017
0.577836
0.050720
-0.725298
-1.764022
-3.054139
-4.561834
-6.207030
-7.846530
-9.386359
-10.785855
-12.027013
-13.107893
-14.036649
-14.826920
-15.494652
-16.056072
-16.526522
-16.919875
-17.248314
-17.315516
-17.434296
-17.120941
-16.746442
-16.299416
-15.766818
-15.134034
-14.385247
-13.504244
-12.475904
-11.288647
-9.938149
-8.432515
-6.798719
-5.104308
-3.481783
-2.051440
-0.860839
0.061387
0.711034
1.109994
1.302872
1.348655
1.309353
1.238753
1.176426
1.148399
1.128712
1.067792
0.907278
0.586377
0.051413
-0.734486
-1.784775
-3.087607
-4.608549
-6.266631
-7.917658
-9.467317
-10.875005
-12.122886
-13.209236
-14.142416
-14.936258
-15.606869
-16.170614
-16.642946
-17.037824
-17.367502
-17.434296
-17.553040
-17.238407
-16.862350
-16.413421
-15.878494
-15.242856
-14.490568
-13.605270
-12.571668
-11.377989
-10.019703
-8.504728
-6.859913
-5.152977
-3.517192
-2.073768
-0.870898
0.062160
0.720693
1.126296
1.323544
1.371673
1.333151
1.262308
1.199191
1.170236
1.149227
1.086016
0.921673
0.594989
0.052112
-0.743729
-1.805631
-3.121213
-4.655416
-6.326382
-7.988923
-9.548391
-10.964248
-12.218831
-13.310629
-14.248215
-15.045612
-15.719091
-16.285151
-16.759354
-17.155749
-17.486660
-17.553040
-17.671748
-17.355842
-16.978234
-16.527409
-15.990162
-15.351681
-14.595904
-13.706325
-12.667479
-11.467396
-10.101341
-8.577041
-6.921222
-5.201767
-3.552715
-2.096186
-0.881008
0.062937
0.730421
1.142731
1.344410
1.394933
1.357227
1.286156
1.222246
1.192345
1.169981
1.104432
0.936203
0.603671
0.052815
-0.753026
-1.826591
-3.154954
-4.702435
-6.386282
-8.060323
-9.629579
-11.053581
-12.314845
-13.412071
-14.354046
-15.154983
-15.831316
-16.399679
-16.875744
-17.273648
-17.605786
-17.671748
-17.790419
-17.473245
-17.094091
-16.641378
-16.101820
-15.460506
-14.701253
-13.807408
-12.763334
-11.556865
-10.183060
-8.649455
-6.982645
-5.250677
-3.588351
-2.118694
-0.891167
0.063718
0.740215
1.159299
1.365469
1.418436
1.381579
1.310298
1.245593
1.214726
1.190974
1.123041
0.950868
0.612424
0.053523
-0.762379
-1.847654
-3.188831
-4.749604
-6.446329
-8.131855
-9.710878
-11.143004
-12.410926
-13.513560
-14.459906
-15.264367
-15.943541
-16.514196
-16.992115
-17.391521
-17.724880
-17.790419
-17.909050
-17.590613
-17.209920
-16.755327
-16.213467
-15.569330
-14.806613
-13.908517
-12.859230
-11.646394
-10.264859
-8.721965
-7.044180
-5.299705
-3.624099
-2.141291
-0.901375
0.064505
0.750078
1.176000
1.386721
1.442182
1.406209
1.334734
1.269232
1.237380
1.212206
1.141842
0.965667
0.621246
0.054237
-0.771786
-1.868819
-3.222841
-4.796921
-6.506522
-8.203517
-9.792287
-11.232513
-12.507071
-13.615094
-14.565793
-15.373763
-16.055766
-16.628702
-17.108465
-17.509366
-17.843938
-17.909050
-18.027640
-17.707946
-17.325720
-16.869253
-16.325101
-15.678152
-14.911983
-14.009649
-12.955167
-11.735981
-10.346734
-8.794571
-7.105825
-5.348850
-3.659958
-2.163976
-0.911632
0.065295
0.760007
1.192833
1.408166
1.466172
1.431118
1.359466
1.293164
1.260307
1.233678
1.160836
0.980601
0.630139
0.054955
-0.781247
-1.890085
-3.256985
-4.844384
-6.566858
-8.275307
-9.873803
-11.322107
-12.603279
-13.716670
-14.671705
-15.483170
-16.167987
-16.743195
-17.224793
-17.627181
-17.962961
-18.027640
-18.146188
-17.825242
-17.441489
-16.983157
-16.436720
-15.786970
-15.017361
-14.110804
-13.051142
-11.825624
-10.428684
-8.867270
-7.167577
-5.398110
-3.695926
-2.186749
-0.921938
0.066091
0.770004
1.209799
1.429805
1.490405
1.456306
1.384494
1.317391
1.283510
1.255391
1.180022
0.995670
0.639101
0.055677
-0.790763
-1.911453
-3.291260
-4.891992
-6.627335
-8.347223
-9.955423
-11.411783
-12.699547
-13.818286
-14.777640
-15.592584
-16.280205
-16.857673
-17.341098
-17.744964
-18.081946
-18.146188
-18.264693
-17.942500
-17.557226
-17.097035
-16.548322
-15.895781
-15.122745
-14.211978
-13.147153
-11.915322
-10.510708
-8.940061
-7.229436
-5.447483
-3.732003
-2.209609
-0.932293
0.066891
0.780068
1.226897
1.451638
1.514882
1.481772
1.409819
1.341912
1.306988
1.277344
1.199402
1.010873
0.648134
0.056405
-0.800332
-1.932921
-3.325666
-4.939744
-6.687952
-8.419263
-10.037146
-11.501538
-12.795873
-13.919941
-14.883596
-15.702005
-16.392416
-16.972134
-17.457376
-17.862715
-18.200893
-18.264693
-18.383153
-18.059718
-17.672930
-17.210888
-16.659907
-16.004585
-15.228134
-14.313172
-13.243199
-12.005071
-10.592802
-9.012941
-7.291400
-5.496969
-3.768187
-2.232555
-0.942696
0.067695
0.790198
1.244127
1.473663
1.539604
1.507519
1.435441
1.366728
1.330741
1.299539
1.218975
1.026211
0.657236
0.057138
-0.809955
-1.954489
-3.360202
-4.987638
-6.748706
-8.491425
-10.118970
-11.591372
-12.892255
-14.021632
-14.989571
-15.811430
-16.504619
-17.086576
-17.573628
-17.980432
-18.319799
-18.383153
-18.501567
-18.176895
-17.788598
-17.324712
-16.771473
-16.113379
-15.333525
-14.414381
-13.339277
-12.094871
-10.674965
-9.085908
-7.353466
-5.546565
-3.804477
-2.255586
-0.953146
0.068504
0.800395
1.261489
1.495882
1.564570
1.533546
1.461362
1.391841
1.354771
1.321975
1.238742
1.041684
0.666407
0.057875
-0.819631
-1.976155
-3.394866
-5.035673
-6.809596
-8.563706
-10.200891
-11.681280
-12.988691
-14.123358
-15.095563
-15.920858
-16.616812
-17.200999
-17.689851
-18.098113
-18.438664
-18.501567
-18.619934
-18.294030
-17.904230
-17.438506
-16.883017
-16.222163
-15.438917
-14.515606
-13.435386
-12.184719
-10.757196
-9.158961
-7.415633
-5.596270
-3.840873
-2.278702
-0.963644
0.069317
0.810658
1.278982
1.518294
1.589780
1.559854
1.487582
1.417251
1.379079
1.344654
1.258702
1.057291
0.675649
0.058617
-0.829361
-1.997921
-3.429657
-5.083846
-6.870619
-8.636104
-10.282909
-11.771263
-13.085179
-14.225116
-15.201571
-16.030287
-16.728995
-17.315401
-17.806044
-18.215756
-18.557485
-18.619934
-18.738252
-18.411121
-18.019824
-17.552270
-16.994540
-16.330934
-15.544308
-14.616843
-13.531523
-12.274614
-10.839491
-9.232097
-7.477899
-5.646082
-3.877371
-2.301901
-0.974189
0.070134
0.820988
1.296607
1.540899
1.615235
1.586444
1.514101
1.442959
1.403664
1.367575
1.278856
1.073032
0.684959
0.059364
-0.839143
-2.019784
-3.464575
-5.132156
-6.931775
-8.708618
-10.365020
-11.861316
-13.181717
-14.326904
-15.307593
-16.139715
-16.841164
-17.429779
-17.922206
-18.333362
-18.676262
-18.738252
-18.856520
-18.528167
-18.135378
-17.666002
-17.106038
-16.439691
-15.649697
-14.718092
-13.627688
-12.364552
-10.921850
-9.305315
-7.540262
-5.696001
-3.913973
-2.325184
-0.984781
0.070956
0.831383
1.314363
1.563697
1.640935
1.613314
1.540921
1.468965
1.428527
1.390738
1.299204
1.088908
0.694339
0.060116
-0.848978
-2.041744
-3.499618
-5.180603
-6.993060
-8.781245
-10.447223
-11.951439
-13.278302
-14.428721
-15.413626
-16.249141
-16.953320
-17.544133
-18.038335
-18.450927
-18.794994
-18.856520
-18.974736
-18.645166
-18.250893
-17.779700
-17.217511
-16.548433
-15.755082
-14.819350
-13.723877
-12.454534
-11.004270
-9.378613
-7.602721
-5.746023
-3.950675
-2.348550
-0.995419
0.071783
0.841844
1.332250
1.586688
1.666879
1.640467
1.568041
1.495271
1.453669
1.414145
1.319745
1.104918
0.703788
0.060872
-0.858865
-2.063801
-3.534785
-5.229183
-7.054473
-8.853983
-10.529516
-12.041628
-13.374933
-14.530565
-15.519670
-16.358562
-17.065459
-17.658460
-18.154429
-18.568451
-18.913678
-18.974736
-19.092901
-18.762118
-18.366365
-17.893363
-17.328957
-16.657157
-15.860461
-14.920616
-13.820090
-12.544556
-11.086749
-9.451989
-7.665273
-5.796148
-3.987478
-2.371997
-1.006104
0.072613
0.852370
1.350267
1.609871
1.693069
1.667902
1.595463
1.521876
1.479091
1.437795
1.340480
1.121062
0.713306
0.061633
-0.868805
-2.085953
-3.570075
-5.277896
-7.116013
-8.926830
-10.611896
-12.131883
-13.471608
-14.632433
-15.625722
-16.467978
-17.177580
-17.772761
-18.270487
-18.685932
-19.032314
-19.092901
-19.211011
-18.879020
-18.481794
-18.006990
-17.440374
-16.765863
-15.965833
-15.021888
-13.916325
-12.634617
-11.169286
-9.525440
-7.727917
-5.846374
-4.024380
-2.395524
-1.016835
0.073448
0.862962
1.368415
1.633247
1.719503
1.695620
1.623187
1.548782
1.504793
1.461689
1.361410
1.137340
0.722893
0.062399
-0.878796
-2.108201
-3.605486
-5.326740
-7.177676
-8.999784
-10.694361
-12.222200
-13.568324
-14.734324
-15.731780
-16.577386
-17.289682
-17.887032
-18.386509
-18.803370
-19.150900
-19.211011
-19.329067
-18.995873
-18.597178
-18.120578
-17.551762
-16.874549
-16.071197
-15.123165
-14.012579
-12.724714
-11.251878
-9.598966
-7.790651
-5.896700
-4.061379
-2.419132
-1.027611
0.074288
0.873618
1.386692
1.656815
1.746182
1.723621
1.651213
1.575989
1.530775
1.485827
1.382533
1.153752
0.732549
0.063170
-0.888838
-2.130543
-3.641019
-5.375713
-7.239462
-9.072843
-10.776910
-12.312578
-13.665080
-14.836236
-15.837842
-16.686786
-17.401763
-18.001272
-18.502491
-18.920762
-19.269435
-19.329067
-19.447066
-19.112674
-18.712516
-18.234128
-17.663119
-16.983213
-16.176550
-15.224445
-14.108851
-12.814847
-11.334524
-9.672564
-7.853474
-5.947124
-4.098476
-2.442820
-1.038432
0.075131
0.884340
1.405100
1.680575
1.773106
1.751904
1.679542
1.603497
1.557037
1.510208
1.403850
1.170297
0.742273
0.063945
-0.898932
-2.152979
-3.676670
-5.424814
-7.301368
-9.146005
-10.859539
-12.403015
-13.761874
-14.938167
-15.943908
-16.796174
-17.513822
-18.115481
-18.618434
-19.038107
-19.387918
-19.447066
-19.565008
-19.229422
-18.827808
-18.347637
-17.774443
-17.091854
-16.281891
-15.325725
-14.205139
-12.905014
-11.417222
-9.746232
-7.916382
-5.997644
-4.135667
-2.466586
-1.049298
0.075979
0.895126
1.423637
1.704526
1.800275
1.780472
1.708174
1.631307
1.583581
1.534834
1.425361
1.186977
0.752065
0.064725
-0.909077
-2.175508
-3.712440
-5.474041
-7.363392
-9.219267
-10.942247
-12.493508
-13.858704
-15.040115
-16.049975
-16.905550
-17.625857
-18.229656
-18.734336
-19.155404
-19.506348
-19.565008
-19.682892
-19.346117
-18.943051
-18.461104
-17.885733
-17.200470
-16.387218
-15.427005
-14.301442
-12.995211
-11.499969
-9.819968
-7.979376
-6.048260
-4.172952
-2.490429
-1.060209
0.076831
0.905976
1.442302
1.728670
1.827690
1.809323
1.737111
1.659420
1.610407
1.559705
1.447066
1.203789
0.761926
0.065509
-0.919273
-2.198129
-3.748327
-5.523393
-7.425533
-9.292628
-11.025033
-12.584056
-13.955567
-15.142079
-16.156041
-17.014912
-17.737867
-18.343797
-18.850194
-19.272652
-19.624723
-19.682892
-19.800716
-19.462756
-19.058244
-18.574528
-17.996988
-17.309060
-16.492530
-15.528283
-14.397758
-13.085439
-11.582765
-9.893772
-8.042453
-6.098968
-4.210331
-2.514350
-1.071164
0.077688
0.916890
1.461097
1.753004
1.855348
1.838457
1.766351
1.687836
1.637514
1.584820
1.468965
1.220735
0.771855
0.066298
-0.929519
-2.220842
-3.784330
-5.572867
-7.487789
-9.366086
-11.107893
-12.674657
-14.052463
-15.244056
-16.262105
-17.124258
-17.849850
-18.457901
-18.966009
-19.389850
-19.743042
-19.800716
-19.918479
-19.579339
-19.173387
-18.687908
-18.108207
-17.417623
-16.597826
-15.629558
-14.494085
-13.175695
-11.665607
-9.967640
-8.105610
-6.149769
-4.247801
-2.538347
-1.082163
0.078548
0.927867
1.480020
1.777530
1.883252
1.867876
1.795896
1.716556
1.664904
1.610180
1.491058
1.237814
0.781851
0.067092
-0.939815
-2.243645
-3.820447
-5.622464
-7.550157
-9.439639
-11.190825
-12.765308
-14.149388
-15.346045
-16.368166
-17.233587
-17.961805
-18.571968
-19.081778
-19.506996
-19.861304
-19.918479
-20.036180
-19.695865
-19.288477
-18.801242
-18.219387
-17.526157
-16.703104
-15.730827
-14.590422
-13.265976
-11.748493
-10.041571
-8.168848
-6.200659
-4.285362
-2.562419
-1.093205
0.079413
0.938909
1.499071
1.802247
1.911401
1.897579
1.825745
1.745579
1.692577
1.635785
1.513344
1.255026
0.791915
0.067891
-0.950161
-2.266539
-3.856678
-5.672180
-7.612637
-9.513284
-11.273829
-12.856008
-14.246342
-15.448044
-16.474220
-17.342898
-18.073730
-18.685995
-19.197501
-19.624089
-19.979508
-20.036180
-20.153819
-19.812332
-19.403514
-18.914529
-18.330528
-17.634661
-16.808363
-15.832089
-14.686766
-13.356283
-11.831422
-10.115563
-8.232163
-6.251639
-4.323012
-2.586566
-1.104290
0.080282
0.950013
1.518250
1.827154
1.939794
1.927566
1.855900
1.774907
1.720532
1.661635
1.535824
1.272370
0.802047
0.068694
-0.960556
-2.289522
-3.893022
-5.722014
-7.675225
-9.587019
-11.356901
-12.946755
-14.343322
-15.550052
-16.580268
-17.452188
-18.185624
-18.799983
-19.313176
-19.741128
-20.097652
-20.153819
-20.271393
-19.928739
-19.518497
-19.027768
-18.441629
-17.743133
-16.913600
-15.933343
-14.783117
-13.446612
-11.914392
-10.189615
-8.295554
-6.302706
-4.360750
-2.610787
-1.115418
0.081155
0.961180
1.537556
1.852251
1.968431
1.957837
1.886361
1.804539
1.748771
1.687731
1.558498
1.289847
0.812246
0.069501
-0.971001
-2.312594
-3.929476
-5.771965
-7.737921
-9.660843
-11.440040
-13.037546
-14.440327
-15.652066
-16.686307
-17.561457
-18.297485
-18.913928
-19.428802
-19.858111
-20.215736
-20.271393
-20.388902
-20.045086
-19.633424
-19.140958
-18.552687
-17.851573
-17.018816
-16.034588
-14.879472
-13.536962
-11.997401
-10.263724
-8.359020
-6.353858
-4.398575
-2.635081
-1.126589
0.082032
0.972410
1.556989
1.877538
1.997313
1.988393
1.917127
1.834476
1.777293
1.714071
1.581365
1.307456
0.822512
0.070313
-0.981494
-2.335754
-3.966041
-5.822030
-7.800721
-9.734754
-11.523244
-13.128380
-14.537354
-15.754085
-16.792336
-17.670702
-18.409312
-19.027831
-19.544377
-19.975038
-20.333758
-20.388902
-20.506345
-20.161371
-19.748294
-19.254097
-18.663703
-17.959978
-17.124007
-16.135820
-14.975831
-13.627332
-12.080447
-10.337889
-8.422558
-6.405095
-4.436485
-2.659447
-1.137802
0.082913
0.983702
1.576549
1.903014
2.026439
2.019234
1.948199
1.864719
1.806099
1.740656
1.604425
1.325197
0.832844
0.071130
-0.992036
-2.359002
-4.002714
-5.872209
-7.863625
-9.808750
-11.606510
-13.219256
-14.634402
-15.856108
-16.898353
-17.779923
-18.521104
-19.141690
-19.659901
-20.091907
-20.451718
-20.506345
-20.623720
-20.277592
-19.863107
-19.367185
-18.774674
-18.068347
-17.229174
-16.237040
-15.072191
-13.717719
-12.163530
-10.412108
-8.486167
-6.456415
-4.474480
-2.683884
-1.149056
0.083798
0.995056
1.596234
1.928679
2.055808
2.050359
1.979578
1.895267
1.835189
1.767487
1.627678
1.343069
0.843244
0.071951
-1.002626
-2.382335
-4.039495
-5.922500
-7.926631
-9.882828
-11.689837
-13.310170
-14.731469
-15.958132
-17.004356
-17.889117
-18.632860
-19.255503
-19.775372
-20.208717
-20.569613
-20.623720
-20.741028
-20.393750
-19.977860
-19.480220
-18.885599
-18.176680
-17.334313
-16.338246
-15.168550
-13.808123
-12.246646
-10.486380
-8.549846
-6.507815
-4.512559
-2.708392
-1.160352
0.084687
1.006472
1.616046
1.954534
2.085422
2.081768
2.011263
1.926121
1.864563
1.794563
1.651124
1.361073
0.853709
0.072776
-1.013265
-2.405754
-4.076382
-5.972902
-7.989736
-9.956987
-11.773223
-13.401121
-14.828554
-16.060155
-17.110344
-17.998285
-18.744577
-19.369270
-19.890789
-20.325467
-20.687444
-20.741028
-20.858265
-20.509843
-20.092554
-19.593200
-18.996478
-18.284974
-17.439425
-16.439436
-15.264909
-13.898541
-12.329794
-10.560702
-8.613592
-6.559296
-4.550719
-2.732970
-1.171688
0.085580
1.017950
1.635982
1.980576
2.115278
2.113462
2.043254
1.957281
1.894221
1.821885
1.674763
1.379209
0.864241
0.073606
-1.023950
-2.429259
-4.113374
-6.023411
-8.052940
-10.031224
-11.856666
-13.492108
-14.925654
-16.162177
-17.216316
-18.107423
-18.856255
-19.482988
-20.006151
-20.442156
-20.805208
-20.858265
-20.975433
-20.625869
-20.207186
-19.706125
-19.107309
-18.393229
-17.544508
-16.540609
-15.361264
-13.988972
-12.412973
-10.635074
-8.677404
-6.610854
-4.588960
-2.757617
-1.183065
0.086477
1.029488
1.656044
2.006807
2.145378
2.145440
2.075552
1.988747
1.924163
1.849451
1.698595
1.397475
0.874839
0.074440
-1.034683
-2.452847
-4.150470
-6.074028
-8.116239
-10.105539
-11.940164
-13.583128
-15.022768
-16.264196
-17.322270
-18.216530
-18.967892
-19.596657
-20.121456
-20.558783
-20.922905
-20.975433
-21.092529
-20.741828
-20.321756
-19.818994
-19.218090
-18.501443
-17.649560
-16.641763
-15.457614
-14.079414
-12.496181
-10.709492
-8.741280
-6.662490
-4.627281
-2.782333
-1.194483
0.087378
1.041087
1.676230
2.033225
2.175721
2.177702
2.108157
2.020520
1.954390
1.877263
1.722619
1.415871
0.885503
0.075279
-1.045463
-2.476519
-4.187669
-6.124750
-8.179632
-10.179928
-12.023715
-13.674180
-15.119894
-16.366210
-17.428204
-18.325607
-19.079487
-19.710276
-20.236704
-20.675347
-21.040534
-21.092529
-21.209553
-20.857719
-20.436262
-19.931806
-19.328821
-18.609615
-17.754580
-16.742897
-15.553958
-14.169866
-12.579416
-10.783956
-8.805220
-6.714200
-4.665680
-2.807115
-1.205940
0.088283
1.052747
1.696540
2.059830
2.206307
2.210249
2.141069
2.052599
1.984901
1.905319
1.746835
1.434398
0.896232
0.076122
-1.056290
-2.500273
-4.224969
-6.175576
-8.243118
-10.254390
-12.107317
-13.765261
-15.217030
-16.468217
-17.534118
-18.434649
-19.191039
-19.823843
-20.351893
-20.791846
-21.158094
-21.209553
-21.326503
-20.973540
-20.550705
-20.044559
-19.439501
-18.717745
-17.859567
-16.844009
-15.650294
-14.260326
-12.662677
-10.858464
-8.869220
-6.765984
-4.704157
-2.831964
-1.217437
0.089192
1.064467
1.716973
2.086621
2.237134
2.243080
2.174288
2.084986
2.015697
1.933621
1.771242
1.453055
0.907026
0.076970
-1.067163
-2.524110
-4.262369
-6.226504
-8.306694
-10.328923
-12.190968
-13.856371
-15.314175
-16.570216
-17.640009
-18.543658
-19.302546
-19.937357
-20.467022
-20.908279
-21.275583
-21.326503
-21.443379
-21.089291
-20.665081
-20.157252
-19.550127
-18.825829
-17.964520
-16.945099
-15.746622
-14.350793
-12.745961
-10.933015
-8.933279
-6.817840
-4.742709
-2.856879
-1.228973
0.090105
1.076246
1.737529
2.113599
2.268204
2.276195
2.207814
2.117679
2.046777
1.962167
1.795842
1.471841
0.917886
0.077821
-1.078082
-2.548027
-4.299868
-6.277533
-8.370358
-10.403526
-12.274667
-13.947507
-15.411327
-16.672206
-17.745876
-18.652630
-19.414008
-20.050817
-20.582091
-21.024646
-21.393001
-21.443379
-21.560180
-21.204971
-20.779392
-20.269885
-19.660700
-18.933868
-18.069437
-17.046165
-15.842939
-14.441265
-12.829268
-11.007606
-8.997396
-6.869767
-4.781337
-2.881859
-1.240547
0.091021
1.088085
1.758208
2.140762
2.299515
2.309593
2.241646
2.150678
2.078142
1.990958
1.820632
1.490757
0.928810
0.078677
-1.089046
-2.572024
-4.337465
-6.328661
-8.434110
-10.478196
-12.358411
-14.038667
-15.508485
-16.774184
-17.851717
-18.761566
-19.525422
-20.164221
-20.697097
-21.140945
-21.510347
-21.560180
-21.676905
-21.320579
-20.893634
-20.382456
-19.771218
-19.041861
-18.174316
-17.147205
-15.939244
-14.531740
-12.912596
-11.082235
-9.061570
-6.921764
-4.820038
-2.906903
-1.252160
0.091941
1.099984
1.779009
2.168111
2.331067
2.343276
2.275786
2.183985
2.109791
2.019993
1.845613
1.509802
0.939798
0.079538
-1.100056
-2.596101
-4.375159
-6.379886
-8.497947
-10.552931
-12.442199
-14.129850
-15.605646
-16.876150
-17.957532
-18.870463
-19.636789
-20.277570
-20.812041
-21.257176
-21.627620
-21.676905
-21.793553
-21.436114
-21.007809
-20.494964
-19.881680
-19.149805
-18.279158
-17.248218
-16.035535
-14.622217
-12.995943
-11.156902
-9.125798
-6.973828
-4.858811
-2.932010
-1.263811
0.092865
1.111941
1.799931
2.195644
2.362860
2.377241
2.310232
2.217599
2.141725
2.049272
1.870785
1.528975
0.950851
0.080402
-1.111111
-2.620257
-4.412948
-6.431207
-8.561867
-10.627729
-12.526029
-14.221054
-15.702810
-16.978101
-18.063319
-18.979320
-19.748106
-20.390861
-20.926920
-21.373337
-21.744818
-21.793553
-21.910122
-21.551574
-21.121914
-20.607408
-19.992085
-19.257700
-18.383960
-17.349203
-16.131812
-14.712695
-13.079308
-11.231605
-9.190079
-7.025959
-4.897655
-2.957180
-1.275500
0.093793
1.123956
1.820975
2.223361
2.394894
2.411490
2.344985
2.251520
2.173944
2.078796
1.896148
1.548276
0.961968
0.081271
-1.122210
-2.644491
-4.450830
-6.482622
-8.625868
-10.702590
-12.609899
-14.312277
-15.799974
-17.080037
-18.169077
-19.088136
-19.859372
-20.504093
-21.041734
-21.489427
-21.861941
-21.910122
