-0.219939
-0.215129
-0.209613
-0.203329
-0.196220
-0.188234
-0.179317
-0.169408
-0.158424
-0.146244
-0.132696
-0.117558
-0.100573
-0.081735
-0.061679
-0.040959
-0.019752
0.001651
0.022828
0.043212
0.062054
0.078376
0.090919
0.098073
0.098073
0.090919
0.078376
0.062054
0.043212
0.022828
0.001651
-0.019750
-0.040951
-0.061647
-0.081639
-0.100347
-0.117125
-0.131984
-0.145205
-0.157052
-0.167737
-0.177414
-0.186185
-0.194115
-0.201246
-0.207615
-0.213260
-0.218227
-0.219939
-0.393962
-0.384634
-0.373845
-0.361455
-0.347343
-0.331424
-0.313651
-0.294019
-0.272547
-0.249245
-0.224059
-0.196817
-0.167202
-0.135186
-0.101685
-0.067411
-0.032482
0.002714
0.037524
0.071030
0.101999
0.128828
0.149446
0.161204
0.161204
0.149446
0.128828
0.101999
0.071029
0.037523
0.002713
-0.032469
-0.067344
-0.101460
-0.134592
-0.165969
-0.194720
-0.220969
-0.245180
-0.267664
-0.288567
-0.307913
-0.325665
-0.341779
-0.356239
-0.369073
-0.380350
-0.390174
-0.393962
-0.553959
-0.540368
-0.524594
-0.506413
-0.485629
-0.462100
-0.435761
-0.406637
-0.374845
-0.340551
-0.303906
-0.264938
-0.223461
-0.179572
-0.134472
-0.088906
-0.042776
0.003571
0.049369
0.093440
0.134177
0.169469
0.196590
0.212058
0.212058
0.196590
0.169468
0.134176
0.093437
0.049362
0.003570
-0.042730
-0.088688
-0.133812
-0.177990
-0.220463
-0.260238
-0.297450
-0.332554
-0.365718
-0.396878
-0.425854
-0.452452
-0.476538
-0.498066
-0.517086
-0.533722
-0.548150
-0.553959
-0.707214
-0.689578
-0.669071
-0.645383
-0.618238
-0.587429
-0.552853
-0.514543
-0.472678
-0.427562
-0.379546
-0.328900
-0.275667
-0.220202
-0.164087
-0.108119
-0.051913
0.004329
0.059816
0.113190
0.162526
0.205270
0.238120
0.256855
0.256855
0.238120
0.205269
0.162522
0.113178
0.059795
0.004325
-0.051799
-0.107631
-0.162729
-0.217189
-0.270345
-0.321036
-0.369261
-0.415325
-0.459159
-0.500462
-0.538859
-0.574029
-0.605782
-0.634071
-0.658985
-0.680713
-0.699509
-0.707214
-0.856815
-0.835308
-0.810267
-0.781294
-0.748031
-0.710200
-0.667648
-0.620395
-0.568662
-0.512860
-0.453523
-0.391171
-0.326117
-0.259066
-0.192085
-0.126086
-0.060384
0.005028
0.069416
0.131312
0.188521
0.238092
0.276192
0.297922
0.297922
0.276192
0.238088
0.188508
0.131280
0.069368
0.005019
-0.060160
-0.125195
-0.189771
-0.254247
-0.318059
-0.379789
-0.439173
-0.496276
-0.550761
-0.602088
-0.649713
-0.693221
-0.732389
-0.767189
-0.797761
-0.824365
-0.847338
-0.856815
-1.004312
-0.979069
-0.949645
-0.915556
-0.876359
-0.831698
-0.781361
-0.725342
-0.663883
-0.597482
-0.526840
-0.452716
-0.375725
-0.296978
-0.219117
-0.143250
-0.068402
0.005685
0.078398
0.148223
0.212754
0.268677
0.311666
0.336185
0.336184
0.311664
0.268668
0.212724
0.148155
0.078302
0.005669
-0.068017
-0.141817
-0.215604
-0.290027
-0.364604
-0.437562
-0.508272
-0.576504
-0.641637
-0.702906
-0.759620
-0.811290
-0.857683
-0.898804
-0.934853
-0.966168
-0.993169
-1.004312
-1.150563
-1.121690
-1.088002
-1.048929
-1.003938
-0.952591
-0.894610
-0.829950
-0.758860
-0.681910
-0.599949
-0.513974
-0.424911
-0.334325
-0.245506
-0.159834
-0.076071
0.006308
0.086870
0.164122
0.235499
0.297364
0.344929
0.372062
0.372061
0.344924
0.297342
0.235437
0.163994
0.086701
0.006281
-0.075472
-0.157718
-0.240564
-0.324956
-0.410455
-0.494843
-0.577047
-0.656505
-0.732304
-0.803466
-0.869171
-0.928877
-0.982353
-1.029649
-1.071037
-1.106933
-1.137843
-1.150563
-1.296080
-1.263663
-1.225807
-1.181853
-1.131177
-1.073256
-1.007736
-0.934528
-0.853873
-0.766399
-0.673090
-0.575177
-0.473905
-0.371325
-0.271441
-0.175974
-0.083460
0.006902
0.094903
0.179128
0.256912
0.324341
0.376199
0.405784
0.405782
0.376187
0.324298
0.256796
0.178905
0.094628
0.006862
-0.082589
-0.173037
-0.264858
-0.359284
-0.455881
-0.551901
-0.645760
-0.736541
-0.823036
-0.904064
-0.978691
-1.046337
-1.106788
-1.160148
-1.206762
-1.247136
-1.281861
-1.296080
-1.441185
-1.405295
-1.363350
-1.314599
-1.258328
-1.193921
-1.120947
-1.039259
-0.949085
-0.851096
-0.746405
-0.636467
-0.522854
-0.408126
-0.297055
-0.191770
-0.090618
0.007473
0.102547
0.193327
0.277108
0.349745
0.405625
0.437513
0.437509
0.405601
0.349664
0.276909
0.192969
0.102129
0.007415
-0.089416
-0.187878
-0.288632
-0.393188
-0.501062
-0.608905
-0.714571
-0.816768
-0.913993
-1.004872
-1.088371
-1.163884
-1.231223
-1.290555
-1.342306
-1.387071
-1.425532
-1.441185
-1.586088
-1.546785
-1.500817
-1.447343
-1.385551
-1.314732
-1.234371
-1.144259
-1.044599
-0.936099
-0.819987
-0.697939
-0.571858
-0.444835
-0.322450
-0.207301
-0.097586
0.008023
0.109846
0.206797
0.296185
0.373687
0.433331
0.467377
0.467368
0.433287
0.373548
0.295865
0.206253
0.109244
0.007943
-0.095995
-0.202325
-0.312007
-0.426800
-0.546130
-0.665975
-0.783587
-0.897286
-1.005277
-1.106001
-1.198333
-1.281652
-1.355808
-1.421035
-1.477847
-1.526931
-1.569061
-1.586088
-1.730931
-1.688269
-1.638336
-1.580198
-1.512949
-1.435781
-1.348092
-1.249601
-1.140483
-1.021469
-0.893900
-0.759664
-0.620996
-0.481535
-0.347707
-0.222632
-0.104400
0.008555
0.116842
0.219606
0.314231
0.396269
0.459428
0.495492
0.495476
0.459352
0.396045
0.313744
0.218820
0.116011
0.008448
-0.102362
-0.216452
-0.335081
-0.460230
-0.591187
-0.723200
-0.852887
-0.978167
-1.096957
-1.207520
-1.308654
-1.399729
-1.480640
-1.551697
-1.613503
-1.666842
-1.712582
-1.730931
-1.875810
-1.829835
-1.775988
-1.713243
-1.640594
-1.557133
-1.462165
-1.355336
-1.236781
-1.107252
-0.968189
-0.821692
-0.670327
-0.518292
-0.372892
-0.237818
-0.111090
0.009072
0.123572
0.231820
0.331333
0.417587
0.484019
0.521966
0.521939
0.483894
0.417243
0.330623
0.230729
0.122464
0.008935
-0.108549
-0.230322
-0.357938
-0.493567
-0.636314
-0.780650
-0.922526
-1.059459
-1.189078
-1.309479
-1.419385
-1.518172
-1.605783
-1.682610
-1.749352
-1.806890
-1.856187
-1.875810
-2.020792
-1.971547
-1.913833
-1.846530
-1.768531
-1.678828
-1.576627
-1.461496
-1.333524
-1.193476
-1.042887
-0.884061
-0.719896
-0.555159
-0.398062
-0.252907
-0.117683
0.009577
0.130070
0.243502
0.347570
0.437735
0.507203
0.546899
0.546854
0.507008
0.437229
0.346575
0.242036
0.128635
0.009405
-0.114587
-0.243992
-0.380648
-0.526882
-0.681577
-0.838377
-0.992549
-1.141199
-1.281675
-1.411909
-1.530562
-1.637018
-1.731280
-1.813824
-1.885448
-1.947133
-1.999939
-2.020792
-2.165924
-2.113447
-2.051908
-1.980093
-1.896793
-1.800893
-1.691501
-1.568101
-1.430732
-1.280163
-1.118019
-0.946801
-0.769741
-0.592181
-0.423263
-0.267938
-0.124203
0.010071
0.136368
0.254710
0.363020
0.456801
0.529073
0.570386
0.570315
0.528782
0.456081
0.361670
0.252796
0.134556
0.009860
-0.120501
-0.257510
-0.403272
-0.560238
-0.727028
-0.896425
-1.062988
-1.223413
-1.374768
-1.514830
-1.642205
-1.756292
-1.857159
-1.945371
-2.021826
-2.087611
-2.143883
-2.165924
-2.311235
-2.255564
-2.190241
-2.113956
-2.025398
-1.923346
-1.806803
-1.675166
-1.528418
-1.367327
-1.193600
-1.009933
-0.819889
-0.629391
-0.448532
-0.282947
-0.130671
0.010557
0.142495
0.265498
0.377759
0.474869
0.549720
0.592519
0.592412
0.549301
0.473879
0.375976
0.263059
0.140255
0.010303
-0.126316
-0.270920
-0.425862
-0.593685
-0.772712
-0.954827
-1.133868
-1.306119
-1.468373
-1.618258
-1.754329
-1.876011
-1.983437
-2.077270
-2.158511
-2.228350
-2.288046
-2.311235
-2.456749
-2.397916
-2.328847
-2.248133
-2.154359
-2.046195
-1.922540
-1.782696
-1.626588
-1.454976
-1.269643
-1.073475
-0.870362
-0.666817
-0.473901
-0.297962
-0.137104
0.011036
0.148478
0.275919
0.391854
0.492021
0.569229
0.613384
0.613230
0.568644
0.490697
0.389556
0.272874
0.145760
0.010736
-0.132053
-0.284258
-0.448461
-0.627264
-0.818661
-1.013607
-1.205207
-1.389330
-1.562499
-1.722198
-1.866941
-1.996180
-2.110125
-2.209533
-2.295515
-2.369368
-2.432449
-2.456749
-2.602477
-2.540516
-2.467735
-2.382631
-2.283681
-2.169446
-2.038715
-1.890696
-1.725246
-1.543114
-1.346155
-1.137438
-0.921179
-0.704484
-0.499397
-0.313008
-0.143519
0.011511
0.154342
0.286020
0.405374
0.508336
0.587683
0.633064
0.632848
0.586889
0.506605
0.402473
0.282289
0.151096
0.011160
-0.137730
-0.297556
-0.471106
-0.661010
-0.864904
-1.072787
-1.277019
-1.473055
-1.657152
-1.826655
-1.980044
-2.116805
-2.237226
-2.342167
-2.432848
-2.510673
-2.577102
-2.602477
-2.748427
-2.683369
-2.606912
-2.517453
-2.413366
-2.293098
-2.155327
-1.999163
-1.824391
-1.631744
-1.423141
-1.201830
-0.972352
-0.742408
-0.525040
-0.328105
-0.149927
0.011982
0.160108
0.295844
0.418380
0.523887
0.605162
0.651640
0.651345
0.604110
0.521673
0.414785
0.291346
0.156286
0.011577
-0.143364
-0.310843
-0.493828
-0.694952
-0.911464
-1.132383
-1.349313
-1.557298
-1.752331
-1.931628
-2.093637
-2.237885
-2.364742
-2.475174
-2.570512
-2.652271
-2.722013
-2.748427
-2.894602
-2.826478
-2.746376
-2.652600
-2.543413
-2.417150
-2.272375
-2.108094
-1.924021
-1.720865
-1.500602
-1.266657
-1.023891
-0.780604
-0.550849
-0.343271
-0.156341
0.012450
0.165796
0.305433
0.430932
0.538744
0.621742
0.669188
0.668794
0.620378
0.535966
0.426549
0.300087
0.161351
0.011988
-0.148969
-0.324142
-0.516654
-0.729114
-0.958358
-1.192404
-1.422095
-1.642061
-1.848038
-2.037115
-2.207717
-2.359415
-2.492669
-2.608551
-2.708507
-2.794162
-2.867182
-2.894602
-3.041004
-2.969840
-2.886127
-2.788067
-2.673817
-2.541595
-2.389851
-2.217485
-2.024132
-1.810473
-1.578538
-1.331922
-1.075804
-0.819084
-0.576839
-0.358520
-0.162772
0.012917
0.171424
0.314823
0.443083
0.552976
0.637495
0.685780
0.685267
0.635759
0.549545
0.437817
0.308549
0.166312
0.012395
-0.154559
-0.337474
-0.539606
-0.763514
-1.005601
-1.252861
-1.495369
-1.727344
-1.944268
-2.143110
-2.322277
-2.481392
-2.621003
-2.742294
-2.846829
-2.936344
-3.012609
-3.041004
-3.187627
-3.113454
-3.026159
-2.923850
-2.804572
-2.666428
-2.507750
-2.327329
-2.124718
-1.900564
-1.656947
-1.397626
-1.128096
-0.857857
-0.603021
-0.373866
-0.169226
0.013384
0.177007
0.324049
0.454886
0.566646
0.652491
0.701487
0.700831
0.650321
0.562472
0.448640
0.316768
0.171185
0.012799
-0.160145
-0.350855
-0.562702
-0.798169
-1.053203
-1.313759
-1.569136
-1.813145
-2.041017
-2.249608
-2.437312
-2.603806
-2.749736
-2.876398
-2.985473
-3.078813
-3.158291
-3.187627
-3.334470
-3.257313
-3.166468
-3.059941
-2.935671
-2.791641
-2.626063
-2.437618
-2.225771
-1.991133
-1.735826
-1.463769
-1.180769
-0.896930
-0.629405
-0.389318
-0.175712
0.013852
0.182560
0.333140
0.466387
0.579812
0.666796
0.716376
0.715552
0.664124
0.574803
0.459064
0.324777
0.175988
0.013200
-0.165736
-0.364303
-0.585959
-0.833091
-1.101173
-1.375101
-1.643397
-1.899460
-2.138279
-2.356601
-2.552813
-2.726651
-2.878861
-3.010855
-3.124433
-3.221563
-3.304222
-3.334470
-3.481525
-3.401411
-3.307045
-3.196334
-3.067105
-2.917224
-2.744782
-2.548343
-2.327284
-2.082173
-1.815170
-1.530350
-1.233826
-0.936307
-0.655999
-0.404885
-0.182236
0.014320
0.188095
0.342126
0.477631
0.592532
0.680472
0.730512
0.729493
0.677229
0.586593
0.469135
0.332606
0.180735
0.013600
-0.171341
-0.377829
-0.609389
-0.868292
-1.149518
-1.436891
-1.718148
-1.986284
-2.236047
-2.464081
-2.668771
-2.849917
-3.008368
-3.145655
-3.263700
-3.364586
-3.450395
-3.481525
-3.628786
-3.545741
-3.447883
-3.333019
-3.198865
-3.043169
-2.863896
-2.659495
-2.429248
-2.173677
-1.894975
-1.597365
-1.287268
-0.975993
-0.682809
-0.420574
-0.188803
0.014790
0.193624
0.351031
0.488656
0.604858
0.693580
0.743956
0.742715
0.689692
0.597892
0.478894
0.340284
0.185439
0.014000
-0.176968
-0.391444
-0.633003
-0.903778
-1.198241
-1.499127
-1.793387
-2.073612
-2.334314
-2.572039
-2.785175
-2.973594
-3.138247
-3.280790
-3.403266
-3.507874
-3.596804
-3.628786
-3.776245
-3.690294
-3.588972
-3.469986
-3.330942
-3.169465
-2.983396
-2.771064
-2.531654
-2.265638
-1.975235
-1.664812
-1.341092
-1.015990
-0.709841
-0.436392
-0.195418
0.015263
0.199156
0.359879
0.499502
0.616839
0.706176
0.756768
0.755274
0.701570
0.608751
0.488380
0.347837
0.190113
0.014400
-0.182622
-0.405159
-0.656810
-0.939558
-1.247346
-1.561810
-1.869111
-2.161437
-2.433070
-2.680465
-2.902017
-3.097671
-3.268489
-3.416249
-3.543120
-3.651419
-3.743439
-3.776245
-3.923893
-3.835062
-3.730303
-3.607227
-3.463325
-3.296102
-3.103270
-2.883040
-2.634493
-2.358046
-2.055942
-1.732687
-1.395299
-1.056300
-0.737098
-0.452343
-0.202084
0.015738
0.204701
0.368690
0.510201
0.628521
0.718314
0.769004
0.767228
0.712914
0.619214
0.497629
0.355287
0.194768
0.014801
-0.188311
-0.418981
-0.680818
-0.975636
-1.296834
-1.624939
-1.945315
-2.249753
-2.532308
-2.789348
-3.019284
-3.222137
-3.399082
-3.552023
-3.683253
-3.795209
-3.890291
-3.923893
-4.071723
-3.980035
-3.871868
-3.744730
-3.596003
-3.423068
-3.223509
-2.995412
-2.737755
-2.450894
-2.137090
-1.800984
-1.449887
-1.096923
-0.764584
-0.468432
-0.208806
0.016217
0.210265
0.377482
0.520785
0.639947
0.730045
0.780719
0.778629
0.723774
0.629326
0.506676
0.362657
0.199413
0.015204
-0.194038
-0.432917
-0.705033
-1.012016
-1.346707
-1.688510
-2.021993
-2.338551
-2.632017
-2.898680
-3.136966
-3.346982
-3.530015
-3.688099
-3.823655
-3.939237
-4.037352
-4.071723
-4.219724
-4.125204
-4.013655
-3.882486
-3.728967
-3.550353
-3.344101
-3.108169
-2.841429
-2.544173
-2.218672
-1.869698
-1.504851
-1.137858
-0.792299
-0.484662
-0.215585
0.016699
0.215857
0.386273
0.531282
0.651157
0.741416
0.791964
0.789529
0.734199
0.639129
0.515551
0.369967
0.204057
0.015608
-0.199808
-0.446972
-0.729461
-1.048701
-1.396965
-1.752521
-2.099140
-2.427823
-2.732189
-3.008448
-3.255052
-3.472193
-3.661277
-3.824467
-3.964314
-4.083491
-4.184611
-4.219724
-4.367888
-4.270559
-4.155654
-4.020484
-3.862204
-3.677946
-3.465036
-3.221302
-2.945506
-2.637873
-2.300681
-1.938825
-1.560190
-1.179106
-0.820247
-0.501035
-0.222425
0.017185
0.221481
0.395077
0.541719
0.662188
0.752474
0.802788
0.799977
0.744233
0.648661
0.524284
0.377235
0.208707
0.016015
-0.205625
-0.461153
-0.754104
-1.085693
-1.447605
-1.816967
-2.176749
-2.517563
-2.832814
-3.118643
-3.373531
-3.597760
-3.792857
-3.961117
-4.105221
-4.227961
-4.332060
-4.367888
-4.516206
-4.416090
-4.297856
-4.158714
-3.995705
-3.805836
-3.586301
-3.334798
-3.049976
-2.731985
-2.383108
-2.008358
-1.615900
-1.220666
-0.848427
-0.517555
-0.229327
0.017676
0.227144
0.403908
0.552119
0.673073
0.763260
0.813238
0.810019
0.753921
0.657959
0.532903
0.384477
0.213373
0.016424
-0.211492
-0.475463
-0.778967
-1.122993
-1.498628
-1.881846
-2.254815
-2.607760
-2.933881
-3.229253
-3.492391
-3.723670
-3.924743
-4.098037
-4.246364
-4.372637
-4.479687
-4.516206
-4.664667
-4.561788
-4.440250
-4.297164
-4.129458
-3.934012
-3.707887
-3.448648
-3.154827
-2.826500
-2.465945
-2.078291
-1.671976
-1.262534
-0.876840
-0.534221
-0.236293
0.018170
0.232850
0.412778
0.562503
0.683845
0.773814
0.823358
0.819701
0.763303
0.667057
0.541432
0.391709
0.218058
0.016837
-0.217411
-0.489905
-0.804052
-1.160601
-1.550031
-1.947152
-2.333330
-2.698407
-3.035381
-3.340268
-3.611621
-3.849913
-4.056923
-4.235215
-4.387732
-4.517509
-4.627483
-4.664667
-4.813263
-4.707642
-4.582827
-4.435825
-4.263452
-4.062463
-3.829782
-3.562840
-3.260051
-2.921409
-2.549186
-2.148618
-1.728416
-1.304711
-0.905486
-0.551037
-0.243324
0.018670
0.238603
0.421697
0.572892
0.694533
0.784174
0.833191
0.829065
0.772419
0.675987
0.549894
0.398943
0.222770
0.017252
-0.223386
-0.504482
-0.829361
-1.198517
-1.601811
-2.012880
-2.412287
-2.789494
-3.137303
-3.451676
-3.731210
-3.976477
-4.189387
-4.372642
-4.529316
-4.662566
-4.775438
-4.813263
-4.961984
-4.853644
-4.725575
-4.574687
-4.397678
-4.191178
-3.951975
-3.677364
-3.365636
-3.016702
-2.632821
-2.219332
-1.785213
-1.347192
-0.934365
-0.568001
-0.250421
0.019174
0.244406
0.430675
0.583303
0.705164
0.794374
0.842777
0.838151
0.781305
0.684781
0.558311
0.406193
0.227513
0.017672
-0.229417
-0.519197
-0.854895
-1.236742
-1.653966
-2.079025
-2.491679
-2.881013
-3.239638
-3.563468
-3.851146
-4.103351
-4.322124
-4.510305
-4.671104
-4.807799
-4.923542
-4.961984
-5.110821
-4.999784
-4.868486
-4.713738
-4.532125
-4.320147
-4.074456
-3.792209
-3.471573
-3.112370
-2.716842
-2.290428
-1.842365
-1.389976
-0.963476
-0.585116
-0.257586
0.019683
0.250264
0.439721
0.593753
0.715763
0.804449
0.852153
0.847000
0.789998
0.693466
0.566703
0.413470
0.232292
0.018096
-0.235508
-0.534051
-0.880654
-1.275273
-1.706493
-2.145582
-2.571499
-2.972955
-3.342376
-3.675631
-3.971418
-4.230523
-4.455122
-4.648195
-4.813086
-4.953196
-5.071787
-5.110821
-5.259764
-5.146052
-5.011550
-4.852970
-4.666781
-4.449358
-4.197214
-3.907365
-3.577851
-3.208403
-2.801242
-2.361897
-1.899865
-1.433060
-0.992818
-0.602382
-0.264819
0.020197
0.256178
0.448843
0.604256
0.726353
0.814428
0.861356
0.855646
0.798529
0.702068
0.575087
0.420784
0.237110
0.018523
-0.241658
-0.549047
-0.906640
-1.314110
-1.759388
-2.212546
-2.651739
-3.065312
-3.445507
-3.788157
-4.092016
-4.357983
-4.588370
-4.786300
-4.955252
-5.098749
-5.220161
-5.259764
-5.408806
-5.292439
-5.154757
-4.992371
-4.801638
-4.578802
-4.320238
-4.022822
-3.684461
-3.304794
-2.886013
-2.433735
-1.957709
-1.476441
-1.022389
-0.619798
-0.272120
0.020716
0.262152
0.458046
0.614825
0.736955
0.824340
0.870420
0.864125
0.806932
0.710613
0.583481
0.428144
0.241972
0.018955
-0.247871
-0.564185
-0.932853
-1.353252
-1.812648
-2.279911
-2.732393
-3.158073
-3.549020
-3.901033
-4.212929
-4.485720
-4.721859
-4.924610
-5.097591
-5.244447
-5.368656
-5.408806
-5.557937
-5.438935
-5.298097
-5.131933
-4.936685
-4.708469
-4.443519
-4.138568
-3.791393
-3.401531
-2.971145
-2.505934
-2.015893
-1.520117
-1.052189
-0.637365
-0.279491
0.021241
0.268187
0.467339
0.625473
0.747589
0.834213
0.879375
0.872471
0.815234
0.719123
0.591900
0.435559
0.246881
0.019392
-0.254146
-0.579467
-0.959293
-1.392696
-1.866268
-2.347671
-2.813452
-3.251231
-3.652907
-4.014251
-4.334145
-4.613723
-4.855576
-5.063116
-5.240095
-5.390282
-5.517262
-5.557937
-5.707149
-5.585533
-5.441562
-5.271645
-5.071912
-4.838347
-4.567046
-4.254595
-3.898637
-3.498607
-3.056632
-2.578488
-2.074412
-1.564083
-1.082216
-0.655082
-0.286931
0.021770
0.274285
0.476725
0.636210
0.758272
0.844070
0.888253
0.880713
0.823464
0.727620
0.600359
0.443036
0.251840
0.019833
-0.260484
-0.594893
-0.985958
-1.432440
-1.920246
-2.415820
-2.894909
-3.344776
-3.757156
-4.127798
-4.455655
-4.741981
-4.989513
-5.201806
-5.382752
-5.536243
-5.665971
-5.707149
-5.856433
-5.732223
-5.585142
-5.411500
-5.207310
-4.968429
-4.690809
-4.370892
-4.006183
-3.596012
-3.142465
-2.651390
-2.133259
-1.608336
-1.112469
-0.672948
-0.294441
0.022305
0.280448
0.486210
0.647048
0.769021
0.853935
0.897081
0.888882
0.831648
0.736124
0.608869
0.450583
0.256850
0.020278
-0.266887
-0.610463
-1.012850
-1.472483
-1.974577
-2.484352
-2.976757
-3.438701
-3.861760
-4.241666
-4.577448
-4.870485
-5.123658
-5.340672
-5.525554
-5.682321
-5.814774
-5.856433
-6.005780
-5.878997
-5.728828
-5.551486
-5.342869
-5.098703
-4.814798
-4.487450
-4.114023
-3.693737
-3.228636
-2.724632
-2.192431
-1.652874
-1.142945
-0.690965
-0.302021
0.022846
0.286678
0.495799
0.657994
0.779851
0.863829
0.905885
0.897006
0.839811
0.744654
0.617444
0.458205
0.261916
0.020729
-0.273355
-0.626178
-1.039966
-1.512822
-2.029256
-2.553263
-3.058987
-3.532995
-3.966707
-4.355845
-4.699514
-4.999223
-5.258002
-5.479702
-5.668490
-5.828507
-5.963661
-6.005780
-6.155184
-6.025846
-5.872613
-5.691596
-5.478580
-5.229160
-4.939005
-4.604259
-4.222146
-3.791775
-3.315138
-2.798210
-2.251922
-1.697692
-1.173643
-0.709130
-0.309670
0.023392
0.292976
0.505495
0.669057
0.790777
0.873774
0.914692
0.905109
0.847975
0.753226
0.626094
0.465909
0.267038
0.021184
-0.279889
-0.642038
-1.067305
-1.553454
-2.084281
-2.622545
-3.141594
-3.627651
-4.071989
-4.470323
-4.821843
-5.128188
-5.392536
-5.618889
-5.811554
-5.974794
-6.112625
-6.155184
-6.304635
-6.172763
-6.016487
-5.831821
-5.614434
-5.359793
-5.063419
-4.721310
-4.330545
-3.890115
-3.401962
-2.872116
-2.311726
-1.742788
-1.204561
-0.727443
-0.317390
0.023944
0.299342
0.515301
0.680244
0.801810
0.883787
0.923523
0.913218
0.856162
0.761858
0.634830
0.473700
0.272218
0.021644
-0.286488
-0.658043
-1.094868
-1.594378
-2.139645
-2.692192
-3.224569
-3.722661
-4.177598
-4.585093
-4.944426
-5.257368
-5.527249
-5.758223
-5.954734
-6.121171
-6.261658
-6.304635
-6.454127
-6.319739
-6.160442
-5.972153
-5.750423
-5.490590
-5.188032
-4.838594
-4.439209
-3.988751
-3.489102
-2.946343
-2.371840
-1.788158
-1.235697
-0.745903
-0.325179
0.024501
0.305778
0.525221
0.691562
0.812963
0.893886
0.932402
0.921354
0.864393
0.770563
0.643660
0.481581
0.277459
0.022110
-0.293154
-0.674193
-1.122653
-1.635590
-2.195347
-2.762200
-3.307906
-3.818015
-4.283522
-4.700145
-5.067252
-5.386754
-5.662134
-5.897695
-6.098023
-6.267631
-6.410750
-6.454127
-6.603652
-6.466767
-6.304471
-6.112582
-5.886538
-5.621544
-5.312835
-4.956102
-4.548130
-4.087672
-3.576549
-3.020886
-2.432258
-1.833798
-1.267048
-0.764510
-0.333039
0.025063
0.312284
0.535258
0.703018
0.824246
0.904086
0.941347
0.929540
0.872685
0.779357
0.652594
0.489559
0.282761
0.022580
-0.299887
-0.690488
-1.150658
-1.677087
-2.251380
-2.832561
-3.391596
-3.913706
-4.389754
-4.815469
-5.190313
-5.516337
-5.797179
-6.037296
-6.241412
-6.414166
-6.559896
-6.603652
-6.753203
-6.613839
-6.448566
-6.253102
-6.022771
-5.752647
-5.437819
-5.073825
-4.657301
-4.186873
-3.664296
-3.095737
-2.492975
-1.879705
-1.298614
-0.783262
-0.340968
0.025632
0.318862
0.545415
0.714617
0.835670
0.914403
0.950378
0.937795
0.881058
0.788250
0.661639
0.497636
0.288126
0.023056
-0.306686
-0.706927
-1.178882
-1.718868
-2.307741
-2.903271
-3.475633
-4.009725
-4.496286
-4.931056
-5.313599
-5.646108
-5.932378
-6.177017
-6.384893
-6.560768
-6.709086
-6.753203
-6.902773
-6.760948
-6.592718
-6.393704
-6.159113
-5.883889
-5.562975
-5.191755
-4.766711
-4.286343
-3.752337
-3.170891
-2.553986
-1.925876
-1.330391
-0.802159
-0.348966
0.026206
0.325511
0.555692
0.726364
0.847244
0.924851
0.959513
0.946139
0.889526
0.797257
0.670802
0.505816
0.293556
0.023537
-0.313552
-0.723509
-1.207324
-1.760929
-2.364425
-2.974323
-3.560009
-4.106064
-4.603107
-5.046897
-5.437102
-5.776058
-6.067720
-6.316851
-6.528459
-6.707429
-6.858314
-6.902773
-7.052355
-6.908088
-6.736922
-6.534380
-6.295557
-6.015263
-5.688296
-5.309883
-4.876353
-4.386076
-3.840662
-3.246341
-2.615286
-1.972306
-1.362378
-0.821200
-0.357033
0.026785
0.332233
0.566093
0.738264
0.858976
0.935442
0.968768
0.954589
0.898106
0.806386
0.680091
0.514103
0.299050
0.024023
-0.320485
-0.740236
-1.235982
-1.803268
-2.421428
-3.045712
-3.644718
-4.202717
-4.710210
-5.162984
-5.560812
-5.906179
-6.203199
-6.456789
-6.672100
-6.854142
-7.007572
-7.052355
-7.201942
-7.055250
-6.881170
-6.675124
-6.432095
-6.146761
-5.813772
-5.428201
-4.986219
-4.486064
-3.929267
-3.322082
-2.676870
-2.018993
-1.394573
-0.840383
-0.365170
0.027370
0.339028
0.576620
0.750320
0.870874
0.946188
0.978158
0.963161
0.906812
0.815650
0.689511
0.522498
0.304611
0.024514
-0.327485
-0.757105
-1.264855
-1.845881
-2.478746
-3.117431
-3.729753
-4.299673
-4.817587
-5.279308
-5.684722
-6.036462
-6.338805
-6.596824
-6.815811
-7.000899
-7.156854
-7.201942
-7.351529
-7.202430
-7.025454
-6.815929
-6.568720
-6.278375
-5.939398
-5.546701
-5.096302
-4.586299
-4.018142
-3.398106
-2.738733
-2.065932
-1.426973
-0.859708
-0.373375
0.027961
0.345897
0.587273
0.762538
0.882944
0.957100
0.987699
0.971871
0.915657
0.825057
0.699068
0.531006
0.310239
0.025011
-0.334552
-0.774117
-1.293941
-1.888766
-2.536374
-3.189475
-3.815107
-4.396927
-4.925230
-5.395861
-5.808822
-6.166899
-6.474531
-6.736948
-6.959583
-7.147694
-7.306153
-7.351529
-7.501108
-7.349619
-7.169769
-6.956786
-6.705424
-6.410098
-6.065163
-5.665376
-5.206592
-4.686773
-4.107283
-3.474408
-2.800870
-2.113121
-1.459576
-0.879174
-0.381649
0.028557
0.352839
0.598055
0.774920
0.895194
0.968189
0.997403
0.980734
0.924653
0.834616
0.708767
0.539629
0.315935
0.025513
-0.341687
-0.791271
-1.323238
-1.931921
-2.594309
-3.261840
-3.900773
-4.494471
-5.033129
-5.512635
-5.933105
-6.297483
-6.610369
-6.877153
-7.103409
-7.294520
-7.455462
-7.501108
-7.650674
-7.496813
-7.314107
-7.097690
-6.842200
-6.541922
-6.191062
-5.784217
-5.317084
-4.787481
-4.196681
-3.550983
-2.863277
-2.160556
-1.492381
-0.898780
-0.389991
0.029159
0.359854
0.608966
0.787469
0.907630
0.979464
1.007282
0.989761
0.933811
0.844335
0.718613
0.548368
0.321699
0.026020
-0.348888
-0.808567
-1.352746
-1.975341
-2.652545
-3.334518
-3.986744
-4.592297
-5.141279
-5.629621
-6.057563
-6.428204
-6.746312
-7.017433
-7.247283
-7.441370
-7.604776
-7.650674
-7.800222
-7.644005
-7.458463
-7.238635
-6.979042
-6.673840
-6.317087
-5.903219
-5.427769
-4.888413
-4.286331
-3.627824
-2.925949
-2.208234
-1.525384
-0.918523
-0.398401
0.029766
0.366944
0.620008
0.800190
0.920257
0.990933
1.017348
0.998966
0.943144
0.854222
0.728610
0.557226
0.327532
0.026532
-0.356156
-0.826002
-1.382463
-2.019025
-2.711079
-3.407504
-4.073015
-4.690397
-5.249670
-5.746812
-6.182188
-6.559056
-6.882352
-7.157779
-7.391198
-7.588238
-7.754087
-7.800222
-7.949745
-7.791188
-7.602831
-7.379612
-7.115944
-6.805846
-6.443231
-6.022372
-5.538640
-4.989564
-4.376225
-3.704926
-2.988881
-2.256150
-1.558585
-0.938405
-0.406878
0.030379
0.374109
0.631183
0.813083
0.933081
1.002605
1.027612
1.008361
0.952659
0.864284
0.738763
0.566205
0.333435
0.027051
-0.363491
-0.843578
-1.412386
-2.062969
-2.769907
-3.480794
-4.159578
-4.788766
-5.358296
-5.864200
-6.306972
-6.690032
-7.018482
-7.298187
-7.535147
-7.735117
-7.903390
-7.949745
-8.099239
-7.938359
-7.747204
-7.520618
-7.252897
-6.937933
-6.569487
-6.141671
-5.649691
-5.090926
-4.466358
-3.782282
-3.052069
-2.304302
-1.591980
-0.958422
-0.415422
0.030998
0.381347
0.642490
0.826153
0.946105
1.014487
1.038084
1.017955
0.962367
0.874527
0.749075
0.575306
0.339408
0.027574
-0.370892
-0.861293
-1.442514
-2.107172
-2.829024
-3.554381
-4.246427
-4.887395
-5.467149
-5.981778
-6.431908
-6.821124
-7.154696
-7.438648
-7.679124
-7.882002
-8.052680
-8.099239
-8.248697
-8.085510
-7.891576
-7.661644
-7.389897
-7.070094
-6.695848
-6.261108
-5.760913
-5.192493
-4.556723
-3.859888
-3.115508
-2.352687
-1.625567
-0.978575
-0.424034
0.031622
0.388661
0.653931
0.839400
0.959336
1.026587
1.048772
1.027760
0.972275
0.884957
0.759550
0.584531
0.345452
0.028103
-0.378361
-0.879147
-1.472846
-2.151629
-2.888427
-3.628261
-4.333557
-4.986279
-5.576222
-6.099539
-6.556989
-6.952325
-7.290986
-7.579157
-7.823123
-8.028887
-8.201950
-8.248697
-8.398115
-8.232637
-8.035943
-7.802687
-7.526938
-7.202323
-6.822308
-6.380676
-5.872302
-5.294258
-4.647313
-3.937738
-3.179193
-2.401301
-1.659345
-0.998863
-0.432711
0.032252
0.396049
0.665506
0.852828
0.972776
1.038910
1.059686
1.037783
0.982393
0.895580
0.770191
0.593882
0.351567
0.028637
-0.385895
-0.897139
-1.503380
-2.196338
-2.948110
-3.702427
-4.420960
-5.085410
-5.685508
-6.217475
-6.682209
-7.083628
-7.427347
-7.719707
-7.967138
-8.175766
-8.351196
-8.398115
-8.547489
-8.379735
-8.180299
-7.943739
-7.664012
-7.334615
-6.948860
-6.500370
-5.983850
-5.396216
-4.738124
-4.015827
-3.243121
-2.450140
-1.693312
-1.019283
-0.441455
0.032887
0.403512
0.677217
0.866439
0.986429
1.051463
1.070833
1.048033
0.992727
0.906401
0.781001
0.603359
0.357754
0.029177
-0.393496
-0.915267
-1.534115
-2.241297
-3.008072
-3.776876
-4.508631
-5.184781
-5.795000
-6.335579
-6.807559
-7.215028
-7.563771
-7.860292
-8.111163
-8.322633
-8.500413
-8.547489
-8.696812
-8.526798
-8.324639
-8.084797
-7.801116
-7.466962
-7.075498
-6.620183
-6.095550
-5.498358
-4.829149
-4.094149
-3.307286
-2.499203
-1.727465
-1.039835
-0.450265
0.033528
0.411050
0.689064
0.880233
1.000300
1.064251
1.082220
1.058519
1.003284
0.917425
0.791983
0.612965
0.364012
0.029722
-0.401163
-0.933532
-1.565048
-2.286502
-3.068306
-3.851602
-4.596565
-5.284386
-5.904691
-6.453845
-6.933034
-7.346517
-7.700253
-8.000907
-8.255194
-8.469485
-8.649594
-8.696812
-8.846082
-8.673823
-8.468958
-8.225854
-7.938243
-7.599359
-7.202217
-6.740109
-6.207397
-5.600681
-4.920382
-4.172699
-3.371685
-2.548484
-1.761802
-1.060519
-0.459140
0.034174
0.418663
0.701047
0.894213
1.014391
1.077279
1.093855
1.069248
1.014069
0.928655
0.803140
0.622700
0.370342
0.030272
-0.408896
-0.951933
-1.596179
-2.331952
-3.128810
-3.926600
-4.684754
-5.384220
-6.014575
-6.572267
-7.058627
-7.478089
-7.836787
-8.141545
-8.399224
-8.616315
-8.798736
-8.846082
-8.995293
-8.820804
-8.613251
-8.366905
-8.075388
-7.731801
-7.329010
-6.860141
-6.319384
-5.703176
-5.011818
-4.251472
-3.436314
-2.597982
-1.796321
-1.081332
-0.468080
0.034826
0.426350
0.713168
0.908380
1.028705
1.090552
1.105743
1.080225
1.025090
0.940097
0.814473
0.632566
0.376745
0.030828
-0.416694
-0.970469
-1.627505
-2.377642
-3.189579
-4.001865
-4.773194
-5.484275
-6.124645
-6.690837
-7.184331
-7.609739
-7.973367
-8.282202
-8.543248
-8.763118
-8.947834
-8.995293
-9.144441
-8.967737
-8.757513
-8.507946
-8.212545
-7.864282
-7.455871
-6.980274
-6.431506
-5.805840
-5.103450
-4.330463
-3.501167
-2.647693
-1.831021
-1.102274
-0.477085
0.035483
0.434113
0.725425
0.922736
1.043245
1.104075
1.117890
1.091459
1.036352
0.951755
0.825985
0.642563
0.383221
0.031389
-0.424558
-0.989139
-1.659025
-2.423571
-3.250610
-4.077392
-4.861878
-5.584546
-6.234896
-6.809549
-7.310142
-7.741460
-8.109987
-8.422873
-8.687261
-8.909890
-9.096883
-9.144441
-9.293522
-9.114617
-8.901739
-8.648971
-8.349710
-7.996797
-7.582796
-7.100502
-6.543757
-5.908665
-5.195274
-4.409667
-3.566242
-2.697615
-1.865899
-1.123344
-0.486154
0.036146
0.441951
0.737821
0.937282
1.058014
1.117852
1.130302
1.102954
1.047859
0.963631
0.837679
0.652693
0.389769
0.031956
-0.432488
-1.007942
-1.690737
-2.469737
-3.311899
-4.153176
-4.950802
-5.685026
-6.345320
-6.928398
-7.436051
-7.873246
-8.246642
-8.563551
-8.831259
-9.056626
-9.245878
-9.293522
-9.442532
-9.261442
-9.045927
-8.789977
-8.486878
-8.129340
-7.709779
-7.220820
-6.656130
-6.011647
-5.287285
-4.489080
-3.631533
-2.747743
-1.900954
-1.144541
-0.495288
0.036814
0.449863
0.750356
0.952020
1.073015
1.131886
1.142985
1.114716
1.059616
0.975729
0.849555
0.662955
0.396391
0.032528
-0.440482
-1.026878
-1.722640
-2.516135
-3.373442
-4.229214
-5.039960
-5.785710
-6.455912
-7.047377
-7.562055
-8.005093
-8.383327
-8.704232
-8.975236
-9.203322
-9.394817
-9.442532
-9.591467
-9.408205
-9.190070
-8.930958
-8.624044
-8.261908
-7.836814
-7.341222
-6.768622
-6.114779
-5.379476
-4.568696
-3.697038
-2.798075
-1.936182
-1.165864
-0.504485
0.037488
0.457850
0.763029
0.966950
1.088249
1.146181
1.155941
1.126749
1.071627
0.988052
0.861617
0.673352
0.403085
0.033106
-0.448542
-1.045946
-1.754733
-2.562764
-3.435236
-4.305499
-5.129346
-5.886592
-6.566666
-7.166480
-7.688147
-8.136994
-8.520036
-8.844911
-9.119189
-9.349974
-9.543694
-9.591467
-9.740324
-9.554905
-9.334166
-9.071911
-8.761204
-8.394495
-7.963897
-7.461703
-6.881225
-6.218057
-5.471843
-4.648511
-3.762751
-2.848609
-1.971583
-1.187311
-0.513745
0.038167
0.465913
0.775841
0.982073
1.103718
1.160741
1.169176
1.139059
1.083897
1.000603
0.873865
0.683883
0.409854
0.033689
-0.456666
-1.065145
-1.787013
-2.609622
-3.497277
-4.382028
-5.218956
-5.987666
-6.677576
-7.285702
-7.814322
-8.268945
-8.656765
-8.985583
-9.263112
-9.496577
-9.692506
-9.740324
-9.889099
-9.701536
-9.478210
-9.212831
-8.898353
-8.527095
-8.091022
-7.582258
-6.993935
-6.321475
-5.564381
-4.728520
-3.828670
-2.899341
-2.007155
-1.208882
-0.523068
0.038851
0.474050
0.788792
0.997391
1.119426
1.175568
1.182694
1.151650
1.096429
1.013384
0.886301
0.694550
0.416695
0.034277
-0.464855
-1.084475
-1.819479
-2.656705
-3.559561
-4.458796
-5.308783
-6.088928
-6.788637
-7.405038
-7.940574
-8.400940
-8.793509
-9.126245
-9.407002
-9.643127
-9.841249
-9.889099
-10.037789
-9.848096
-9.622198
-9.353714
-9.035487
-8.659706
-8.218186
-7.702882
-7.106748
-6.425028
-5.657085
-4.808719
-3.894790
-2.950268
-2.042895
-1.230575
-0.532454
0.039541
0.482262
0.801883
1.012904
1.135372
1.190666
1.196499
1.164525
1.109227
1.026399
0.898927
0.705353
0.423611
0.034871
-0.473109
-1.103934
-1.852130
-2.704011
-3.622085
-4.535798
-5.398824
-6.190370
-6.899843
-7.524481
-8.066898
-8.532974
-8.930263
-9.266891
-9.550855
-9.789621
-9.989920
-10.037789
-10.186391
-9.994581
-9.766127
-9.494556
-9.172602
-8.792322
-8.345383
-7.823570
-7.219657
-6.528712
-5.749949
-4.889104
-3.961108
-3.001387
-2.078802
-1.252391
-0.541902
0.040236
0.490548
0.815114
1.028614
1.151561
1.206037
1.210594
1.177689
1.122294
1.039650
0.911744
0.716293
0.430601
0.035470
-0.481426
-1.123523
-1.884964
-2.751538
-3.684845
-4.613031
-5.489073
-6.291990
-7.011188
-7.644027
-8.193289
-8.665043
-9.067022
-9.407517
-9.694666
-9.936054
-10.138514
-10.186391
-10.334901
-10.140987
-9.909994
-9.635354
-9.309693
-8.924940
-8.472608
-7.944317
-7.332658
-6.632520
-5.842971
-4.969669
-4.027620
-3.052696
-2.114873
-1.274327
-0.551412
0.040937
0.498909
0.828485
1.044521
1.167992
1.221683
1.224981
1.191144
1.135632
1.053138
0.924753
0.727370
0.437664
0.036074
-0.489807
-1.143239
-1.917979
-2.799283
-3.747837
-4.690489
-5.579526
-6.393780
-7.122669
-7.763670
-8.319743
-8.797142
-9.203783
-9.548119
-9.838431
-10.082424
-10.287029
-10.334901
-10.483316
-10.287312
-10.053794
-9.776104
-9.446758
-9.057554
-8.599858
-8.065119
-7.445746
-6.736450
-5.936144
-5.050412
-4.094323
-3.104192
-2.151108
-1.296382
-0.560983
0.041642
0.507345
0.841997
1.060626
1.184667
1.237608
1.239665
1.204895
1.149245
1.066865
0.937956
0.738585
0.444802
0.036684
-0.498253
-1.163084
-1.951175
-2.847244
-3.811060
-4.768170
-5.670177
-6.495736
-7.234278
-7.883406
-8.446254
-8.929266
-9.340541
-9.688694
-9.982148
-10.228726
-10.435461
-10.483316
-10.631633
-10.433552
-10.197525
-9.916803
-9.583791
-9.190162
-8.727129
-8.185972
-7.558918
-6.840495
-6.029464
-5.131327
-4.161212
-3.155872
-2.187504
-1.318556
-0.570616
0.042353
0.515855
0.855649
1.076930
1.201589
1.253813
1.254648
1.218943
1.163135
1.080834
0.951353
0.749939
0.452014
0.037300
-0.506761
-1.183055
-1.984549
-2.895418
-3.874508
-4.846068
-5.761021
-6.597853
-7.346013
-8.003230
-8.572817
-9.061411
-9.477292
-9.829237
-10.125812
-10.374958
-10.583808
-10.631633
-10.779850
-10.579705
-10.341183
-10.057446
-9.720791
-9.322759
-8.854415
-8.306870
-7.672167
-6.944652
-6.122927
-5.212411
-4.228285
-3.207734
-2.224059
-1.340848
-0.580309
0.043070
0.524439
0.869441
1.093433
1.218758
1.270300
1.269932
1.233292
1.177304
1.095047
0.964947
0.761431
0.459300
0.037920
-0.515333
-1.203152
-2.018101
-2.943803
-3.938179
-4.924179
-5.852055
-6.700127
-7.457867
-8.123136
-8.699429
-9.193573
-9.614031
-9.969745
-10.269419
-10.521116
-10.732065
-10.779850
-10.927964
-10.725767
-10.484766
-10.198032
-9.857752
-9.455341
-8.981714
-8.427810
-7.785491
-7.048915
-6.216528
-5.293659
-4.295537
-3.259774
-2.260772
-1.363257
-0.590063
0.043792
0.533098
0.883375
1.110136
1.236175
1.287072
1.285521
1.247944
1.191756
1.109505
0.978737
0.773062
0.466661
0.038547
-0.523968
-1.223375
-2.051828
-2.992397
-4.002070
-5.002500
-5.943274
-6.802552
-7.569835
-8.243121
-8.826084
-9.325748
-9.750756
-10.110214
-10.412968
-10.667197
-10.880230
-10.927964
-11.075973
-10.871736
-10.628270
-10.338556
-9.994672
-9.587906
-9.109020
-8.548788
-7.898884
-7.153281
-6.310264
-5.375068
-4.362967
-3.311990
-2.297641
-1.385782
-0.599877
0.044519
0.541831
0.897449
1.127039
1.253843
1.304130
1.301415
1.262901
1.206491
1.124209
0.992725
0.784833
0.474096
0.039178
-0.532666
-1.243723
-2.085729
-3.041197
-4.066177
-5.081027
-6.034673
-6.905125
-7.681914
-8.363179
-8.952779
-9.457931
-9.887462
-10.250641
-10.556453
-10.813198
-11.028301
-11.075973
-11.223873
-11.017609
-10.771693
-10.479015
-10.131548
-9.720448
-9.236332
-8.669800
-8.012342
-7.257746
-6.404130
-5.456634
-4.430569
-3.364380
-2.334664
-1.408421
-0.609751
0.045251
0.550639
0.911664
1.144144
1.271761
1.321475
1.317618
1.278167
1.221512
1.139162
1.006912
0.796744
0.481605
0.039815
-0.541427
-1.264194
-2.119804
-3.090201
-4.130497
-5.159755
-6.126249
-7.007839
-7.794099
-8.483306
-9.079510
-9.590119
-10.024146
-10.391022
-10.699873
-10.959116
-11.176275
-11.223873
-11.371662
-11.163383
-10.915031
-10.619407
-10.268375
-9.852966
-9.363644
-8.790841
-8.125862
-7.362305
-6.498122
-5.538353
-4.498341
-3.416941
-2.371839
-1.431174
-0.619684
0.045988
0.559520
0.926021
1.161451
1.289932
1.339110
1.334132
1.293742
1.236821
1.154364
1.021298
0.808796
0.489189
0.040457
-0.550250
-1.284789
-2.154049
-3.139407
-4.195027
-5.238681
-6.217996
-7.110691
-7.906385
-8.603499
-9.206271
-9.722307
-10.160803
-10.531354
-10.843224
-11.104948
-11.324149
-11.371662
-11.519339
-11.309057
-11.058283
-10.759729
-10.405152
-9.985455
-9.490953
-8.911909
-8.239440
-7.466954
-6.592236
-5.620221
-4.566280
-3.469671
-2.409165
-1.454041
-0.629677
0.046731
0.568475
0.940518
1.178959
1.308355
1.357036
1.350957
1.309628
1.252419
1.169817
1.035885
0.820989
0.496848
0.041105
-0.559135
-1.305507
-2.188465
-3.188813
-4.259763
-5.317801
-6.309910
-7.213677
-8.018767
-8.723752
-9.333060
-9.854493
-10.297432
-10.671634
-10.986503
-11.250693
-11.471920
-11.519339
-11.666900
-11.454627
-11.201445
-10.899978
-10.541875
-10.117912
-9.618257
-9.032999
-8.353071
-7.571689
-6.686468
-5.702235
-4.634382
-3.522566
-2.446640
-1.477019
-0.639728
0.047479
0.577504
0.955157
1.196671
1.327033
1.375254
1.368097
1.325829
1.268309
1.185522
1.050673
0.833322
0.504581
0.041757
-0.568083
-1.326346
-2.223050
-3.238415
-4.324704
-5.397112
-6.401988
-7.316792
-8.131243
-8.844063
-9.459872
-9.986673
-10.434028
-10.811858
-11.129708
-11.396346
-11.619587
-11.666900
-11.814345
-11.600092
-11.344516
-11.040151
-10.678542
-10.250335
-9.745550
-9.154108
-8.466752
-7.676507
-6.780814
-5.784390
-4.702644
-3.575625
-2.484263
-1.500108
-0.649838
0.048232
0.586607
0.969938
1.214585
1.345965
1.393767
1.385552
1.342344
1.284490
1.201480
1.065663
0.845797
0.512389
0.042416
-0.577092
-1.347307
-2.257802
-3.288213
-4.389845
-5.476609
-6.494225
-7.420033
-8.243806
-8.964426
-9.586704
-10.118842
-10.570588
-10.952025
-11.272836
-11.541906
-11.767146
-11.814345
-11.961670
-11.745449
-11.487492
-11.180246
-10.815149
-10.382720
-9.872831
-9.275232
-8.580479
-7.781403
-6.875271
-5.866684
-4.771064
-3.628846
-2.522031
-1.523308
-0.660006
0.048990
0.595783
0.984860
1.232703
1.365153
1.412574
1.403324
1.359176
1.300966
1.217692
1.080855
0.858414
0.520272
0.043079
-0.586163
-1.368388
-2.292720
-3.338204
-4.455184
-5.556289
-6.586618
-7.523394
-8.356455
-9.084838
-9.713553
-10.250999
-10.707109
-11.092130
-11.415884
-11.687370
-11.914597
-11.961670
-12.108874
-11.890696
-11.630372
-11.320261
-10.951693
-10.515065
-10.000097
-9.396368
-8.694248
-7.886375
-6.969835
-5.949113
-4.839638
-3.682224
-2.559943
-1.546617
-0.670232
0.049753
0.605033
0.999923
1.251024
1.384598
1.431677
1.421414
1.376326
1.317737
1.234160
1.096250
0.871172
0.528230
0.043748
-0.595295
-1.389590
-2.327802
-3.388385
-4.520718
-5.636149
-6.679162
-7.626872
-8.469184
-9.205295
-9.840413
-10.383139
-10.843589
-11.232172
-11.558849
-11.832736
-12.061935
-12.108874
-12.255954
-12.035831
-11.773153
-11.460192
-11.088174
-10.647366
-10.127343
-9.517513
-8.808057
-7.991417
-7.064502
-6.031674
-4.908362
-3.735760
-2.597998
-1.570035
-0.680515
0.050521
0.614356
1.015128
1.269550
1.404301
1.451078
1.439825
1.393796
1.334805
1.250884
1.111850
0.884073
0.536262
0.044422
-0.604488
-1.410910
-2.363047
-3.438755
-4.586444
-5.716185
-6.771854
-7.730464
-8.581989
-9.325793
-9.967283
-10.515259
-10.980023
-11.372148
-11.701730
-11.978001
-12.209160
-12.255954
-12.402910
-12.180852
-11.915833
-11.600038
-11.224586
-10.779621
-10.254567
-9.638664
-8.921902
-8.096528
-7.159269
-6.114362
-4.977236
-3.789449
-2.636193
-1.593560
-0.690856
0.051295
0.623753
1.030474
1.288281
1.424261
1.470777
1.458557
1.411587
1.352170
1.267866
1.127653
0.897117
0.544369
0.045102
-0.613743
-1.432349
-2.398455
-3.489311
-4.652359
-5.796393
-6.864690
-7.834164
-8.694867
-9.446330
-10.094159
-10.647356
-11.116410
-11.512054
-11.844523
-12.123164
-12.356270
-12.402910
-12.549739
-12.325757
-12.058411
-11.739797
-11.360930
-10.911827
-10.381767
-9.759817
-9.035779
-8.201703
-7.254133
-6.197176
-5.046254
-3.843289
-2.674528
-1.617191
-0.701253
0.052073
0.633222
1.045962
1.307216
1.444481
1.490776
1.477611
1.429700
1.369835
1.285106
1.143662
0.910303
0.552550
0.045786
-0.623058
-1.453906
-2.434022
-3.540052
-4.718460
-5.876771
-6.957667
-7.937970
-8.807815
-9.566901
-10.221037
-10.779428
-11.252747
-11.651889
-11.987227
-12.268223
-12.503262
-12.549739
-12.696440
-12.470545
-12.200884
-11.879465
-11.497201
-11.043982
-10.508938
-9.880969
-9.149686
-8.306939
-7.349089
-6.280112
-5.115415
-3.897279
-2.713001
-1.640929
-0.711707
0.052857
0.642765
1.061591
1.326357
1.464959
1.511075
1.496988
1.448137
1.387799
1.302604
1.159876
0.923631
0.560807
0.046476
-0.632434
-1.475580
-2.469749
-3.590975
-4.784744
-5.957314
-7.050779
-8.041878
-8.920828
-9.687503
-10.347915
-10.911471
-11.389031
-11.791650
-12.129840
-12.413174
-12.650135
-12.696440
-12.843011
-12.615214
-12.343250
-12.019042
-11.633398
-11.176083
-10.636080
-10.002118
-9.263618
-8.412233
-7.444135
-6.363165
-5.184715
-3.951417
-2.751609
-1.664771
-0.722217
0.053645
0.652381
1.077362
1.345703
1.485698
1.531675
1.516690
1.466897
1.406064
1.320362
1.176296
0.937103
0.569138
0.047172
-0.641870
-1.497370
-2.505634
-3.642078
-4.851209
-6.038020
-7.144025
-8.145884
-9.033904
-9.808132
-10.474789
-11.043483
-11.525259
-11.931335
-12.272358
-12.558017
-12.796887
-12.843011
-12.989450
-12.759761
-12.485507
-12.158525
-11.769518
-11.308127
-10.763189
-10.123260
-9.377574
-8.517582
-7.539267
-6.446335
-5.254153
-4.005699
-2.790353
-1.688717
-0.732783
0.054439
0.662069
1.093274
1.365254
1.506698
1.552578
1.536718
1.485984
1.424630
1.338381
1.192922
0.950718
0.577544
0.047872
-0.651366
-1.519277
-2.541676
-3.693359
-4.917852
-6.118885
-7.237401
-8.249984
-9.147038
-9.928786
-10.601656
-11.175460
-11.661429
-12.070941
-12.414781
-12.702750
-12.943516
-12.989450
-13.135757
-12.904186
-12.627655
-12.297913
-11.905560
-11.440113
-10.890262
-10.244393
-9.491550
-8.622982
-7.634483
-6.529616
-5.323724
-4.060123
-2.829229
-1.712767
-0.743405
0.055238
0.671830
1.109327
1.385012
1.527958
1.573784
1.557072
1.505396
1.443500
1.356661
1.209755
0.964477
0.586025
0.048578
-0.660922
-1.541298
-2.577872
-3.744816
-4.984670
-6.199907
-7.330903
-8.354175
-9.260227
-10.049462
-10.728514
-11.307401
-11.797539
-12.210467
-12.557106
-12.847371
-13.090021
-13.135757
-13.281929
-13.048487
-12.769690
-12.437203
-12.041521
-11.572038
-11.017297
-10.365514
-9.605543
-8.728430
-7.729779
-6.613007
-5.393427
-4.114689
-2.868237
-1.736919
-0.754081
0.056041
0.681664
1.125522
1.404976
1.549481
1.595293
1.577753
1.525136
1.462673
1.375203
1.226795
0.978379
0.594580
0.049289
-0.670537
-1.563434
-2.614223
-3.796448
-5.051661
-6.281081
-7.424527
-8.458455
-9.373468
-10.170155
-10.855359
-11.439302
-11.933585
-12.349910
-12.699332
-12.991877
-13.236400
-13.281929
-13.427965
-13.192662
-12.911611
-12.576393
-12.177399
-11.703900
-11.144292
-10.486621
-9.719550
-8.833924
-7.825151
-6.696505
-5.463258
-4.169392
-2.907374
-1.761172
-0.764813
0.056850
0.691570
1.141859
1.425145
1.571265
1.617107
1.598763
1.545204
1.482150
1.394008
1.244043
0.992425
0.603210
0.050005
-0.680213
-1.585684
-2.650726
-3.848251
-5.118821
-6.362405
-7.518271
-8.562818
-9.486758
-10.290863
-10.982189
-11.571161
-12.069567
-12.489269
-12.841456
-13.136268
-13.382652
-13.427965
-13.573864
-13.336711
-13.053418
-12.715482
-12.313193
-11.835697
-11.271244
-10.607711
-9.833569
-8.939461
-7.920598
-6.780106
-5.533215
-4.224232
-2.946640
-1.785526
-0.775599
0.057664
0.701548
1.158337
1.445522
1.593312
1.639226
1.620102
1.565601
1.501933
1.413075
1.261499
1.006614
0.611915
0.050727
-0.689947
-1.608047
-2.687381
-3.900224
-5.186148
-6.443876
-7.612131
-8.667263
-9.600093
-10.411584
-11.109000
-11.702976
-12.205482
-12.628540
-12.983476
-13.280542
-13.528775
-13.573864
-13.719625
-13.480630
-13.195108
-12.854469
-12.448900
-11.967426
-11.398150
-10.728781
-9.947596
-9.045036
-8.016116
-6.863807
-5.603296
-4.279205
-2.986033
-1.809979
-0.786440
0.058482
0.711598
1.174955
1.466105
1.615623
1.661651
1.641771
1.586328
1.522021
1.432406
1.279163
1.020947
0.620694
0.051453
-0.699740
-1.630522
-2.724185
-3.952366
-5.253640
-6.525491
-7.706104
-8.771785
-9.713471
-10.532314
-11.235792
-11.834743
-12.341327
-12.767723
-13.125392
-13.424697
-13.674767
-13.719625
-13.865247
-13.624420
-13.336679
-12.993351
-12.584519
-12.099086
-11.525010
-10.849828
-10.061630
-9.150649
-8.111703
-6.947606
-5.673498
-4.334311
-3.025552
-1.834531
-0.797334
0.059306
0.721721
1.191715
1.486894
1.638196
1.684382
1.663770
1.607385
1.542416
1.452001
1.297036
1.035424
0.629548
0.052185
-0.709592
-1.653109
-2.761139
-4.004673
-5.321294
-6.607247
-7.800186
-8.876382
-9.826889
-10.653051
-11.362560
-11.966462
-12.477100
-12.906815
-13.267201
-13.568732
-13.820628
-13.865247
-14.010728
-13.768080
-13.478131
-13.132126
-12.720048
-12.230675
-11.651820
-10.970852
-10.175667
-9.256296
-8.207355
-7.031500
-5.743818
-4.389547
-3.065195
-1.859181
-0.808282
0.060134
0.731915
1.208617
1.507891
1.661034
1.707420
1.686101
1.628773
1.563118
1.471861
1.315117
1.050046
0.638476
0.052922
-0.719503
-1.675808
-2.798240
-4.057145
-5.389108
-6.689140
-7.894376
-8.981051
-9.940343
-10.773791
-11.489302
-12.098129
-12.612800
-13.045815
-13.408902
-13.712646
-13.966356
-14.010728
-14.156067
-13.911606
-13.619462
-13.270795
-12.855485
-12.362191
-11.778578
-11.091848
-10.289705
-9.361974
-8.303069
-7.115487
-5.814254
-4.444910
-3.104960
-1.883929
-0.819283
0.060967
0.742180
1.225659
1.529094
1.684136
1.730766
1.708763
1.650493
1.584127
1.491986
1.333408
1.064811
0.647479
0.053665
-0.729472
-1.698616
-2.835487
-4.109779
-5.457078
-6.771169
-7.988668
-9.085788
-10.053831
-10.894532
-11.616017
-12.229743
-12.748425
-13.184721
-13.550493
-13.856436
-14.111949
-14.156067
-14.301263
-14.055000
-13.760671
-13.409354
-12.990829
-12.493631
-11.905283
-11.212816
-10.403742
-9.467681
-8.398843
-7.199563
-5.884803
-4.500399
-3.144846
-1.908772
-0.830337
0.061805
0.752517
1.242841
1.550505
1.707502
1.754420
1.731758
1.672546
1.605445
1.512377
1.351908
1.079721
0.656556
0.054412
-0.739499
-1.721535
-2.872879
-4.162573
-5.525203
-6.853329
-8.083062
-9.190591
-10.167349
-11.015272
-11.742701
-12.361301
-12.883972
-13.323531
-13.691973
-14.000102
-14.257408
-14.301263
-14.446316
-14.198259
-13.901757
-13.547803
-13.126078
-12.624995
-12.031932
-11.333752
-10.517775
-9.573414
-8.494675
-7.283726
-5.955464
-4.556012
-3.184852
-1.933712
-0.841444
0.062648
0.762926
1.260165
1.572122
1.731133
1.778383
1.755087
1.694932
1.627072
1.533034
1.370618
1.094774
0.665708
0.055165
-0.749584
-1.744563
-2.910415
-4.215525
-5.593479
-6.935619
-8.177553
-9.295457
-10.280896
-11.136008
-11.869352
-12.492802
-13.019440
-13.462244
-13.833339
-14.143642
-14.402730
-14.446316
-14.591224
-14.341382
-14.042717
-13.686140
-13.261230
-12.756281
-12.158524
-11.454655
-10.631802
-9.679170
-8.590561
-7.367973
-6.026233
-4.611746
-3.224976
-1.958745
-0.852603
0.063496
0.773405
1.277629
1.593947
1.755029
1.802655
1.778748
1.717652
1.649008
1.553957
1.389537
1.109972
0.674934
0.055923
-0.759726
-1.767699
-2.948093
-4.268634
-5.661905
-7.018035
-8.272139
-9.400382
-10.394468
-11.256738
-11.995968
-12.624242
-13.154827
-13.600857
-13.974592
-14.287055
-14.547914
-14.591224
-14.735986
-14.484369
-14.183552
-13.824364
-13.396285
-12.887486
-12.285056
-11.575522
-10.745821
-9.784948
-8.686499
-7.452303
-6.097108
-4.667601
-3.265217
-1.983873
-0.863814
0.064348
0.783956
1.295234
1.615979
1.779191
1.827236
1.802745
1.740705
1.671253
1.575147
1.408667
1.125315
0.684234
0.056685
-0.769926
-1.790943
-2.985912
-4.321898
-5.730479
-7.100575
-8.366817
-9.505364
-10.508063
-11.377458
-12.122547
-12.755621
-13.290132
-13.739371
-14.115730
-14.430340
-14.692960
-14.735986
-14.880601
-14.627218
-14.324260
-13.962474
-13.531240
-13.018609
-12.411528
-11.696352
-10.859828
-9.890744
-8.782487
-7.536711
-6.168087
-4.723573
-3.305573
-2.009093
-0.875077
0.065205
0.794577
1.312979
1.638218
1.803618
1.852127
1.827075
1.764094
1.693810
1.596604
1.428007
1.140801
0.693608
0.057453
-0.780183
-1.814293
-3.023871
-4.375314
-5.799197
-7.183236
-8.461583
-9.610401
-10.621678
-11.498167
-12.249087
-12.886937
-13.425352
-13.877782
-14.256750
-14.573496
-14.837866
-14.880601
-15.025069
-14.769928
-14.464839
-14.100468
-13.666094
-13.149649
-12.537936
-11.817142
-10.973823
-9.996557
-8.878522
-7.621196
-6.239168
-4.779661
-3.346044
-2.034406
-0.886391
0.066067
0.805269
1.330864
1.660664
1.828310
1.877328
1.851741
1.787817
1.716676
1.618328
1.447557
1.156432
0.703056
0.058227
-0.790497
-1.837751
-3.061969
-4.428881
-5.868057
-7.266015
-8.556436
-9.715489
-10.735310
-11.618862
-12.375586
-13.018187
-13.560486
-14.016090
-14.397653
-14.716522
-14.982632
-15.025069
-15.169389
-14.912499
-14.605290
-14.238345
-13.800846
-13.280604
-12.664279
-11.937891
-11.087803
-10.102384
-8.974602
-7.705756
-6.310348
-4.835863
-3.386627
-2.059810
-0.897756
0.066934
0.816032
1.348889
1.683317
1.853269
1.902840
1.876743
1.811876
1.739854
1.640321
1.467318
1.172207
0.712578
0.059005
-0.800868
-1.861314
-3.100204
-4.482598
-5.937057
-7.348910
-8.651373
-9.820626
-10.848957
-11.739542
-12.502041
-13.149370
-13.695532
-14.154293
-14.538436
-14.859416
-15.127256
-15.169389
-15.313560
-15.054929
-14.745610
-14.376105
-13.935495
-13.411473
-12.790556
-12.058596
-11.201765
-10.208222
-9.070723
-7.790387
-6.381625
-4.892177
-3.427320
-2.085304
-0.909171
0.067806
0.826865
1.367054
1.706178
1.878494
1.928663
1.902081
1.836272
1.763344
1.662581
1.487290
1.188126
0.722174
0.059788
-0.811295
-1.884982
-3.138575
-4.536461
-6.006194
-7.431918
-8.746390
-9.925809
-10.962617
-11.860203
-12.628450
-13.280483
-13.830490
-14.292390
-14.679099
-15.002178
-15.271737
-15.313560
-15.457581
-15.197218
-14.885799
-14.513745
-14.070039
-13.542254
-12.916764
-12.179256
-11.315708
-10.314070
-9.166885
-7.875089
-6.452997
-4.948602
-3.468124
-2.110888
-0.920637
0.068682
0.837768
1.385358
1.729245
1.903984
1.954797
1.927755
1.861003
1.787145
1.685110
1.507472
1.204190
0.731844
0.060576
-0.821778
-1.908754
-3.177082
-4.590469
-6.075467
-7.515036
-8.841485
-10.031035
-11.076288
-11.980844
-12.754813
-13.411526
-13.965357
-14.430380
-14.819640
-15.144807
-15.416076
-15.457581
-15.601452
-15.339365
-15.025857
-14.651265
-14.204476
-13.672945
-13.042904
-12.299869
-11.429631
-10.419926
-9.263084
-7.959857
-6.524461
-5.005134
-3.509036
-2.136561
-0.932153
0.069563
0.848740
1.403802
1.752520
1.929742
1.981243
1.953765
1.886072
1.811259
1.707907
1.527865
1.220397
0.741587
0.061370
-0.832317
-1.932630
-3.215721
-4.644621
-6.144873
-7.598262
-8.936656
-10.136303
-11.189966
-12.101462
-12.881126
-13.542497
-14.100131
-14.568261
-14.960058
-15.287301
-15.560270
-15.601452
-15.745171
-15.481369
-15.165781
-14.788664
-14.338807
-13.803546
-13.168971
-12.420434
-11.543529
-10.525786
-9.359319
-8.044691
-6.596016
-5.061773
-3.550055
-2.162321
-0.943719
0.070448
0.859783
1.422386
1.776001
1.955765
2.008000
1.980113
1.911477
1.835685
1.730973
1.548470
1.236749
0.751404
0.062168
-0.842912
-1.956609
-3.254493
-4.698915
-6.214410
-7.681594
-9.031900
-10.241609
-11.303649
-12.222056
-13.007388
-13.673394
-14.234813
-14.706032
-15.100353
-15.429660
-15.704319
-15.745171
-15.888738
-15.623230
-15.305571
-14.925941
-14.473030
-13.934055
-13.294967
-12.540948
-11.657403
-10.631650
-9.455586
-8.129587
-6.667659
-5.118517
-3.591180
-2.188169
-0.955334
0.071338
0.870895
1.441108
1.799689
1.982055
2.035069
2.006799
1.937221
1.860424
1.754307
1.569285
1.253245
0.761295
0.062972
-0.853562
-1.980690
-3.293396
-4.753348
-6.284075
-7.765028
-9.127214
-10.346952
-11.417336
-12.342623
-13.133597
-13.804215
-14.369399
-14.843692
-15.240523
-15.571882
-15.848222
-15.888738
-16.032153
-15.764946
-15.445227
-15.063095
-14.607143
-14.064471
-13.420887
-12.661409
-11.771250
-10.737514
-9.551884
-8.214543
-6.739389
-5.175363
-3.632409
-2.214103
-0.966998
0.072233
0.882076
1.459969
1.823584
2.008612
2.062451
2.033822
1.963302
1.885476
1.777911
1.590311
1.269884
0.771259
0.063780
-0.864267
-2.004873
-3.332429
-4.807919
-6.353866
-7.848563
-9.222596
-10.452328
-11.531025
-12.463162
-13.259751
-13.934959
-14.503890
-14.981239
-15.380568
-15.713968
-15.991979
-16.032153
-16.175415
-15.906517
-15.584747
-15.200125
-14.741145
-14.194792
-13.546733
-12.781817
-11.885068
-10.843378
-9.648211
-8.299558
-6.811202
-5.232311
-3.673741
-2.240122
-0.978710
0.073132
0.893326
1.478969
1.847686
2.035435
2.090145
2.061183
1.989721
1.910842
1.801785
1.611548
1.286668
0.781296
0.064594
-0.875028
-2.029156
-3.371591
-4.862627
-6.423781
-7.932195
-9.318044
-10.557735
-11.644712
-12.583670
-13.385849
-14.065625
-14.638283
-15.118674
-15.520486
-15.855916
-16.135589
-16.175415
-16.318523
-16.047942
-15.724131
-15.337029
-14.875036
-14.325018
-13.672501
-12.902170
-11.998855
-10.949238
-9.744565
-8.384629
-6.883098
-5.289357
-3.715174
-2.266226
-0.990471
0.074036
0.904646
1.498107
1.871994
2.062525
2.118151
2.088882
2.016479
1.936521
1.825927
1.632996
1.303595
0.791406
0.065412
-0.885842
-2.053540
-3.410880
-4.917468
-6.493818
-8.015923
-9.413554
-10.663172
-11.758395
-12.704146
-13.511889
-14.196210
-14.772577
-15.255994
-15.660276
-15.997725
-16.279051
-16.318523
-16.461477
-16.189221
-15.863378
-15.473808
-15.008814
-14.455147
-13.798190
-13.022465
-12.112610
-11.055094
-9.840943
-8.469754
-6.955073
-5.346501
-3.756707
-2.292414
-1.002280
0.074945
0.916034
1.517384
1.896508
2.089882
2.146471
2.116920
2.043575
1.962514
1.850339
1.654656
1.320666
0.801589
0.066236
-0.896711
-2.078023
-3.450295
-4.972443
-6.563974
-8.099745
-9.509125
-10.768636
-11.872074
-12.824588
-13.637870
-14.326714
-14.906771
-15.393198
-15.799937
-16.139394
-16.422365
-16.461477
-16.604276
-16.330353
-16.002487
-15.610460
-15.142479
-14.585177
-13.923800
-13.142703
-12.226331
-11.160943
-9.937343
-8.554930
-7.027126
-5.403741
-3.798340
-2.318684
-1.014136
0.075858
0.927490
1.536798
1.921229
2.117505
2.175103
2.145297
2.071010
1.988820
1.875021
1.676526
1.337881
0.811845
0.067064
-0.907635
-2.102605
-3.489834
-5.027548
-6.634248
-8.183656
-9.604754
-10.874124
-11.985745
-12.944993
-13.763789
-14.457136
-15.040864
-15.530286
-15.939469
-16.280924
-16.565529
-16.604276
-16.746920
-16.471338
-16.141458
-15.746985
-15.276029
-14.715109
-14.049329
-13.262880
-12.340016
-11.266783
-10.033764
-8.640157
-7.099256
-5.461074
-3.840069
-2.345037
-1.026040
0.076775
0.939014
1.556350
1.946155
2.145395
2.204047
2.174012
2.098784
2.015441
1.899973
1.698608
1.355239
0.822173
0.067897
-0.918612
-2.127284
-3.529498
-5.082782
-6.704637
-8.267657
-9.700439
-10.979634
-12.099407
-13.065360
-13.889645
-14.587473
-15.174855
-15.667257
-16.078871
-16.422313
-16.708544
-16.746920
-16.889408
-16.612174
-16.280289
-15.883381
-15.409464
-14.844940
-14.174776
-13.382995
-12.453664
-11.372613
-10.130204
-8.725431
-7.171459
-5.518500
-3.881895
-2.371471
-1.037990
0.077697
0.950607
1.576039
1.971287
2.173551
2.233305
2.203067
2.126898
2.042377
1.925194
1.720900
1.372740
0.832575
0.068736
-0.929642
-2.152061
-3.569283
-5.138144
-6.775139
-8.351743
-9.796178
-11.085165
-12.213057
-13.185688
-14.015437
-14.717724
-15.308743
-15.804109
-16.218142
-16.563560
-16.851408
-16.889408
-17.031740
-16.752861
-16.418981
-16.019648
-15.542782
-14.974670
-14.300139
-13.503048
-12.567272
-11.478430
-10.226660
-8.810751
-7.243734
-5.576015
-3.923816
-2.397986
-1.049987
0.078623
0.962267
1.595865
1.996625
2.201973
2.262876
2.232461
2.155351
2.069626
1.950685
1.743404
1.390384
0.843048
0.069579
-0.940726
-2.176935
-3.609190
-5.193631
-6.845752
-8.435914
-9.891968
-11.190713
-12.326694
-13.305975
-14.141163
-14.847889
-15.442526
-15.940841
-16.357282
-16.704665
-16.994122
-17.031740
-17.173915
-16.893399
-16.557533
-16.155785
-15.675984
-15.104298
-14.425417
-13.623037
-12.680840
-11.584233
-10.323130
-8.896114
-7.316079
-5.633620
-3.965830
-2.424579
-1.062030
0.079554
0.973995
1.615828
2.022168
2.230662
2.292760
2.262194
2.184144
2.097191
1.976446
1.766118
1.408172
0.853594
0.070427
-0.951862
-2.201904
-3.649216
-5.249242
-6.916474
-8.520165
-9.987807
-11.296278
-12.440316
-13.426218
-14.266822
-14.977966
-15.576204
-16.077454
-16.496288
-16.845627
-17.136684
-17.173915
-17.315933
-17.033788
-16.695943
-16.291792
-15.809067
-15.233822
-14.550609
-13.742960
-12.794366
-11.690020
-10.419613
-8.981519
-7.388492
-5.691311
-4.007937
-2.451252
-1.074119
0.080489
0.985790
1.635928
2.047916
2.259617
2.322957
2.292266
2.213276
2.125070
2.002477
1.789043
1.426102
0.864212
0.071280
-0.963052
-2.226968
-3.689361
-5.304974
-6.987302
-8.604497
-10.083693
-11.401856
-12.553921
-13.546417
-14.392412
-15.107953
-15.709775
-16.213945
-16.635161
-16.986446
-17.279094
-17.315933
-17.457794
-17.174026
-16.834212
-16.427668
-15.942031
-15.363242
-14.675714
-13.862815
-12.907848
-11.795789
-10.516107
-9.066964
-7.460972
-5.749088
-4.050134
-2.478003
-1.086254
0.081429
0.997652
1.656163
2.073869
2.288838
2.353467
2.322678
2.242749
2.153263
2.028778
1.812179
1.444175
0.874902
0.072137
-0.974293
-2.252127
-3.729623
-5.360827
-7.058236
-8.688905
-10.179623
-11.507446
-12.667507
-13.666569
-14.517932
-15.237851
-15.843238
-16.350314
-16.773901
-17.127121
-17.421352
-17.457794
-17.599497
-17.314113
-16.972338
-16.563411
-16.074875
-15.492556
-14.800731
-13.982603
-13.021285
-11.901540
-10.612610
-9.152447
-7.533516
-5.806948
-4.092421
-2.504831
-1.098434
0.082373
1.009581
1.676535
2.100027
2.318325
2.384290
2.353430
2.272561
2.181772
2.055349
1.835525
1.462390
0.885664
0.073000
-0.985587
-2.277379
-3.770001
-5.416799
-7.129271
-8.773388
-10.275596
-11.613046
-12.781072
-13.786674
-14.643381
-15.367656
-15.976593
-16.486561
-16.912505
-17.267651
-17.563457
-17.599497
-17.741041
-17.454050
-17.110322
-16.699022
-16.207599
-15.621765
-14.925659
-14.102321
-13.134675
-12.007269
-10.709119
-9.237966
-7.606122
-5.864890
-4.134796
-2.531734
-1.110658
0.083321
1.021576
1.697042
2.126389
2.348078
2.415426
2.384521
2.302713
2.210595
2.082189
1.859081
1.480747
0.896497
0.073867
-0.996933
-2.302724
-3.810494
-5.472887
-7.200408
-8.857944
-10.371609
-11.718654
-12.894615
-13.906729
-14.768756
-15.497369
-16.109838
-16.622684
-17.050974
-17.408035
-17.705408
-17.741041
-17.882427
-17.593834
-17.248163
-16.834500
-16.340201
-15.750866
-15.050496
-14.221969
-13.248017
-12.112976
-10.805635
-9.323519
-7.678789
-5.922913
-4.177258
-2.558714
-1.122927
0.084273
1.033638
1.717684
2.152954
2.378096
2.446875
2.415952
2.333205
2.239734
2.109299
1.882848
1.499247
0.907401
0.074739
-1.008330
-2.328161
-3.851101
-5.529091
-7.271643
-8.942570
-10.467661
-11.824268
-13.008134
-14.026733
-14.894058
-15.626988
-16.242973
-16.758682
-17.189308
-17.548274
-17.847206
-17.882427
-18.023654
-17.733467
-17.385860
-16.969844
-16.472682
-15.879859
-15.175242
-14.341544
-13.361309
-12.218658
-10.902154
-9.409104
-7.751515
-5.981014
-4.219805
-2.585768
-1.135240
0.085230
1.045765
1.738460
2.179724
2.408379
2.478637
2.447722
2.364038
2.269187
2.136679
1.906825
1.517888
0.918377
0.075616
-1.019778
-2.353689
-3.891819
-5.585407
-7.342974
-9.027265
-10.563749
-11.929885
-13.121626
-14.146684
-15.019284
-15.756512
-16.375996
-16.894556
-17.327504
-17.688367
-17.988849
-18.023654
-18.164722
-17.872947
-17.523413
-17.105054
-16.605039
-16.008744
-15.299895
-14.461046
-13.474550
-12.324315
-10.998675
-9.494720
-7.824297
-6.039192
-4.262437
-2.612895
-1.147596
0.086191
1.057959
1.759372
2.206697
2.438928
2.510711
2.479832
2.395210
2.298954
2.164328
1.931012
1.536671
0.929424
0.076498
-1.031277
-2.379308
-3.932649
-5.641836
-7.414400
-9.112026
-10.659870
-12.035505
-13.235091
-14.266582
-15.144434
-15.885940
-16.508907
-17.030303
-17.465563
-17.828314
-18.130338
-18.164722
-18.305630
-18.012275
-17.660821
-17.240128
-16.737274
-16.137518
-15.424455
-14.580474
-13.587739
-12.429945
-11.095196
-9.580364
-7.897135
-6.097445
-4.305152
-2.640096
-1.159996
0.087157
1.070217
1.780417
2.233872
2.469742
2.543098
2.512281
2.426723
2.329037
2.192247
1.955408
1.555596
0.940542
0.077384
-1.042827
-2.405016
-3.973588
-5.698374
-7.485918
-9.196852
-10.756025
-12.141125
-13.348527
-14.386424
-15.269505
-16.015271
-16.641705
-17.165924
-17.603485
-17.968113
-18.271672
-18.305630
-18.446378
-18.151449
-17.798084
-17.375067
-16.869384
-16.266183
-15.548921
-14.699827
-13.700875
-12.535546
-11.191715
-9.666035
-7.970026
-6.155772
-4.347949
-2.667368
-1.172439
0.088126
1.082541
1.801596
2.261251
2.500820
2.575797
2.545070
2.458576
2.359435
2.220436
1.980014
1.574661
0.951730
0.078275
-1.054427
-2.430814
-4.014636
-5.755021
-7.557527
-9.281740
-10.852209
-12.246743
-13.461932
-14.506210
-15.394498
-16.144504
-16.774390
-17.301418
-17.741268
-18.107764
-18.412851
-18.446378
-18.586967
-18.290470
-17.935201
-17.509870
-17.001369
-16.394735
-15.673291
-14.819102
-13.813955
-12.641117
-11.288232
-9.751731
-8.042969
-6.214171
-4.390826
-2.694712
-1.184924
0.089100
1.094930
1.822908
2.288831
2.532162
2.608809
2.578199
2.490769
2.390147
2.248893
2.004829
1.593867
0.962989
0.079171
-1.066077
-2.456700
-4.055790
-5.811774
-7.629225
-9.366688
-10.948421
-12.352358
-13.575305
-14.625937
-15.519410
-16.273638
-16.906959
-17.436783
-17.878912
-18.247267
-18.553874
-18.586967
-18.727394
-18.429337
-18.072173
-17.644536
-17.133229
-16.523176
-15.797565
-14.938300
-13.926980
-12.746656
-11.384743
-9.837451
-8.115962
-6.272641
-4.433782
-2.722126
-1.197452
0.090078
1.107383
1.844354
2.316614
2.563768
2.642133
2.611667
2.523301
2.421173
2.277619
2.029853
1.613214
0.974317
0.080072
-1.077776
-2.482673
-4.097051
-5.868631
-7.701009
-9.451694
-11.044660
-12.457968
-13.688643
-14.745605
-15.644241
-16.402672
-17.039413
-17.572020
-18.016416
-18.386622
-18.694740
-18.727394
-18.867661
-18.568049
-18.208998
-17.779066
-17.264963
-16.651504
-15.921741
-15.057419
-14.039947
-12.852162
-11.481249
-9.923192
-8.189003
-6.331179
-4.476817
-2.749609
-1.210021
0.091060
1.119901
1.865931
2.344598
2.595638
2.675769
2.645474
2.556174
2.452514
2.306615
2.055086
1.632701
0.985716
0.080977
-1.089525
-2.508733
-4.138416
-5.925592
-7.772877
-9.536756
-11.140923
-12.563571
-13.801946
-14.865213
-15.768990
-16.531605
-17.171750
-17.707128
-18.153781
-18.525827
-18.835451
-18.867661
-19.007768
-18.706608
-18.345676
-17.913457
-17.396570
-16.779719
-16.045820
-15.176459
-14.152855
-12.957633
-11.577746
-10.008953
-8.262091
-6.389785
-4.519928
-2.777162
-1.222632
0.092046
1.132482
1.887641
2.372783
2.627772
2.709716
2.679620
2.589387
2.484170
2.335879
2.080528
1.652328
0.997185
0.081887
-1.101323
-2.534879
-4.179885
-5.982655
-7.844829
-9.621872
-11.237208
-12.669165
-13.915212
-14.984758
-15.893654
-16.660437
-17.303970
-17.842106
-18.291005
-18.664884
-18.976004
-19.007768
-19.147713
-18.845011
-18.482207
-18.047711
-17.528051
-16.907819
-16.169800
-15.295417
-14.265704
-13.063068
-11.674234
-10.094733
-8.335223
-6.448457
-4.563114
-2.804782
-1.235284
0.093036
1.145127
1.909483
2.401169
2.660168
2.743975
2.714105
2.622939
2.516140
2.365411
2.106178
1.672095
1.008723
0.082801
-1.113169
-2.561110
-4.221455
-6.039817
-7.916861
-9.707041
-11.333514
-12.774749
-14.028439
-15.104239
-16.018235
-16.789165
-17.436073
-17.976953
-18.428088
-18.803790
-19.116401
-19.147713
-19.287496
-18.983259
-18.618590
-18.181825
-17.659403
-17.035804
-16.293680
-15.414294
-14.378491
-13.168466
-11.770711
-10.180529
-8.408399
-6.507193
-4.606375
-2.832468
-1.247976
0.094030
1.157836
1.931455
2.429754
2.692827
2.778545
2.748928
2.656831
2.548423
2.395211
2.132035
1.692001
1.020331
0.083720
-1.125064
-2.587425
-4.263127
-6.097077
-7.988972
-9.792260
-11.429839
-12.880321
-14.141626
-15.223656
-16.142729
-16.917790
-17.568057
-18.111670
-18.565029
-18.942547
-19.256640
-19.287496
-19.427118
-19.121352
-18.754826
-18.315801
-17.790627
-17.163674
-16.417459
-15.533088
-14.491216
-13.273826
-11.867176
-10.266340
-8.481616
-6.565992
-4.649708
-2.860222
-1.260709
0.095028
1.170608
1.953558
2.458540
2.725749
2.813425
2.784091
2.691062
2.581021
2.425280
2.158101
1.712047
1.032007
0.084643
-1.137007
-2.613824
-4.304898
-6.154434
-8.061160
-9.877527
-11.526181
-12.985879
-14.254771
-15.343007
-16.267136
-17.046311
-17.699921
-18.246254
-18.701829
-19.081152
-19.396722
-19.427118
-19.566578
-19.259290
-18.890913
-18.449638
-17.921722
-17.291427
-16.541137
-15.651797
-14.603878
-13.379145
-11.963626
-10.352165
-8.554873
-6.624852
-4.693113
-2.888040
-1.273482
0.096030
1.183442
1.975792
2.487525
2.758932
2.848617
2.819591
2.725632
2.613932
2.455616
2.184373
1.732231
1.043752
0.085571
-1.148997
-2.640305
-4.346767
-6.211886
-8.133424
-9.962841
-11.622537
-13.091422
-14.367874
-15.462291
-16.391456
-17.174726
-17.831666
-18.380707
-18.838486
-19.219608
-19.536646
-19.566578
-19.705877
-19.397071
-19.026852
-18.583334
-18.052687
-17.419063
-16.664713
-15.770423
-14.716475
-13.484424
-12.060061
-10.438001
-8.628168
-6.683772
-4.736588
-2.915923
-1.286294
0.097036
1.196339
1.998155
2.516708
2.792376
2.884118
2.855430
2.760542
2.647157
2.486220
2.210853
1.752553
1.055566
0.086504
-1.161035
-2.666869
-4.388733
-6.269431
-8.205760
-10.048199
-11.718907
-13.196948
-14.480932
-15.581507
-16.515687
-17.303035
-17.963290
-18.515026
-18.975001
-19.357911
-19.676411
-19.705877
-19.845013
-19.534697
-19.162641
-18.716891
-18.183523
-17.546582
-16.788185
-15.888962
-14.829007
-13.589659
-12.156480
-10.523848
-8.701500
-6.742750
-4.780133
-2.943869
-1.299145
0.098046
1.209297
2.020648
2.546090
2.826082
2.919930
2.891607
2.795790
2.680695
2.517090
2.237539
1.773014
1.067449
0.087441
-1.173119
-2.693513
-4.430795
-6.327067
-8.278169
-10.133600
-11.815289
-13.302455
-14.593945
-15.700653
-16.639828
-17.431238
-18.094792
-18.649213
-19.111372
-19.496064
-19.816019
-19.845013
-19.983987
-19.672165
-19.298282
-18.850306
-18.314228
-17.673982
-16.911554
-16.007415
-14.941471
-13.694851
-12.252880
-10.609703
-8.774867
-6.801785
-4.823745
-2.971878
-1.312035
0.099060
1.222318
2.043269
2.575669
2.860048
2.956050
2.928121
2.831377
2.714545
2.548228
2.264432
1.793612
1.079399
0.088382
-1.185251
-2.720238
-4.472951
-6.384793
-8.350646
-10.219042
-11.911680
-13.407942
-14.706911
-15.819729
-16.763879
-17.559332
-18.226173
-18.783265
-19.247599
-19.634064
-19.955467
-19.983987
-20.122798
-19.809478
-19.433773
-18.983581
-18.444803
-17.801263
-17.034819
-16.125780
-15.053869
-13.799998
-12.349260
-10.695566
-8.848268
-6.860875
-4.867424
-2.999949
-1.324963
0.100078
1.235400
2.066019
2.605446
2.894274
2.992480
2.964972
2.867302
2.748709
2.579632
2.291530
1.814347
1.091417
0.089328
-1.197428
-2.747042
-4.515201
-6.442607
-8.423192
-10.304523
-12.008080
-13.513408
-14.819828
-15.938733
-16.887837
-17.687318
-18.357431
-18.917184
-19.383683
-19.771913
-20.094757
-20.122798
-20.261447
-19.946633
-19.569114
-19.116714
-18.575245
-17.928426
-17.157978
-16.244057
-15.166197
-13.905098
-12.445619
-10.781435
-8.921700
-6.920019
-4.911169
-3.028081
-1.337930
0.101099
1.248543
2.088897
2.635419
2.928759
3.029219
3.002160
2.903565
2.783185
2.611302
2.318834
1.835220
1.103502
0.090279
-1.209651
-2.773925
-4.557542
-6.500508
-8.495804
-10.390041
-12.104486
-13.618851
-14.932696
-16.057664
-17.011704
-17.815195
-18.488566
-19.050967
-19.519622
-19.909609
-20.233888
-20.261447
-20.399933
-20.083632
-19.704305
-19.249705
-18.705556
-18.055468
-17.281031
-16.362244
-15.278456
-14.010152
-12.541956
-10.867307
-8.995163
-6.979215
-4.954977
-3.056273
-1.350933
0.102125
1.261746
2.111902
2.665589
2.963504
3.066266
3.039685
2.940167
2.817973
2.643238
2.346343
1.856229
1.115655
0.091233
-1.221920
-2.800886
-4.599974
-6.558494
-8.568480
-10.475594
-12.200896
-13.724269
-15.045512
-16.176521
-17.135476
-17.942961
-18.619578
-19.184616
-19.655416
-20.047152
-20.372859
-20.399933
-20.538255
-20.220473
-19.839346
-19.382554
-18.835735
-18.182389
-17.403978
-16.480341
-15.390643
-14.115156
-12.638268
-10.953183
-9.068655
-7.038462
-4.998849
-3.084525
-1.363974
0.103154
1.275010
2.135033
2.695953
2.998507
3.103621
3.077547
2.977105
2.853072
2.675439
2.374056
1.877374
1.127875
0.092192
-1.234234
-2.827923
-4.642495
-6.616563
-8.641218
-10.561181
-12.297310
-13.829661
-15.158277
-16.295303
-17.259155
-18.070618
-18.750464
-19.318128
-19.791065
-20.184542
-20.511671
-20.538255
-20.676415
-20.357157
-19.974236
-19.515261
-18.965781
-18.309189
-17.526818
-16.598348
-15.502759
-14.220111
-12.734556
-11.039060
-9.142174
-7.097758
-5.042782
-3.112835
-1.377052
0.104187
1.288334
2.158291
2.726513
3.033768
3.141283
3.115744
3.014381
2.888483
2.707906
2.401974
1.898654
1.140161
0.093156
-1.246593
-2.855037
-4.685104
-6.674714
-8.714017
-10.646800
-12.393725
-13.935026
-15.270988
-16.414009
-17.382738
-18.198162
-18.881226
-19.451505
-19.926569
-20.321779
-20.650324
-20.676415
-20.814412
-20.493683
-20.108975
-19.647825
-19.095694
-18.435868
-17.649549
-16.716262
-15.614803
-14.325014
-12.830817
-11.124936
-9.215719
-7.157102
-5.086776
-3.141203
-1.390166
0.105224
1.301718
2.181675
2.757267
3.069287
3.179252
3.154276
3.051993
2.924205
2.740637
2.430096
1.920070
1.152514
0.094124
-1.258996
-2.882226
-4.727800
-6.732946
-8.786875
-10.732450
-12.490140
-14.040362
-15.383644
-16.532638
-17.506225
-18.325595
-19.011863
-19.584745
-20.061927
-20.458863
-20.788816
-20.814412
-20.952245
-20.630052
-20.243563
-19.780246
-19.225473
-18.562425
-17.772172
-16.834084
-15.726772
-14.429866
-12.927051
-11.210811
-9.289289
-7.216493
-5.130830
-3.169627
-1.403316
0.106264
1.315160
2.205183
2.788215
3.105062
3.217528
3.193144
3.089942
2.960238
2.773631
2.458420
1.941621
1.164933
0.095096
-1.271443
-2.909490
-4.770582
-6.791255
-8.859790
-10.818127
-12.586554
-14.145667
-15.496244
-16.651189
-17.629615
-18.452915
-19.142373
-19.717848
-20.197138
-20.595793
-20.927148
-20.952245
-21.089915
-20.766263
-20.377999
-19.912523
-19.355118
-18.688858
-17.894685
-16.951813
-15.838667
-14.534665
-13.023256
-11.296684
-9.362881
-7.275929
-5.174941
-3.198108
-1.416501
0.107308
1.328662
2.228816
2.819355
3.141093
3.256109
3.232346
3.128227
2.996581
2.806890
2.486948
1.963307
1.177418
0.096072
-1.283934
-2.936827
-4.813448
-6.849642
-8.932760
-10.903832
-12.682964
-14.250941
-15.608787
-16.769661
-17.752907
-18.580121
-19.272757
-19.850813
-20.332203
-20.732569
-21.065321
-21.089915
-21.227422
-20.902315
-20.512285
-20.044656
-19.484629
-18.815169
-18.017089
-17.069448
-15.950486
-14.639409
-13.119430
-11.382551
-9.436495
-7.335409
-5.219110
-3.226643
-1.429722
0.108355
1.342222
2.252573
2.850688
3.177380
3.294996
3.271883
3.166847
3.033234
2.840412
2.515678
1.985126
1.189968
0.097052
-1.296469
-2.964238
-4.856396
-6.908104
-9.005785
-10.989561
-12.779369
-14.356182
-15.721272
-16.888053
-17.876101
-18.707213
-19.403014
-19.983641
-20.467122
-20.869190
-21.203332
-21.227422
-21.364764
-21.038209
-20.646418
-20.176646
-19.614005
-18.941356
-18.139382
-17.186988
-16.062228
-14.744098
-13.215573
-11.468414
-9.510129
-7.394931
-5.263334
-3.255233
-1.442977
0.109407
1.355841
2.276454
2.882213
3.213922
3.334187
3.311753
3.205803
3.070196
2.874197
2.544610
2.007079
1.202583
0.098037
-1.309046
-2.991720
-4.899427
-6.966640
-9.078861
-11.075314
-12.875767
-14.461388
-15.833698
-17.006363
-17.999195
-18.834191
-19.533144
-20.116330
-20.601893
-21.005658
-21.341184
-21.364764
-21.501944
-21.173945
-20.780399
-20.308491
-19.743246
-19.067418
-18.261565
-17.304432
-16.173894
-14.848730
-13.311683
-11.554269
-9.583782
-7.454495
-5.307613
-3.283876
-1.456267
0.110461
1.369517
2.300457
2.913929
3.250718
3.373683
3.351956
3.245093
3.107467
2.908243
2.573743
2.029165
1.215263
0.099026
-1.321666
-3.019273
-4.942538
-7.025248
-9.151987
-11.161088
-12.972158
-14.566558
-15.946063
-17.124592
-18.122189
-18.961053
-19.663145
-20.248881
-20.736517
-21.141970
-21.478874
-21.501944
-21.638959
-21.309522
-20.914228
-20.440191
-19.872351
-19.193357
-18.383635
-17.421780
-16.285480
-14.953306
-13.407760
-11.640115
-9.657452
-7.514097
-5.351945
-3.312572
-1.469590
0.111520
1.383250
2.324582
2.945835
3.287767
3.413482
3.392492
3.284718
3.145046
2.942552
2.603077
2.051383
1.228008
0.100019
-1.334327
-3.046897
-4.985728
-7.083927
-9.225163
-11.246883
-13.068540
-14.671692
-16.058366
-17.242738
-18.245083
-19.087799
-19.793018
-20.381292
-20.870993
-21.278128
-21.616404
-21.638959
-21.775810
-21.444941
-21.047905
-20.571747
-20.001320
-19.319169
-18.505593
-17.539031
-16.396988
-15.057822
-13.503801
-11.725952
-9.731137
-7.573739
-5.396329
-3.341320
-1.482947
0.112581
1.397040
2.348828
2.977931
3.325070
3.453585
3.433360
3.324676
3.182933
2.977122
2.632611
2.073734
1.240817
0.101016
-1.347031
-3.074590
-5.028995
-7.142675
-9.298385
-11.332696
-13.164910
-14.776787
-16.170607
-17.360800
-18.367874
-19.214429
-19.922761
-20.513565
-21.005322
-21.414130
-21.753773
-21.775810
-21.912497
-21.580201
-21.181429
-20.703157
-20.130153
-19.444857
-18.627439
-17.656184
-16.508416
-15.162280
-13.599806
-11.811778
-9.804838
-7.633417
-5.440765
-3.370119
-1.496338
0.113647
1.410887
2.373196
3.010215
3.362625
3.493989
3.474560
3.364968
3.221128
3.011952
2.662345
2.096215
1.253689
0.102017
-1.359776
-3.102352
-5.072340
-7.201491
-9.371652
-11.418526
-13.261268
-14.881842
-16.282783
-17.478778
-18.490564
-19.340941
-20.052376
-20.645697
-21.139502
-21.549978
-21.890981
-21.912497
-22.049021
-21.715302
-21.314800
-20.834422
-20.258850
-19.570418
-18.749170
-17.773238
-16.619763
-15.266676
-13.695774
-11.897592
-9.878551
-7.693130
-5.485250
-3.398967
-1.509760
0.114715
1.424790
2.397684
3.042688
3.400431
3.534696
3.516091
3.405592
3.259629
3.047042
2.692278
2.118828
1.266625
0.103023
-1.372562
-3.130181
-5.115760
-7.260372
-9.444963
-11.504371
-13.357613
-14.986856
-16.394895
-17.596670
-18.613150
-19.467336
-20.181860
-20.777690
-21.273533
-21.685670
-22.028027
-22.049021
-22.185380
-21.850244
-21.448019
-20.965542
-20.387410
-19.695853
-18.870789
-17.890194
-16.731028
-15.371012
-13.791703
-11.983392
-9.952276
-7.752878
-5.529784
-3.427865
-1.523215
0.115787
1.438749
2.422291
3.075348
3.438488
3.575703
3.557952
3.446549
3.298437
3.082392
2.722409
2.141572
1.279625
0.104032
-1.385389
-3.158077
-5.159254
-7.319318
-9.518317
-11.590230
-13.453942
-15.091829
-16.506941
-17.714475
-18.735633
-19.593612
-20.311214
-20.909542
-21.407416
-21.821206
-22.164912
-22.185380
-22.321575
-21.985026
-21.581084
-21.096515
-20.515832
-19.821161
-18.992292
-18.007050
-16.842211
-15.475285
-13.887593
-12.069177
-10.026012
-7.812659
-5.574366
-3.456811
-1.536702
0.116863
1.452763
2.447017
3.108195
3.476794
3.617010
3.600143
3.487837
3.337551
3.118001
2.752738
2.164445
1.292687
0.105045
-1.398256
-3.186040
-5.202821
-7.378327
-9.591711
-11.676101
-13.550254
-15.196758
-16.618920
-17.832194
-18.858011
-19.719770
-20.440437
-21.041254
-21.541150
-21.956586
-22.301636
-22.321575
-22.457605
-22.119650
-21.713996
-21.227343
-20.644117
-19.946342
-19.113681
-18.123805
-16.953311
-15.579495
-13.983442
-12.154946
-10.099756
-7.872471
-5.618994
-3.485805
-1.550221
0.117941
1.466832
2.471862
3.141228
3.515350
3.658617
3.642663
3.529456
3.376970
3.153868
2.783265
2.187448
1.305811
0.106063
-1.411163
-3.214067
-5.246459
-7.437398
-9.665143
-11.761982
-13.646549
-15.301642
-16.730831
-17.949824
-18.980284
-19.845808
-20.569529
-21.172824
-21.674735
-22.091811
-22.438198
-22.457605
-22.593472
-22.254114
-21.846754
-21.358024
-20.772264
-20.071396
-19.234954
-18.240460
-17.064326
-15.683640
-14.079249
-12.240698
-10.173509
-7.932314
-5.663667
-3.514846
-1.563770
0.119023
1.480955
2.496823
3.174445
3.554154
3.700523
3.685512
3.571406
3.416693
3.189992
2.813988
2.210580
1.318998
0.107084
-1.424109
-3.242159
-5.290168
-7.496529
-9.738613
-11.847873
-13.742824
-15.406481
-16.842673
-18.067365
-19.102451
-19.971727
-20.698490
-21.304253
-21.808170
-22.226879
-22.574598
-22.593472
-22.729174
-22.388418
-21.979359
-21.488558
-20.900273
-20.196321
-19.356111
-18.357013
-17.175257
-15.787720
-14.175013
-12.326432
-10.247268
-7.992186
-5.708385
-3.543932
-1.577350
0.120109
1.495133
2.521902
3.207847
3.593206
3.742727
3.728688
3.613685
3.456720
3.226374
2.844907
2.233840
1.332246
0.108109
-1.437094
-3.270314
-5.333946
-7.555718
-9.812118
-11.933771
-13.839078
-15.511273
-16.954445
-18.184816
-19.224512
-20.097525
-20.827318
-21.435540
-21.941455
-22.361791
-22.710837
-22.729174
-22.864712
-22.522563
-22.111810
-21.618945
-21.028144
-20.321118
-19.477152
-18.473463
-17.286103
-15.891735
-14.270733
-12.412146
-10.321032
-8.052086
-5.753146
-3.573064
-1.590960
0.121197
1.509364
2.547097
3.241432
3.632504
3.785229
3.772191
3.656294
3.497050
3.263011
2.876021
2.257227
1.345556
0.109138
-1.450118
-3.298532
-5.377791
-7.614964
-9.885658
-12.019676
-13.935310
-15.616016
-17.066146
-18.302177
-19.346466
-20.223202
-20.956014
-21.566686
-22.074591
-22.496547
-22.846914
-22.864712
-23.000085
-22.656548
-22.244107
-21.749186
-21.155876
-20.445786
-19.598076
-18.589811
-17.396862
-15.995682
-14.366408
-12.497839
-10.394800
-8.112012
-5.797948
-3.602240
-1.604600
0.122289
1.523648
2.572408
3.275200
3.672048
3.828026
3.816021
3.699231
3.537683
3.299904
2.907330
2.280742
1.358927
0.110171
-1.463180
-3.326812
-5.421704
-7.674265
-9.959230
-12.105585
-14.031519
-15.720711
-17.177775
-18.419446
-19.468312
-20.348758
-21.084577
-21.697689
-22.207577
-22.631146
-22.982829
-23.000085
-23.135293
-22.790374
-22.376250
-21.879279
-21.283468
-20.570324
-19.718882
-18.706055
-17.507534
-16.099561
-14.462038
-12.583510
-10.468571
-8.171963
-5.842792
-3.631459
-1.618269
0.123384
1.537985
2.597833
3.309149
3.711837
3.871120
3.860177
3.742495
3.578618
3.337053
2.938833
2.304383
1.372358
0.111207
-1.476279
-3.355152
-5.465681
-7.733621
-10.032834
-12.191497
-14.127703
-15.825355
-17.289331
-18.536624
-19.590049
-20.474191
-21.213007
-21.828549
-22.340412
-22.765588
-23.118581
-23.135293
-23.270338
-22.924040
-22.508239
-22.009225
-21.410922
-20.694734
-19.839571
-18.822195
-17.618118
-16.203372
-14.557620
-12.669157
-10.542343
-8.231939
-5.887675
-3.660721
-1.631967
0.124482
1.552374
2.623372
3.343279
3.751870
3.914508
3.904657
3.786087
3.619854
3.374455
2.970529
2.328150
1.385850
0.112248
-1.489416
-3.383553
-5.509723
-7.793029
-10.106466
-12.277411
-14.223861
-15.929948
-17.400813
-18.653708
-19.711678
-20.599503
-21.341303
-21.959267
-22.473097
-22.899874
-23.254172
-23.270338
-23.405217
-23.057545
-22.640074
-22.139024
-21.538236
-20.819013
-19.960141
-18.938231
-17.728614
-16.307113
-14.653154
-12.754781
-10.616116
-8.291937
-5.932596
-3.690024
-1.645694
0.125583
1.566816
2.649024
3.377590
3.792146
3.958190
3.949461
3.830005
3.661390
3.412110
3.002417
2.352043
1.399401
0.113292
-1.502590
-3.412012
-5.553828
-7.852488
-10.180127
-12.363325
-14.319992
-16.034488
-17.512221
-18.770699
-19.833197
-20.724691
-21.469465
-22.089842
-22.605631
-23.034002
-23.389601
-23.405217
-23.539932
-23.190891
-22.771754
-22.268674
-21.665410
-20.943163
-20.080592
-19.054162
-17.839021
-16.410784
-14.748640
-12.840379
-10.689888
-8.351957
-5.977556
-3.719369
-1.659449
0.126687
1.581308
2.674789
3.412079
3.832665
4.002165
3.994589
3.874249
3.703226
3.450019
3.034497
2.376060
1.413012
0.114340
-1.515801
-3.440530
-5.597994
-7.911996
-10.253815
-12.449238
-14.416095
-16.138975
-17.623553
-18.887596
-19.954606
-20.849756
-21.597493
-22.220273
-22.738014
-23.167974
-23.524867
-23.539932
-23.674483
-23.324077
-22.903279
-22.398177
-21.792445
-21.067181
-20.200925
-19.169986
-17.949338
-16.514384
-14.844075
-12.925951
-10.763657
-8.411997
-6.022551
-3.748754
-1.673231
0.127794
1.595852
2.700666
3.446746
3.873424
4.046432
4.040039
3.918817
3.745361
3.488179
3.066768
2.400201
1.426682
0.115392
-1.529048
-3.469105
-5.642221
-7.971553
-10.327527
-12.535148
-14.512167
-16.243406
-17.734809
-19.004397
-20.075904
-20.974698
-21.725387
-22.350561
-22.870246
-23.301788
-23.659971
-23.674483
-23.808868
-23.457103
-23.034650
-22.527532
-21.919338
-21.191069
-20.321137
-19.285705
-18.059565
-16.617912
-14.939459
-13.011495
-10.837423
-8.472057
-6.067582
-3.778178
-1.687041
0.128904
1.610446
2.726653
3.481590
3.914424
4.090990
4.085810
3.963710
3.787794
3.526590
3.099230
2.424465
1.440410
0.116447
-1.542330
-3.497737
-5.686507
-8.031157
-10.401263
-12.621055
-14.608209
-16.347783
-17.845988
-19.121103
-20.197091
-21.099515
-21.853145
-22.480704
-23.002327
-23.435444
-23.794912
-23.808868
-23.943090
-23.589968
-23.165867
-22.656738
-22.046092
-21.314826
-20.441230
-19.401317
-18.169700
-16.721366
-15.034792
-13.097010
-10.911185
-8.532134
-6.112647
-3.807640
-1.700878
0.130017
1.625090
2.752751
3.516611
3.955663
4.135839
4.131903
4.008925
3.830524
3.565251
3.131880
2.448853
1.454197
0.117506
-1.555648
-3.526425
-5.730851
-8.090806
-10.475021
-12.706956
-14.704218
-16.452102
-17.957088
-19.237712
-20.318167
-21.224208
-21.980768
-22.610704
-23.134256
-23.568944
-23.929691
-23.943090
-24.077146
-23.722674
-23.296928
-22.785796
-22.172705
-21.438451
-20.561202
-19.516821
-18.279744
-16.824748
-15.130072
-13.182495
-10.984940
-8.592229
-6.157746
-3.837141
-1.714741
0.131133
1.639784
2.778958
3.551806
3.997140
4.180977
4.178315
4.054463
3.873551
3.604161
3.164720
2.473362
1.468041
0.118568
-1.569000
-3.555167
-5.775251
-8.150499
-10.548799
-12.792851
-14.800194
-16.556364
-18.068109
-19.354225
-20.439130
-21.348775
-22.108256
-22.740559
-23.266034
-23.702285
-24.064307
-24.077146
-24.211038
-23.855219
-23.427834
-22.914705
-22.299176
-21.561944
-20.681053
-19.632218
-18.389696
-16.928055
-15.225298
-13.267950
-11.058689
-8.652339
-6.202876
-3.866678
-1.728630
0.132252
1.654527
2.805274
3.587177
4.038854
4.226403
4.225045
4.100322
3.916873
3.643321
3.197747
2.497992
1.481943
0.119634
-1.582387
-3.583963
-5.819708
-8.210235
-10.622597
-12.878738
-14.896135
-16.660567
-18.179051
-19.470639
-20.559979
-21.473217
-22.235608
-22.870270
-23.397660
-23.835469
-24.198761
-24.211038
-24.344765
-23.987603
-23.558585
-23.043465
-22.425507
-21.685306
-20.800783
-19.747506
-18.499554
-17.031286
-15.320469
-13.353373
-11.132431
-8.712463
-6.248038
-3.896251
-1.742545
0.133374
1.669319
2.831698
3.622720
4.080805
4.272117
4.272094
4.146502
3.960490
3.682727
3.230961
2.522744
1.495902
0.120704
-1.595809
-3.612812
-5.864218
-8.270012
-10.696413
-12.964615
-14.992041
-16.764710
-18.289911
-19.586955
-20.680716
-21.597533
-22.362823
-22.999836
-23.529134
-23.968496
-24.333052
-24.344765
-24.478327
-24.119828
-23.689181
-23.172077
-22.551696
-21.808534
-20.920392
-19.862686
-18.609319
-17.134442
-15.415585
-13.438763
-11.206163
-8.772601
-6.293230
-3.925860
-1.756484
0.134498
1.684158
2.858228
3.658436
4.122990
4.318117
4.319460
4.193001
4.004401
3.722381
3.264362
2.547615
1.509918
0.121777
-1.609263
-3.641714
-5.908782
-8.329828
-10.770245
-13.050482
-15.087910
-16.868792
-18.400691
-19.703172
-20.801339
-21.721723
-22.489902
-23.129257
-23.660456
-24.101364
-24.467181
-24.478327
-24.611725
-24.251891
-23.819622
-23.300539
-22.677743
-21.931630
-21.039878
-19.977756
-18.718990
-17.237522
-15.510645
-13.524119
-11.279884
-8.832751
-6.338450
-3.955503
-1.770449
0.135626
1.699046
2.884865
3.694322
4.165410
4.364401
4.367141
4.239819
4.048605
3.762280
3.297947
2.572605
1.523989
0.122853
-1.622751
-3.670667
-5.953398
-8.389683
-10.844092
-13.136337
-15.183740
-16.972813
-18.511388
-19.819289
-20.921847
-21.845786
-22.616844
-23.258532
-23.791626
-24.234074
-24.601147
-24.611725
-24.744958
-24.383795
-23.949908
-23.428852
-22.803649
-22.054594
-21.159242
-20.092716
-18.828566
-17.340524
-15.605647
-13.609440
-11.353595
-8.892912
-6.383699
-3.985180
-1.784438
0.136756
1.713981
2.911608
3.730380
4.208063
4.410971
4.415138
4.286955
4.093101
3.802425
3.331717
2.597714
1.538116
0.123933
-1.636272
-3.699670
-5.998064
-8.449575
-10.917953
-13.222179
-15.279532
-17.076771
-18.622002
-19.935306
-21.042240
-21.969723
-22.743649
-23.387663
-23.922644
-24.366627
-24.734949
-24.744958
-24.878026
-24.515538
-24.080038
-23.557016
-22.929413
-22.177424
-21.278483
-20.207567
-18.938046
-17.443448
-15.700592
-13.694726
-11.427293
-8.953083
-6.428975
-4.014890
-1.798451
0.137888
1.728962
2.938455
3.766606
4.250947
4.457823
4.463448
4.334408
4.137887
3.842813
3.365671
2.622941
1.552299
0.125017
-1.649824
-3.728723
-6.042781
-8.509503
-10.991826
-13.308006
-15.375283
-17.180666
-18.732532
-20.051221
-21.162518
-22.093531
-22.870317
-23.516647
-24.053509
-24.499021
-24.868590
-24.878026
-25.010929
-24.647120
-24.210012
-23.685031
-23.055034
-22.300120
-21.397602
-20.322306
-19.047431
-17.546293
-15.795477
-13.779975
-11.500978
-9.013263
-6.474276
-4.044632
-1.812487
0.139024
1.743990
2.965405
3.803001
4.294062
4.504957
4.512072
4.382176
4.182964
3.883444
3.399807
2.648285
1.566536
0.126103
-1.663409
-3.757824
-6.087545
-8.569464
-11.065710
-13.393818
-15.470993
-17.284496
-18.842977
-20.167035
-21.282680
-22.217212
-22.996846
-23.645486
-24.184221
-24.631257
-25.002067
-25.010929
-25.143668
-24.778542
-24.339831
-23.812895
-23.180513
-22.422683
-21.516596
-20.436935
-19.156719
-17.649059
-15.890303
-13.865185
-11.574648
-9.073451
-6.519603
-4.074405
-1.826547
0.140162
1.759064
2.992459
3.839562
4.337407
4.552371
4.561007
4.430259
4.228330
3.924318
3.434125
2.673745
1.580828
0.127193
-1.677025
-3.786974
-6.132357
-8.629459
-11.139603
-13.479613
-15.566661
-17.388261
-18.953338
-20.282747
-21.402725
-22.340765
-23.123238
-23.774178
-24.314781
-24.763335
-25.135381
-25.143668
-25.276242
-24.909803
-24.469494
-23.940610
-23.305849
-22.545111
-21.635467
-20.551452
-19.265910
-17.751745
-15.985068
-13.950358
-11.648302
-9.133646
-6.564953
-4.104209
-1.840629
0.141302
1.774183
3.019615
3.876290
4.380980
4.600066
4.610253
4.478656
4.273984
3.965432
3.468624
2.699321
1.595173
0.128286
-1.690673
-3.816171
-6.177215
-8.689486
-11.213505
-13.565389
-15.662285
-17.491959
-19.063612
-20.398357
-21.522654
-22.464189
-23.249492
-23.902725
-24.445188
-24.895254
-25.268533
-25.276242
-25.408651
-25.040903
-24.599002
-24.068175
-23.431043
-22.667406
-21.754214
-20.665857
-19.375003
-17.854350
-16.079772
-14.035490
-11.721940
-9.193846
-6.610326
-4.134043
-1.854734
0.142446
1.789347
3.046871
3.913182
4.424780
4.648038
4.659808
4.527366
4.319925
4.006786
3.503302
2.725012
1.609572
0.129383
-1.704351
-3.845414
-6.222118
-8.749543
-11.287414
-13.651147
-15.757865
-17.595591
-19.173800
-20.513862
-21.642466
-22.587484
-23.375607
-24.031124
-24.575441
-25.027015
-25.401521
-25.408651
-25.540896
-25.171843
-24.728353
-24.195591
-23.556094
-22.789565
-21.872837
-20.780150
-19.483998
-17.956874
-16.174413
-14.120582
-11.795561
-9.254051
-6.655721
-4.163906
-1.868860
0.143591
1.804555
3.074228
3.950239
4.468806
4.696288
4.709672
4.576387
4.366151
4.048380
3.538160
2.750817
1.624024
0.130483
-1.718059
-3.874702
-6.267064
-8.809629
-11.361328
-13.736884
-15.853399
-17.699154
-19.283900
-20.629264
-21.762159
-22.710651
-23.501584
-24.159378
-24.705542
-25.158617
-25.534347
-25.540896
-25.672976
-25.302622
-24.857549
-24.322856
-23.681001
-22.911590
-21.991334
-20.894329
-19.592895
-18.059315
-16.268992
-14.205633
-11.869163
-9.314259
-6.701138
-4.193797
-1.883008
0.144739
1.819807
3.101685
3.987458
4.513057
4.744814
4.759843
4.625718
4.412663
4.090211
3.573195
2.776735
1.638529
0.131585
-1.731796
-3.904034
-6.312053
-8.869742
-11.435247
-13.822599
-15.948886
-17.802649
-19.393912
-20.744562
-21.881735
-22.833687
-23.627421
-24.287484
-24.835490
-25.290061
-25.667009
-25.672976
-25.804891
-25.433241
-24.986589
-24.449971
-23.805765
-23.033480
-22.109707
-21.008396
-19.701692
-18.161674
-16.363507
-14.290641
-11.942745
-9.374470
-6.746574
-4.223716
-1.897177
0.145890
1.835102
3.129240
4.024838
4.557531
4.793615
4.810320
4.675359
4.459458
4.132279
3.608407
2.802765
1.653085
0.132691
-1.745563
-3.933411
-6.357084
-8.929882
-11.509168
-13.908291
-16.044326
-17.906073
-19.503835
-20.859754
-22.001192
-22.956594
-23.753119
-24.415444
-24.965284
-25.421346
-25.799509
-25.804891
-25.936642
-25.563699
-25.115473
-24.576935
-23.930386
-23.155235
-22.227954
-21.122349
-19.810389
-18.263950
-16.457958
-14.375606
-12.016306
-9.434683
-6.792029
-4.253662
-1.911366
0.147043
1.850441
3.156893
4.062379
4.602227
4.842689
4.861102
4.725308
4.506536
4.174583
3.643796
2.828908
1.667693
0.133801
-1.759359
-3.962830
-6.402155
-8.990048
-11.583092
-13.993960
-16.139717
-18.009428
-19.613669
-20.974841
-22.120530
-23.079370
-23.878678
-24.543256
-25.094924
-25.552472
-25.931845
-25.936642
-26.068228
-25.693996
-25.244201
-24.703750
-24.054863
-23.276855
-22.346076
-21.236188
-19.918987
-18.366141
-16.552343
-14.460526
-12.089847
-9.494896
-6.837502
-4.283634
-1.925576
0.148199
1.865821
3.184642
4.100079
4.647145
4.892036
4.912188
4.775565
4.553896
4.217121
3.679359
2.855161
1.682353
0.134913
-1.773184
-3.992291
-6.447265
-9.050237
-11.657016
-14.079603
-16.235059
-18.112711
-19.723413
-21.089822
-22.239749
-23.202016
-24.004097
-24.670921
-25.224411
-25.683440
-26.064019
-26.068228
-26.199649
-25.824132
-25.372772
-24.830413
-24.179197
-23.398338
-22.464071
-21.349912
-20.027484
-18.468248
-16.646662
-14.545402
-12.163364
-9.555108
-6.882993
-4.313630
-1.939806
0.149356
1.881244
3.212488
4.137937
4.692282
4.941653
4.963576
4.826126
4.601536
4.259893
3.715096
2.881524
1.697063
0.136028
-1.787036
-4.021793
-6.492413
-9.110449
-11.730940
-14.165220
-16.330351
-18.215921
-19.833065
-21.204696
-22.358847
-23.324532
-24.129376
-24.798439
-25.353744
-25.814249
-26.196029
-26.199649
-26.330906
-25.954107
-25.501188
-24.956927
-24.303386
-23.519686
-22.581940
-21.463522
-20.135879
-18.570270
-16.740915
-14.630232
-12.236858
-9.615319
-6.928500
-4.343652
-1.954055
0.150516
1.896707
3.240428
4.175953
4.737637
4.991540
5.015265
4.876993
4.649455
4.302898
3.751006
2.907997
1.711823
0.137146
-1.800916
-4.051336
-6.537598
-9.170682
-11.804861
-14.250810
-16.425591
-18.319059
-19.942627
-21.319463
-22.477826
-23.446916
-24.254516
-24.925809
-25.482924
-25.944899
-26.327876
-26.330906
-26.461998
-26.083922
-25.629447
-25.083289
-24.427432
-23.640898
-22.699683
-21.577016
-20.244173
-18.672206
-16.835100
-14.715015
-12.310328
-9.675527
-6.974021
-4.373697
-1.968323
0.151679
1.912212
3.268463
4.214123
4.783210
5.041695
5.067254
4.928163
4.697652
4.346134
3.787088
2.934578
1.726632
0.138267
-1.814823
-4.080918
-6.582819
-9.230936
-11.878780
-14.336372
-16.520778
-18.422123
-20.052096
-21.434122
-22.596684
-23.569168
-24.379514
-25.053031
-25.611950
-26.075390
-26.459561
-26.461998
-26.592925
-26.213576
-25.757550
-25.209501
-24.551333
-23.761973
-22.817299
-21.690395
-20.352365
-18.774056
-16.929218
-14.799751
-12.383772
-9.735732
-7.019558
-4.403766
-1.982610
0.152843
1.927757
3.296590
4.252449
4.828998
5.092118
5.119541
4.979635
4.746125
4.389599
3.823340
2.961266
1.741491
0.139391
-1.828757
-4.110538
-6.628075
-9.291209
-11.952694
-14.421903
-16.615912
-18.525113
-20.161472
-21.548673
-22.715421
-23.691289
-24.504372
-25.180106
-25.740822
-26.205722
-26.591082
-26.592925
-26.723688
-26.343069
-25.885497
-25.335562
-24.675090
-23.882912
-22.934788
-21.803659
-20.460454
-18.875818
-17.023266
-14.884439
-12.457190
-9.795932
-7.065107
-4.433857
-1.996914
0.154010
1.943342
3.324810
4.290927
4.875000
5.142805
5.172126
5.031408
4.794874
4.433294
3.859763
2.988061
1.756399
0.140518
-1.842718
-4.140197
-6.673364
-9.351499
-12.026603
-14.507405
-16.710992
-18.628027
-20.270755
-21.663116
-22.834036
-23.813279
-24.629090
-25.307032
-25.869539
-26.335895
-26.722440
-26.723688
-26.854287
-26.472402
-26.013288
-25.461472
-24.798703
-24.003714
-23.052149
-21.916805
-20.568440
-18.977494
-17.117245
-14.969077
-12.530581
-9.856127
-7.110670
-4.463969
-2.011237
0.155179
1.958966
3.353121
4.329558
4.921216
5.193757
5.225006
5.083480
4.843898
4.477216
3.896353
3.014963
1.771355
0.141648
-1.856704
-4.169892
-6.718686
-9.411806
-12.100505
-14.592874
-16.806017
-18.730866
-20.379945
-21.777450
-22.952530
-23.935135
-24.753666
-25.433811
-25.998103
-26.465909
-26.853635
-26.854287
-26.984721
-26.601573
-26.140922
-25.587230
-24.922171
-24.124380
-23.169383
-22.029836
-20.676323
-19.079081
-17.211154
-15.053665
-12.603944
-9.916316
-7.156243
-4.494102
-2.025577
0.156350
1.974629
3.381523
4.368340
4.967643
5.244971
5.278181
5.135851
4.893194
4.521365
3.933112
3.041969
1.786359
0.142780
-1.870715
-4.199624
-6.764040
-9.472128
-12.174400
-14.678312
-16.900986
-18.833627
-20.489039
-21.891674
-23.070902
-24.056860
-24.878102
-25.560441
-26.126512
-26.595764
-26.984666
-26.984721
-27.114990
-26.730584
-26.268400
-25.712838
-25.045494
-24.244908
-23.286489
-22.142749
-20.784102
-19.180580
-17.304993
-15.138203
-12.677278
-9.976497
-7.201828
-4.524256
-2.039935
0.157523
1.990330
3.410014
4.407271
5.014280
5.296446
5.331648
5.188518
4.942761
4.565739
3.970036
3.069079
1.801410
0.143916
-1.884752
-4.229390
-6.809424
-9.532465
-12.248285
-14.763715
-16.995898
-18.936312
-20.598039
-22.005788
-23.189151
-24.178451
-25.002396
-25.686922
-26.254768
-26.725460
-27.115535
-27.114990
-27.245096
-26.859434
-26.395721
-25.838295
-25.168672
-24.365299
-23.403467
-22.255545
-20.891776
-19.281990
-17.398760
-15.222690
-12.750582
-10.036671
-7.247423
-4.554429
-2.054308
0.158698
2.006070
3.438593
4.446350
5.061126
5.348182
5.385408
5.241481
4.992599
4.610336
4.007126
3.096293
1.816507
0.145054
-1.898813
-4.259192
-6.854837
-9.592815
-12.322161
-14.849084
-17.090752
-19.038918
-20.706943
-22.119792
-23.307278
-24.299910
-25.126548
-25.813255
-26.382868
-26.854997
-27.246241
-27.245096
-27.375037
-26.988123
-26.522886
-25.963600
-25.291705
-24.485552
-23.520316
-22.368224
-20.999346
-19.383310
-17.492454
-15.307124
-12.823856
-10.096835
-7.293026
-4.584621
-2.068699
0.159876
2.021846
3.467260
4.485577
5.108179
5.400175
5.439457
5.294738
5.042706
4.655157
4.044380
3.123609
1.831651
0.146194
-1.912898
-4.289027
-6.900278
-9.653176
-12.396025
-14.934417
-17.185548
-19.141445
-20.815751
-22.233684
-23.425281
-24.421235
-25.250559
-25.939439
-26.510815
-26.984374
-27.376783
-27.375037
-27.504813
-27.116652
-26.649895
-26.088755
-25.414594
-24.605668
-23.637037
-22.480784
-21.106811
-19.484540
-17.586076
-15.391505
-12.897098
-10.156989
-7.338638
-4.614830
-2.083105
0.161055
2.037659
3.496014
4.524949
5.155437
5.452425
5.493795
5.348287
5.093081
4.700198
4.081797
3.151027
1.846841
0.147338
-1.927007
-4.318894
-6.945747
-9.713548
-12.469878
-15.019713
-17.280284
-19.243893
-20.924462
-22.347466
-23.543161
-24.542426
-25.374427
-26.065475
-26.638607
-27.113593
-27.507163
-27.504813
-27.634425
-27.245019
-26.776747
-26.213757
-25.537337
-24.725647
-23.753629
-22.593227
-21.214170
-19.585679
-17.679625
-15.475833
-12.970308
-10.217132
-7.384257
-4.645058
-2.097526
0.162236
2.053509
3.524853
4.564466
5.202901
5.504931
5.548420
5.402128
5.143722
4.745460
4.119376
3.178545
1.862076
0.148484
-1.941139
-4.348794
-6.991242
-9.773930
-12.543716
-15.104972
-17.374960
-19.346260
-21.033075
-22.461135
-23.660917
-24.663484
-25.498154
-26.191362
-26.766244
-27.242652
-27.637379
-27.634425
-27.763873
-27.373226
-26.903442
-26.338609
-25.659935
-24.845487
-23.870091
-22.705551
-21.321423
-19.686727
-17.773100
-15.560106
-13.043485
-10.277264
-7.429882
-4.675302
-2.111963
0.163419
2.069394
3.553777
4.604126
5.250567
5.557690
5.603330
5.456258
5.194627
4.790940
4.157116
3.206163
1.877356
0.149633
-1.955294
-4.378726
-7.036762
-9.834321
-12.617541
-15.190192
-17.469575
-19.448547
-21.141591
-22.574693
-23.778549
-24.784408
-25.621739
-26.317099
-26.893727
-27.371552
-27.767432
-27.763873
-27.893157
-27.501273
-27.029981
-26.463309
-25.782387
-24.965189
-23.986425
-22.817756
-21.428570
-19.787684
-17.866500
-15.644324
-13.116627
-10.337383
-7.475513
-4.705562
-2.126414
0.164604
2.085314
3.582785
4.643928
5.298434
5.610701
5.658525
5.510677
5.245796
4.836638
4.195015
3.233880
1.892679
0.150784
-1.969472
-4.408687
-7.082306
-9.894719
-12.691350
-15.275373
-17.564128
-19.550752
-21.250008
-22.688138
-23.896057
-24.905197
-25.745181
-26.442688
-27.021055
-27.500292
-27.897323
-27.893157
-28.022276
-27.629158
-27.156364
-26.587857
-25.904694
-25.084753
-24.102629
-22.929842
-21.535610
-19.888548
-17.959826
-15.728487
-13.189735
-10.397488
-7.521148
-4.735837
-2.140879
0.165791
2.101270
3.611875
4.683871
5.346501
5.663963
5.714002
5.565382
5.297226
4.882552
4.233072
3.261694
1.908047
0.151937
-1.983671
-4.438679
-7.127873
-9.955123
-12.765142
-15.360513
-17.658618
-19.652875
-21.358327
-22.801470
-24.013440
-25.025852
-25.868480
-26.568127
-27.148228
-27.628874
-28.027050
-28.022276
-28.151232
-27.756883
-27.282589
-26.712254
-26.026855
-25.204179
-24.218703
-23.041808
-21.642543
-19.989320
-18.053075
-15.812593
-13.262808
-10.457579
-7.566788
-4.766127
-2.155359
0.166979
2.117259
3.641047
4.723952
5.394767
5.717474
5.769760
5.620373
5.348917
4.928680
4.271286
3.289606
1.923458
0.153094
-1.997892
-4.468699
-7.173463
-10.015532
-12.838917
-15.445611
-17.753045
-19.754915
-21.466546
-22.914688
-24.130698
-25.146373
-25.991637
-26.693417
-27.275247
-27.757296
-28.156614
-28.151232
-28.280023
-27.884447
-27.408659
-26.836499
-26.148871
-25.323466
-24.334647
-23.153655
-21.749369
-20.089999
-18.146248
-15.896641
-13.335844
-10.517655
-7.612431
-4.796432
-2.169852
0.168170
2.133282
3.670300
4.764172
5.443229
5.771232
5.825797
5.675647
5.400867
4.975021
4.309656
3.317614
1.938911
0.154252
-2.012135
-4.498747
-7.219073
-10.075946
-12.912673
-15.530668
-17.847408
-19.856871
-21.574665
-23.027793
-24.247830
-25.266758
-26.114651
-26.818557
-27.402111
-27.885559
-28.286015
-28.280023
-28.408650
-28.011851
-27.534571
-26.960592
-26.270741
-25.442614
-24.450461
-23.265382
-21.856086
-20.190584
-18.239345
-15.980632
-13.408843
-10.577715
-7.658076
-4.826749
-2.184358
0.169362
2.149339
3.699633
4.804528
5.491887
5.825235
5.882112
5.731204
5.453075
5.021575
4.348180
3.345716
1.954407
0.155413
-2.026398
-4.528823
-7.264704
-10.136362
-12.986409
-15.615681
-17.941706
-19.958744
-21.682684
-23.140783
-24.364837
-25.387008
-26.237522
-26.943548
-27.528819
-28.013662
-28.415253
-28.408650
-28.537114
-28.139093
-27.660327
-27.084534
-26.392465
-25.561624
-24.566145
-23.376989
-21.962696
-20.291076
-18.332364
-16.064564
-13.481804
-10.637759
-7.703722
-4.857079
-2.198877
0.170556
2.165428
3.729045
4.845020
5.540738
5.879483
5.938703
5.787041
5.505538
5.068338
4.386858
3.373913
1.969944
0.156577
-2.040681
-4.558926
-7.310354
-10.196781
-13.060125
-15.700650
-18.035938
-20.060532
-21.790602
-23.253660
-24.481718
-25.507123
-26.360250
-27.068390
-27.655373
-28.141606
-28.544329
-28.537114
