-0.105385
-0.101597
-0.097414
-0.092844
-0.087910
-0.082651
-0.077116
-0.071361
-0.065429
-0.059335
-0.053041
-0.046454
-0.039427
-0.031886
-0.024000
-0.015920
-0.007673
0.000641
0.008867
0.016784
0.024102
0.030442
0.035314
0.038092
0.038092
0.035314
0.030442
0.024102
0.016784
0.008867
0.000641
-0.007672
-0.015909
-0.023960
-0.031767
-0.039147
-0.045916
-0.052155
-0.058041
-0.063719
-0.069275
-0.074733
-0.080070
-0.085233
-0.090161
-0.094801
-0.099109
-0.103060
-0.105385
-0.185605
-0.178390
-0.170219
-0.161065
-0.150944
-0.139928
-0.128159
-0.115849
-0.103273
-0.090724
-0.078448
-0.066561
-0.054984
-0.043574
-0.032379
-0.021333
-0.010250
0.000855
0.011824
0.022378
0.032135
0.040587
0.047082
0.050787
0.050787
0.047082
0.040587
0.032134
0.022378
0.011822
0.000855
-0.010235
-0.021252
-0.032108
-0.042857
-0.053497
-0.064033
-0.074729
-0.085843
-0.097428
-0.109343
-0.121324
-0.133068
-0.144300
-0.154810
-0.164460
-0.173181
-0.180959
-0.185605
-0.260810
-0.250307
-0.238308
-0.224736
-0.209577
-0.192905
-0.174916
-0.155946
-0.136482
-0.117112
-0.098441
-0.080935
-0.064776
-0.049915
-0.036321
-0.023624
-0.011272
0.000938
0.012942
0.024484
0.035153
0.044398
0.051503
0.055555
0.055555
0.051503
0.044397
0.035152
0.024480
0.012934
0.000936
-0.011218
-0.023371
-0.035556
-0.048075
-0.061281
-0.075436
-0.090867
-0.107721
-0.125767
-0.144504
-0.163316
-0.181616
-0.198932
-0.214944
-0.229472
-0.242454
-0.253912
-0.260810
-0.334458
-0.320805
-0.305140
-0.287334
-0.267335
-0.245207
-0.221177
-0.195680
-0.169378
-0.143131
-0.117888
-0.094496
-0.073470
-0.054971
-0.038997
-0.024912
-0.011756
0.000972
0.013381
0.025285
0.036291
0.045830
0.053163
0.057346
0.057346
0.053163
0.045829
0.036286
0.025272
0.013358
0.000967
-0.011630
-0.024373
-0.037494
-0.051616
-0.067489
-0.085562
-0.106093
-0.129001
-0.153708
-0.179334
-0.204927
-0.229649
-0.252868
-0.274182
-0.293390
-0.310449
-0.325425
-0.334458
-0.407958
-0.391268
-0.372067
-0.350177
-0.325503
-0.298091
-0.268187
-0.236302
-0.203249
-0.170131
-0.138220
-0.108741
-0.082568
-0.060135
-0.041555
-0.025995
-0.012090
0.000991
0.013579
0.025609
0.036728
0.046371
0.053788
0.058019
0.058019
0.053787
0.046367
0.036714
0.025576
0.013528
0.000982
-0.011856
-0.025065
-0.039124
-0.055003
-0.073829
-0.096157
-0.122085
-0.151250
-0.182703
-0.215196
-0.247469
-0.278460
-0.307405
-0.333840
-0.357557
-0.378541
-0.396903
-0.407958
-0.481973
-0.462335
-0.439702
-0.413842
-0.384619
-0.352054
-0.316404
-0.278238
-0.238501
-0.198511
-0.159847
-0.124101
-0.092521
-0.065855
-0.044394
-0.027166
-0.012422
0.001007
0.013708
0.025770
0.036910
0.046580
0.054024
0.058272
0.058271
0.054021
0.046570
0.036880
0.025703
0.013613
0.000991
-0.012046
-0.025755
-0.040888
-0.058761
-0.080851
-0.107748
-0.139330
-0.174915
-0.213181
-0.252521
-0.291387
-0.328524
-0.363054
-0.394469
-0.422564
-0.447352
-0.468993
-0.481973
-0.556842
-0.534326
-0.508339
-0.478597
-0.444920
-0.407301
-0.365997
-0.321626
-0.275245
-0.228367
-0.182859
-0.140672
-0.103440
-0.072254
-0.047639
-0.028529
-0.012810
0.001025
0.013834
0.025892
0.037009
0.046670
0.054115
0.058367
0.058366
0.054110
0.046649
0.036951
0.025772
0.013678
0.001000
-0.012259
-0.026560
-0.042939
-0.063055
-0.088707
-0.120464
-0.157934
-0.200097
-0.245244
-0.291424
-0.336825
-0.380016
-0.420026
-0.456315
-0.488684
-0.517184
-0.542021
-0.556842
-0.632742
-0.607404
-0.578126
-0.544571
-0.506512
-0.463910
-0.417019
-0.366492
-0.313486
-0.259692
-0.207244
-0.158447
-0.115327
-0.079349
-0.051318
-0.030115
-0.013274
0.001046
0.013987
0.026026
0.037095
0.046723
0.054155
0.058404
0.058402
0.054144
0.046684
0.036993
0.025832
0.013749
0.001011
-0.012518
-0.027521
-0.045325
-0.067925
-0.097418
-0.134308
-0.177891
-0.226780
-0.278883
-0.331912
-0.383811
-0.432992
-0.478404
-0.519484
-0.556049
-0.588185
-0.616151
-0.632742
-0.709765
-0.681650
-0.649131
-0.611817
-0.569432
-0.521903
-0.469470
-0.412819
-0.353191
-0.292441
-0.232957
-0.177387
-0.128155
-0.087126
-0.055428
-0.031928
-0.013820
0.001073
0.014179
0.026197
0.037198
0.046773
0.054180
0.058420
0.058417
0.054159
0.046705
0.037032
0.025903
0.013839
0.001025
-0.012834
-0.028653
-0.048055
-0.073366
-0.106966
-0.149247
-0.199155
-0.254917
-0.314052
-0.373951
-0.432327
-0.487452
-0.538208
-0.584016
-0.624712
-0.660426
-0.691466
-0.709765
-0.787952
-0.757098
-0.721381
-0.680352
-0.633685
-0.581269
-0.523329
-0.460570
-0.394313
-0.326561
-0.259944
-0.197445
-0.141888
-0.095562
-0.059959
-0.033966
-0.014449
0.001104
0.014416
0.026417
0.037333
0.046836
0.054204
0.058430
0.058423
0.054168
0.046726
0.037083
0.025998
0.013955
0.001042
-0.013209
-0.029957
-0.051123
-0.079363
-0.117322
-0.165240
-0.221675
-0.284449
-0.350694
-0.417491
-0.482336
-0.543374
-0.599429
-0.649914
-0.694691
-0.733932
-0.768002
-0.787952
-0.867318
-0.833758
-0.794876
-0.750168
-0.699256
-0.641984
-0.578561
-0.509704
-0.436802
-0.361999
-0.288154
-0.218576
-0.156492
-0.104633
-0.064897
-0.036224
-0.015160
0.001140
0.014701
0.026692
0.037510
0.046922
0.054236
0.058440
0.058428
0.054178
0.046754
0.037151
0.026121
0.014101
0.001063
-0.013645
-0.031431
-0.054520
-0.085899
-0.128460
-0.182247
-0.245398
-0.315318
-0.388751
-0.462478
-0.533792
-0.600722
-0.662042
-0.717164
-0.765979
-0.808707
-0.845765
-0.867318
-0.947859
-0.911621
-0.869605
-0.821249
-0.766119
-0.704018
-0.635128
-0.560176
-0.480610
-0.398703
-0.317537
-0.240737
-0.171934
-0.114320
-0.070231
-0.038695
-0.015952
0.001182
0.015035
0.027027
0.037736
0.047038
0.054281
0.058454
0.058433
0.054190
0.046793
0.037242
0.026278
0.014278
0.001087
-0.014141
-0.033072
-0.058240
-0.092959
-0.140352
-0.200231
-0.270279
-0.347471
-0.428168
-0.508860
-0.586648
-0.659456
-0.726014
-0.785740
-0.838557
-0.884735
-0.924750
-0.947859
-1.029562
-0.990670
-0.945545
-0.893567
-0.834245
-0.767336
-0.692990
-0.611941
-0.525687
-0.436626
-0.348047
-0.263889
-0.188187
-0.124604
-0.075950
-0.041375
-0.016822
0.001228
0.015418
0.027425
0.038015
0.047187
0.054343
0.058474
0.058442
0.054209
0.046846
0.037360
0.026473
0.014488
0.001115
-0.014697
-0.034878
-0.062274
-0.100529
-0.152978
-0.219159
-0.296273
-0.380857
-0.468893
-0.556587
-0.640860
-0.719534
-0.791310
-0.855611
-0.912400
-0.961997
-1.004937
-1.029562
-1.112406
-1.070882
-1.022671
-0.967094
-0.903602
-0.831900
-0.752108
-0.664957
-0.571991
-0.475722
-0.379643
-0.287999
-0.205225
-0.135470
-0.082047
-0.044261
-0.017771
0.001280
0.015852
0.027886
0.038352
0.047376
0.054425
0.058502
0.058454
0.054235
0.046917
0.037510
0.026707
0.014732
0.001146
-0.015311
-0.036844
-0.066616
-0.108598
-0.166318
-0.239001
-0.323341
-0.415432
-0.510878
-0.605612
-0.696381
-0.780917
-0.857891
-0.926743
-0.987477
-1.040466
-1.086304
-1.112406
-1.196367
-1.152231
-1.100955
-1.041799
-0.974154
-0.897674
-0.812442
-0.719182
-0.619479
-0.515952
-0.412289
-0.313034
-0.223024
-0.146902
-0.088513
-0.047348
-0.018795
0.001336
0.016334
0.028414
0.038749
0.047607
0.054531
0.058540
0.058472
0.054270
0.047008
0.037693
0.026983
0.015010
0.001181
-0.015984
-0.038969
-0.071263
-0.117158
-0.180354
-0.259730
-0.351448
-0.451154
-0.554081
-0.655892
-0.753169
-0.843562
-0.925720
-0.999103
-1.063756
-1.120111
-1.168824
-1.196367
-1.281417
-1.234687
-1.180365
-1.117649
-1.045869
-0.964623
-0.873956
-0.774579
-0.668113
-0.557277
-0.445948
-0.338965
-0.241563
-0.158888
-0.095344
-0.050634
-0.019896
0.001397
0.016867
0.029007
0.039208
0.047886
0.054665
0.058592
0.058498
0.054318
0.047123
0.037913
0.027303
0.015324
0.001220
-0.016715
-0.041251
-0.076209
-0.126198
-0.195070
-0.281319
-0.380561
-0.487987
-0.598460
-0.707385
-0.811184
-0.907431
-0.994761
-1.072654
-1.141205
-1.200903
-1.252468
-1.281417
-1.367529
-1.318222
-1.260872
-1.194612
-1.118712
-1.032711
-0.936612
-0.831111
-0.717856
-0.599662
-0.480589
-0.365765
-0.260821
-0.171417
-0.102532
-0.054118
-0.021072
0.001463
0.017448
0.029667
0.039732
0.048213
0.054829
0.058659
0.058534
0.054381
0.047265
0.038173
0.027668
0.015672
0.001262
-0.017503
-0.043689
-0.081452
-0.135713
-0.210451
-0.303748
-0.410650
-0.525894
-0.643977
-0.760051
-0.870386
-0.972487
-1.064976
-1.147363
-1.219790
-1.282811
-1.337206
-1.367529
-1.454675
-1.402807
-1.342444
-1.272657
-1.192650
-1.101905
-1.000376
-0.888742
-0.768674
-0.643075
-0.516184
-0.393409
-0.280782
-0.184476
-0.110073
-0.057797
-0.022323
0.001533
0.018078
0.030393
0.040321
0.048592
0.055026
0.058745
0.058582
0.054460
0.047435
0.038473
0.028078
0.016056
0.001307
-0.018348
-0.046282
-0.086989
-0.145694
-0.226483
-0.326993
-0.441687
-0.564843
-0.690599
-0.813856
-0.930741
-1.038694
-1.136332
-1.223195
-1.299480
-1.365802
-1.423009
-1.454675
-1.542825
-1.488411
-1.425052
-1.351753
-1.267653
-1.172171
-1.065215
-0.947439
-0.820535
-0.687487
-0.552703
-0.421876
-0.301427
-0.198055
-0.117962
-0.061669
-0.023648
0.001609
0.018757
0.031186
0.040976
0.049026
0.055260
0.058851
0.058643
0.054558
0.047636
0.038816
0.028534
0.016475
0.001356
-0.019250
-0.049029
-0.092818
-0.156136
-0.243154
-0.351036
-0.473647
-0.604806
-0.738292
-0.868766
-0.992213
-1.106017
-1.208793
-1.300118
-1.380243
-1.449847
-1.509846
-1.542825
-1.631951
-1.575006
-1.508665
-1.431868
-1.343687
-1.243479
-1.131098
-1.007173
-0.873408
-0.732867
-0.590124
-0.451143
-0.322741
-0.212144
-0.126194
-0.065734
-0.025047
0.001689
0.019484
0.032046
0.041698
0.049514
0.055532
0.058980
0.058722
0.054678
0.047870
0.039203
0.029037
0.016929
0.001409
-0.020209
-0.051930
-0.098936
-0.167032
-0.260452
-0.375858
-0.506505
-0.645754
-0.787026
-0.924747
-1.054769
-1.174423
-1.282329
-1.378100
-1.462046
-1.534915
-1.597688
-1.631951
-1.722026
-1.662563
-1.593254
-1.512974
-1.420724
-1.315797
-1.197994
-1.067912
-0.927265
-0.779190
-0.628420
-0.481191
-0.344709
-0.226735
-0.134765
-0.069991
-0.026521
0.001774
0.020260
0.032972
0.042487
0.050060
0.055844
0.059135
0.058819
0.054822
0.048140
0.039635
0.029587
0.017418
0.001465
-0.021225
-0.054985
-0.105343
-0.178377
-0.278366
-0.401442
-0.540241
-0.687660
-0.836772
-0.981769
-1.118378
-1.243882
-1.356907
-1.457110
-1.544862
-1.620976
-1.686506
-1.722026
-1.813021
-1.751055
-1.678792
-1.595041
-1.498735
-1.389098
-1.265875
-1.129628
-0.982079
-0.826430
-0.667570
-0.512001
-0.367318
-0.241818
-0.143671
-0.074437
-0.028068
0.001864
0.021085
0.033965
0.043344
0.050664
0.056200
0.059319
0.058938
0.054992
0.048447
0.040113
0.030184
0.017943
0.001525
-0.022297
-0.058194
-0.112035
-0.190166
-0.296883
-0.427771
-0.574831
-0.730501
-0.887503
-1.039805
-1.183011
-1.314363
-1.432498
-1.537119
-1.628659
-1.708003
-1.776272
-1.813021
-1.904911
-1.840454
-1.765251
-1.678043
-1.577692
-1.463354
-1.334713
-1.192296
-1.037824
-0.874563
-0.707552
-0.543555
-0.390552
-0.257385
-0.152908
-0.079072
-0.029690
0.001958
0.021959
0.035025
0.044270
0.051327
0.056600
0.059533
0.059081
0.055190
0.048792
0.040638
0.030828
0.018503
0.001588
-0.023427
-0.061556
-0.119011
-0.202392
-0.315995
-0.454830
-0.610258
-0.774252
-0.939194
-1.098827
-1.248640
-1.385838
-1.509073
-1.618098
-1.713410
-1.795966
-1.866958
-1.904911
-1.997669
-1.930734
-1.852605
-1.761953
-1.657568
-1.538536
-1.404481
-1.255887
-1.094475
-0.923567
-0.748347
-0.575836
-0.414401
-0.273427
-0.162472
-0.083895
-0.031385
0.002057
0.022882
0.036153
0.045264
0.052049
0.057047
0.059780
0.059250
0.055419
0.049176
0.041210
0.031520
0.019098
0.001655
-0.024614
-0.065071
-0.126270
-0.215050
-0.335690
-0.482604
-0.646501
-0.818892
-0.991819
-1.158808
-1.315237
-1.458278
-1.586605
-1.700019
-1.799088
-1.884839
-1.958539
-1.997669
-2.091270
-2.021869
-1.940827
-1.846744
-1.738337
-1.614621
-1.475154
-1.320380
-1.152009
-0.973419
-0.789935
-0.608830
-0.438852
-0.289937
-0.172358
-0.088905
-0.033155
0.002161
0.023854
0.037348
0.046327
0.052833
0.057541
0.060061
0.059448
0.055681
0.049602
0.041830
0.032260
0.019730
0.001725
-0.025858
-0.068739
-0.133810
-0.228136
-0.355960
-0.511079
-0.683543
-0.864401
-1.045356
-1.219724
-1.382777
-1.531659
-1.665067
-1.782857
-1.885666
-1.974597
-2.050987
-2.091270
-2.185690
-2.113836
-2.029893
-1.932391
-1.819974
-1.691582
-1.546709
-1.385748
-1.210403
-1.024100
-0.832298
-0.642520
-0.463894
-0.306908
-0.182564
-0.094099
-0.034998
0.002270
0.024876
0.038611
0.047459
0.053678
0.058084
0.060380
0.059677
0.055976
0.050071
0.042499
0.033049
0.020397
0.001799
-0.027161
-0.072561
-0.141628
-0.241645
-0.376796
-0.540242
-0.721367
-0.910757
-1.099782
-1.281551
-1.451235
-1.605954
-1.744433
-1.866585
-1.973119
-2.065212
-2.144278
-2.185690
-2.280904
-2.206609
-2.119778
-2.018871
-1.902456
-1.769397
-1.619120
-1.451971
-1.269637
-1.075590
-0.875419
-0.676892
-0.489515
-0.324333
-0.193086
-0.099478
-0.036915
0.002384
0.025948
0.039942
0.048661
0.054585
0.058678
0.060739
0.059939
0.056308
0.050583
0.043218
0.033886
0.021100
0.001876
-0.028521
-0.076536
-0.149724
-0.255571
-0.398188
-0.570080
-0.759957
-0.957943
-1.155077
-1.344266
-1.520587
-1.681139
-1.824678
-1.951179
-2.061421
-2.156662
-2.238387
-2.280904
-2.376889
-2.300166
-2.210460
-2.106160
-1.985758
-1.848042
-1.692367
-1.519026
-1.329690
-1.127870
-0.919280
-0.711932
-0.515706
-0.342203
-0.203919
-0.105040
-0.038906
0.002502
0.027071
0.041342
0.049934
0.055555
0.059323
0.061138
0.060237
0.056678
0.051139
0.043986
0.034772
0.021840
0.001957
-0.029939
-0.080664
-0.158095
-0.269911
-0.420128
-0.600581
-0.799297
-1.005940
-1.211220
-1.407849
-1.590811
-1.757191
-1.905780
-2.036614
-2.150550
-2.248922
-2.333291
-2.376889
-2.473622
-2.394484
-2.301916
-2.194236
-2.069859
-1.927495
-1.766427
-1.586892
-1.390541
-1.180921
-0.963867
-0.747627
-0.542456
-0.360514
-0.215061
-0.110784
-0.040971
0.002626
0.028244
0.042812
0.051278
0.056589
0.060022
0.061579
0.060572
0.057088
0.051741
0.044804
0.035708
0.022616
0.002042
-0.031416
-0.084944
-0.166740
-0.284658
-0.442608
-0.631734
-0.839373
-1.054730
-1.268192
-1.472277
-1.661884
-1.834088
-1.987716
-2.122869
-2.240482
-2.341969
-2.428967
-2.473622
-2.571083
-2.489541
-2.394124
-2.283076
-2.154736
-2.007734
-1.841279
-1.655550
-1.452173
-1.234726
-1.009164
-0.783965
-0.569755
-0.379258
-0.226508
-0.116708
-0.043109
0.002754
0.029469
0.044352
0.052693
0.057687
0.060774
0.062065
0.060946
0.057538
0.052390
0.045673
0.036694
0.023430
0.002131
-0.032951
-0.089377
-0.175656
-0.299810
-0.465620
-0.663526
-0.880170
-1.104297
-1.325974
-1.537532
-1.733787
-1.911807
-2.070462
-2.209920
-2.331195
-2.435780
-2.525393
-2.571083
-2.669250
-2.585316
-2.487062
-2.372660
-2.240370
-2.088739
-1.916903
-1.724980
-1.514566
-1.289270
-1.055156
-0.820933
-0.597594
-0.398429
-0.238257
-0.122812
-0.045321
0.002887
0.030745
0.045964
0.054181
0.058850
0.061582
0.062597
0.061361
0.058031
0.053086
0.046594
0.037730
0.024281
0.002223
-0.034546
-0.093963
-0.184843
-0.315361
-0.489156
-0.695947
-0.921674
-1.154624
-1.384548
-1.603592
-1.806497
-1.990328
-2.153998
-2.297747
-2.422667
-2.530336
-2.622547
-2.669250
-2.768102
-2.681788
-2.580710
-2.462967
-2.326738
-2.170491
-1.993280
-1.795163
-1.577704
-1.344534
-1.101829
-0.858519
-0.625965
-0.418021
-0.250304
-0.129094
-0.047606
0.003025
0.032074
0.047647
0.055741
0.060079
0.062445
0.063177
0.061820
0.058569
0.053830
0.047568
0.038817
0.025170
0.002319
-0.036199
-0.098701
-0.194298
-0.331306
-0.513210
-0.728986
-0.963873
-1.205697
-1.443897
-1.670441
-1.879997
-2.069631
-2.238304
-2.386327
-2.514877
-2.625613
-2.720409
-2.768102
-2.867619
-2.778937
-2.675048
-2.553977
-2.413823
-2.252969
-2.070391
-1.866081
-1.641569
-1.400505
-1.149169
-0.896712
-0.654858
-0.438028
-0.262646
-0.135553
-0.049964
0.003169
0.033454
0.049402
0.057377
0.061376
0.063367
0.063805
0.062322
0.059151
0.054624
0.048594
0.039955
0.026098
0.002419
-0.037912
-0.103591
-0.204019
-0.347643
-0.537773
-0.762635
-1.006753
-1.257500
-1.504004
-1.738060
-1.954266
-2.149695
-2.323359
-2.475642
-2.607805
-2.721593
-2.818957
-2.867619
-2.967782
-2.876745
-2.770058
-2.645671
-2.501604
-2.336155
-2.148218
-1.937716
-1.706144
-1.457167
-1.197164
-0.935502
-0.684265
-0.458445
-0.275281
-0.142187
-0.052396
0.003317
0.034888
0.051231
0.059087
0.062740
0.064346
0.064484
0.062871
0.059781
0.055469
0.049674
0.041146
0.027064
0.002523
-0.039685
-0.108632
-0.214005
-0.364366
-0.562839
-0.796881
-1.050303
-1.310019
-1.564853
-1.806431
-2.029287
-2.230503
-2.409144
-2.565671
-2.701432
-2.818256
-2.918173
-2.967782
-3.068572
-2.975191
-2.865719
-2.738031
-2.590063
-2.420030
-2.226743
-2.010053
-1.771415
-1.514505
-1.245799
-0.974877
-0.714177
-0.479265
-0.288204
-0.148997
-0.054901
0.003470
0.036376
0.053134
0.060873
0.064173
0.065386
0.065215
0.063467
0.060459
0.056365
0.050809
0.042390
0.028069
0.002630
-0.041518
-0.113825
-0.224254
-0.381472
-0.588401
-0.831717
-1.094509
-1.363239
-1.626429
-1.875538
-2.105042
-2.312036
-2.495640
-2.656396
-2.795738
-2.915581
-3.018037
-3.068572
-3.169972
-3.074259
-2.962014
-2.831038
-2.679183
-2.504578
-2.305949
-2.083074
-1.837364
-1.572506
-1.295064
-1.014827
-0.744588
-0.500485
-0.301414
-0.155980
-0.057478
0.003628
0.037917
0.055112
0.062737
0.065676
0.066486
0.066000
0.064113
0.061186
0.057313
0.051999
0.043688
0.029114
0.002742
-0.043410
-0.119169
-0.234764
-0.398956
-0.614452
-0.867133
-1.139362
-1.417148
-1.688716
-1.945364
-2.181514
-2.394275
-2.582829
-2.747799
-2.890705
-3.013552
-3.118532
-3.169972
-3.271962
-3.173930
-3.058926
-2.924674
-2.768946
-2.589781
-2.385819
-2.156764
-1.903979
-1.631156
-1.344946
-1.055342
-0.775489
-0.522098
-0.314906
-0.163135
-0.060128
0.003791
0.039512
0.057166
0.064679
0.067251
0.067648
0.066839
0.064809
0.061964
0.058316
0.053246
0.045040
0.030199
0.002857
-0.045363
-0.124663
-0.245533
-0.416815
-0.640986
-0.903120
-1.184849
-1.471732
-1.751699
-2.015894
-2.258686
-2.477205
-2.670694
-2.839861
-2.986315
-3.112150
-3.219638
-3.271962
-3.374528
-3.274187
-3.156437
-3.018924
-2.859336
-2.675623
-2.466337
-2.231106
-1.971244
-1.690441
-1.395433
-1.096413
-0.806873
-0.544099
-0.328679
-0.170461
-0.062851
0.003959
0.041162
0.059298
0.066701
0.068898
0.068874
0.067734
0.065557
0.062794
0.059372
0.054550
0.046448
0.031325
0.002976
-0.047375
-0.130308
-0.256559
-0.435045
-0.667998
-0.939669
-1.230960
-1.526979
-1.815366
-2.087113
-2.336542
-2.560807
-2.759218
-2.932565
-3.082551
-3.211357
-3.321340
-3.374528
-3.477650
-3.375014
-3.254530
-3.113769
-2.950335
-2.762087
-2.547488
-2.306087
-2.039144
-1.750349
-1.446515
-1.138030
-0.838733
-0.566483
-0.342729
-0.177957
-0.065645
0.004133
0.042867
0.061507
0.068804
0.070619
0.070165
0.068687
0.066359
0.063677
0.060485
0.055912
0.047913
0.032492
0.003100
-0.049449
-0.136102
-0.267841
-0.453642
-0.695480
-0.976773
-1.277684
-1.582876
-1.879701
-2.159005
-2.415066
-2.645067
-2.848384
-3.025894
-3.179396
-3.311157
-3.423618
-3.477650
-3.581314
-3.476395
-3.353190
-3.209195
-3.041928
-2.849158
-2.629257
-2.381692
-2.107667
-1.810868
-1.498180
-1.180184
-0.871062
-0.589247
-0.357053
-0.185621
-0.068512
0.004311
0.044628
0.063795
0.070988
0.072415
0.071522
0.069699
0.067216
0.064615
0.061655
0.057335
0.049434
0.033701
0.003227
-0.051582
-0.142046
-0.279377
-0.472602
-0.723426
-1.014422
-1.325011
-1.639411
-1.944692
-2.231556
-2.494244
-2.729968
-2.938175
-3.119833
-3.276832
-3.411534
-3.526459
-3.581314
-3.685504
-3.578313
-3.452400
-3.305185
-3.134100
-2.936821
-2.711629
-2.457906
-2.176800
-1.871984
-1.550417
-1.222866
-0.903852
-0.612384
-0.371650
-0.193453
-0.071451
0.004495
0.046444
0.066164
0.073257
0.074288
0.072946
0.070771
0.068129
0.065609
0.062883
0.058818
0.051014
0.034952
0.003358
-0.053777
-0.148138
-0.291165
-0.491922
-0.751832
-1.052609
-1.372931
-1.696573
-2.010325
-2.304752
-2.574060
-2.815494
-3.028577
-3.214365
-3.374846
-3.512470
-3.629844
-3.685504
-3.790204
-3.680753
-3.552146
-3.401725
-3.226835
-3.025061
-2.794589
-2.534716
-2.246529
-1.933687
-1.603217
-1.266068
-0.937097
-0.635890
-0.386516
-0.201452
-0.074461
0.004683
0.048317
0.068613
0.075610
0.076240
0.074440
0.071905
0.069100
0.066660
0.064170
0.060362
0.052652
0.036246
0.003494
-0.056032
-0.154379
-0.303204
-0.511599
-0.780691
-1.091326
-1.421434
-1.754350
-2.076588
-2.378579
-2.654499
-2.901632
-3.119574
-3.309476
-3.473420
-3.613952
-3.733760
-3.790204
-3.895399
-3.783701
-3.652412
-3.498799
-3.320119
-3.113864
-2.878123
-2.612108
-2.316841
-1.995966
-1.656569
-1.309781
-0.970792
-0.659762
-0.401648
-0.209616
-0.077542
0.004877
0.050246
0.071144
0.078050
0.078271
0.076004
0.073103
0.070130
0.067771
0.065518
0.061970
0.054351
0.037583
0.003633
-0.058348
-0.160768
-0.315492
-0.531629
-0.809999
-1.130565
-1.470511
-1.812731
-2.143469
-2.453025
-2.735549
-2.988366
-3.211151
-3.405149
-3.572540
-3.715963
-3.838190
-3.895399
-4.001076
-3.887142
-3.753185
-3.596393
-3.413938
-3.203215
-2.962219
-2.690070
-2.387725
-2.058808
-1.710463
-1.353997
-1.004928
-0.683994
-0.417045
-0.217944
-0.080695
0.005075
0.052233
0.073758
0.080578
0.080383
0.077640
0.074365
0.071221
0.068941
0.066929
0.063643
0.056112
0.038964
0.003777
-0.060725
-0.167305
-0.328027
-0.552008
-0.839748
-1.170320
-1.520153
-1.871706
-2.210955
-2.528075
-2.817195
-3.075683
-3.303294
-3.501370
-3.672192
-3.818489
-3.943121
-4.001076
-4.107220
-3.991061
-3.854450
-3.694494
-3.508277
-3.293102
-3.046862
-2.768589
-2.459169
-2.122203
-1.764890
-1.398708
-1.039501
-0.708582
-0.432703
-0.226436
-0.083919
0.005279
0.054277
0.076456
0.083194
0.082578
0.079351
0.075694
0.072374
0.070173
0.068403
0.065381
0.057934
0.040389
0.003925
-0.063163
-0.173988
-0.340807
-0.572734
-0.869936
-1.210583
-1.570351
-1.931264
-2.279035
-2.603719
-2.899425
-3.163569
-3.395989
-3.598126
-3.772360
-3.921516
-4.048537
-4.107220
-4.213817
-4.095447
-3.956194
-3.793088
-3.603125
-3.383510
-3.132040
-2.847652
-2.531161
-2.186141
-1.819841
-1.443906
-1.074504
-0.733522
-0.448621
-0.235089
-0.087213
0.005488
0.056379
0.079238
0.085902
0.084858
0.081136
0.077090
0.073591
0.071467
0.069942
0.067186
0.059820
0.041859
0.004077
-0.065662
-0.180818
-0.353831
-0.593802
-0.900555
-1.251347
-1.621096
-1.991395
-2.347698
-2.679942
-2.982224
-3.252009
-3.489222
-3.695403
-3.873032
-4.025030
-4.154426
-4.213817
-4.320854
-4.200284
-4.058403
-3.892161
-3.698466
-3.474428
-3.217741
-2.927248
-2.603690
-2.250611
-1.875306
-1.489584
-1.109931
-0.758810
-0.464795
-0.243904
-0.090578
0.005702
0.058539
0.082107
0.088702
0.087225
0.082999
0.078557
0.074873
0.072827
0.071548
0.069060
0.061769
0.043375
0.004233
-0.068222
-0.187794
-0.367098
-0.615211
-0.931602
-1.292605
-1.672379
-2.052089
-2.416932
-2.756735
-3.065581
-3.340993
-3.582980
-3.793186
-3.974193
-4.129017
-4.260773
-4.320854
-4.428319
-4.305561
-4.161064
-3.991701
-3.794290
-3.565842
-3.303952
-3.007365
-2.676745
-2.315602
-1.931277
-1.535734
-1.145777
-0.784443
-0.481224
-0.252878
-0.094013
0.005921
0.060757
0.085063
0.091597
0.089680
0.084941
0.080094
0.076221
0.074252
0.073222
0.071004
0.063785
0.044936
0.004393
-0.070843
-0.194916
-0.380605
-0.636957
-0.963071
-1.334350
-1.724193
-2.113336
-2.486727
-2.834083
-3.149484
-3.430506
-3.677250
-3.891464
-4.075831
-4.233465
-4.367566
-4.428319
-4.536198
-4.411264
-4.264165
-4.091695
-3.890583
-3.657741
-3.390661
-3.087991
-2.750315
-2.381107
-1.987745
-1.582350
-1.182036
-0.810415
-0.497906
-0.262012
-0.097518
0.006145
0.063035
0.088106
0.094586
0.092225
0.086964
0.081705
0.077638
0.075745
0.074966
0.073019
0.065867
0.046544
0.004558
-0.073525
-0.202183
-0.394352
-0.659037
-0.994958
-1.376576
-1.776529
-2.175127
-2.557072
-2.911978
-3.233920
-3.520536
-3.772020
-3.990223
-4.177932
-4.338360
-4.474791
-4.536198
-4.644480
-4.517382
-4.367694
-4.192131
-3.987333
-3.750112
-3.477857
-3.169115
-2.824389
-2.447113
-2.044701
-1.629423
-1.218702
-0.836725
-0.514837
-0.271304
-0.101093
0.006374
0.065371
0.091239
0.097673
0.094863
0.089069
0.083390
0.079125
0.077308
0.076781
0.075107
0.068016
0.048199
0.004727
-0.076269
-0.209595
-0.408337
-0.681448
-1.027258
-1.419277
-1.829379
-2.237453
-2.627957
-2.990406
-3.318878
-3.611072
-3.867278
-4.089450
-4.280486
-4.443690
-4.582437
-4.644480
-4.753152
-4.623902
-4.471639
-4.292998
-4.084528
-3.842944
-3.565529
-3.250727
-2.898958
-2.513614
-2.102138
-1.676947
-1.255771
-0.863366
-0.532017
-0.280752
-0.104737
0.006609
0.067767
0.094461
0.100859
0.097594
0.091259
0.085152
0.080684
0.078941
0.078669
0.077270
0.070235
0.049901
0.004900
-0.079074
-0.217151
-0.422558
-0.704186
-1.059967
-1.462447
-1.882735
-2.300304
-2.699372
-3.069358
-3.404347
-3.702102
-3.963010
-4.189135
-4.383478
-4.549444
-4.690492
-4.753152
-4.862204
-4.730813
-4.575988
-4.394283
-4.182158
-3.936226
-3.653665
-3.332815
-2.974011
-2.580598
-2.160047
-1.724916
-1.293237
-0.890337
-0.549442
-0.290357
-0.108451
0.006848
0.070223
0.097774
0.104145
0.100421
0.093536
0.086993
0.082316
0.080648
0.080632
0.079508
0.072523
0.051651
0.005078
-0.081940
-0.224851
-0.437014
-0.727251
-1.093080
-1.506079
-1.936590
-2.363671
-2.771306
-3.148823
-3.490315
-3.793614
-4.059206
-4.289265
-4.486898
-4.655608
-4.798942
-4.862204
-4.971623
-4.838104
-4.680729
-4.495976
-4.280210
-4.029947
-3.742254
-3.415371
-3.049539
-2.648058
-2.218420
-1.773323
-1.331094
-0.917634
-0.567111
-0.300117
-0.112234
0.007093
0.072739
0.101179
0.107533
0.103347
0.095902
0.088913
0.084024
0.082428
0.082671
0.081824
0.074882
0.053450
0.005260
-0.084868
-0.232694
-0.451704
-0.750637
-1.126592
-1.550167
-1.990937
-2.427547
-2.843751
-3.228791
-3.576771
-3.885597
-4.155855
-4.389829
-4.590734
-4.762172
-4.907778
-4.971623
-5.081399
-4.945764
-4.785853
-4.598065
-4.378675
-4.124095
-3.831287
-3.498382
-3.125533
-2.715984
-2.277249
-1.822160
-1.369338
-0.945253
-0.585021
-0.310032
-0.116086
0.007343
0.075315
0.104677
0.111024
0.106372
0.098358
0.090916
0.085808
0.084285
0.084788
0.084220
0.077314
0.055298
0.005446
-0.087857
-0.240681
-0.466626
-0.774344
-1.160500
-1.594705
-2.045768
-2.491923
-2.916697
-3.309251
-3.663706
-3.978040
-4.252945
-4.490815
-4.694974
-4.869125
-5.016988
-5.081399
-5.191522
-5.053782
-4.891348
-4.700540
-4.477541
-4.218661
-3.920754
-3.581840
-3.201982
-2.784368
-2.336528
-1.871423
-1.407965
-0.973190
-0.603171
-0.320099
-0.120007
0.007598
0.077952
0.108269
0.114621
0.109500
0.100907
0.093004
0.087672
0.086220
0.086986
0.086696
0.079818
0.057195
0.005636
-0.090908
-0.248810
-0.481779
-0.798368
-1.194799
-1.639688
-2.101076
-2.556789
-2.990135
-3.390194
-3.751108
-4.070934
-4.350466
-4.592213
-4.799609
-4.976456
-5.126562
-5.191522
-5.301980
-5.162147
-4.997204
-4.803390
-4.576798
-4.313635
-4.010643
-3.665736
-3.278878
-2.853202
-2.396248
-1.921104
-1.446968
-1.001443
-0.621559
-0.330319
-0.123996
0.007858
0.080650
0.111955
0.118325
0.112731
0.103552
0.095177
0.089616
0.088235
0.089266
0.089254
0.082398
0.059142
0.005832
-0.094020
-0.257081
-0.497161
-0.822707
-1.229485
-1.685111
-2.156854
-2.622139
-3.064055
-3.471610
-3.838968
-4.164266
-4.448406
-4.694012
-4.904627
-5.084154
-5.236488
-5.301980
-5.412765
-5.270850
-5.103411
-4.906606
-4.676436
-4.409005
-4.100945
-3.750059
-3.356212
-2.922477
-2.456403
-1.971199
-1.486344
-1.030007
-0.640183
-0.340691
-0.128054
0.008123
0.083409
0.115737
0.122137
0.116069
0.106294
0.097439
0.091643
0.090332
0.091629
0.091897
0.085052
0.061140
0.006031
-0.097193
-0.265494
-0.512772
-0.847357
-1.264554
-1.730967
-2.213096
-2.687965
-3.138450
-3.553490
-3.927275
-4.258027
-4.546757
-4.796202
-5.010018
-5.192208
-5.346756
-5.412765
-5.523865
-5.379881
-5.209959
-5.010177
-4.776445
-4.504764
-4.191652
-3.834800
-3.433976
-2.992186
-2.516985
-2.021700
-1.526087
-1.058881
-0.659041
-0.351214
-0.132180
0.008394
0.086230
0.119615
0.126060
0.119515
0.109135
0.099792
0.093755
0.092513
0.094078
0.094626
0.087784
0.063189
0.006235
-0.100429
-0.274048
-0.528610
-0.872318
-1.300003
-1.777252
-2.269794
-2.754258
-3.213310
-3.635824
-4.016021
-4.352208
-4.645507
-4.898773
-5.115773
-5.300610
-5.457357
-5.523865
-5.635272
-5.489229
-5.316838
-5.114094
-4.876816
-4.600900
-4.282753
-3.919951
-3.512160
-3.062320
-2.577988
-2.072602
-1.566194
-1.088061
-0.678131
-0.361887
-0.136374
0.008669
0.089113
0.123590
0.130094
0.123072
0.112078
0.102237
0.095954
0.094780
0.096615
0.097442
0.090593
0.065289
0.006444
-0.103725
-0.282744
-0.544673
-0.897585
-1.335827
-1.823960
-2.326943
-2.821012
-3.288628
-3.718604
-4.105196
-4.446799
-4.744647
-5.001714
-5.221880
-5.409348
-5.568281
-5.635272
-5.746976
-5.598887
-5.424038
-5.218348
-4.977540
-4.697406
-4.374240
-4.005502
-3.590757
-3.132873
-2.639405
-2.123900
-1.606660
-1.117543
-0.697451
-0.372709
-0.140636
0.008950
0.092058
0.127664
0.134242
0.126741
0.115125
0.104777
0.098241
0.097135
0.099242
0.100347
0.093482
0.067441
0.006656
-0.107084
-0.291579
-0.560961
-0.923158
-1.372023
-1.871086
-2.384535
-2.888218
-3.364395
-3.801821
-4.194791
-4.541790
-4.844167
-5.105017
-5.328331
-5.518415
-5.679517
-5.746976
-5.858968
-5.708844
-5.531552
-5.322929
-5.078606
-4.794271
-4.466103
-4.091446
-3.669758
-3.203836
-2.701228
-2.175587
-1.647481
-1.147325
-0.717000
-0.383679
-0.144965
0.009236
0.095065
0.131838
0.138505
0.130525
0.118279
0.107415
0.100620
0.099580
0.101961
0.103343
0.096450
0.069646
0.006874
-0.110503
-0.300556
-0.577473
-0.949033
-1.408587
-1.918624
-2.442565
-2.955870
-3.440602
-3.885466
-4.284796
-4.637172
-4.944059
-5.208672
-5.435116
-5.627799
-5.791058
-5.858968
-5.971240
-5.819093
-5.639370
-5.427828
-5.180007
-4.891488
-4.558335
-4.177774
-3.749156
-3.275203
-2.763453
-2.227659
-1.688652
-1.177404
-0.736775
-0.394797
-0.149362
0.009527
0.098135
0.136111
0.142885
0.134427
0.121541
0.110152
0.103093
0.102117
0.104773
0.106432
0.099500
0.071903
0.007096
-0.113985
-0.309672
-0.594207
-0.975208
-1.445515
-1.966571
-2.501027
-3.023960
-3.517243
-3.969531
-4.375204
-4.732937
-5.044313
-5.312670
-5.542226
-5.737492
-5.902894
-5.971240
-6.083782
-5.929623
-5.747482
-5.533038
-5.281734
-4.989047
-4.650926
-4.264478
-3.828943
-3.346966
-2.826072
-2.280109
-1.730169
-1.207777
-0.756776
-0.406062
-0.153826
0.009823
0.101268
0.140485
0.147382
0.138447
0.124915
0.112991
0.105660
0.104749
0.107681
0.109615
0.102632
0.074214
0.007322
-0.117528
-0.318927
-0.611161
-1.001682
-1.482805
-2.014921
-2.559914
-3.092482
-3.594309
-4.054008
-4.466005
-4.829075
-5.144921
-5.417002
-5.649653
-5.847486
-6.015017
-6.083782
-6.196587
-6.040427
-5.855882
-5.638548
-5.383778
-5.086941
-4.743869
-4.351549
-3.909111
-3.419118
-2.889078
-2.332934
-1.772028
-1.238441
-0.777000
-0.417474
-0.158358
0.010124
0.104465
0.144961
0.152000
0.142588
0.128402
0.115934
0.108326
0.107478
0.110688
0.112894
0.105848
0.076579
0.007554
-0.121133
-0.328322
-0.628336
-1.028451
-1.520451
-2.063670
-2.619221
-3.161428
-3.671793
-4.138888
-4.557191
-4.925577
-5.245873
-5.521659
-5.757387
-5.957772
-6.127417
-6.196587
-6.309646
-6.151497
-5.964560
-5.744352
-5.486131
-5.185160
-4.837155
-4.438981
-3.989653
-3.491652
-2.952467
-2.386127
-1.814225
-1.269393
-0.797446
-0.429030
-0.162956
0.010430
0.107724
0.149540
0.156740
0.146854
0.132006
0.118984
0.111092
0.110305
0.113794
0.116271
0.109148
0.078998
0.007789
-0.124800
-0.337856
-0.645730
-1.055514
-1.558452
-2.112812
-2.678942
-3.230792
-3.749688
-4.224164
-4.648754
-5.022437
-5.347161
-5.626634
-5.865421
-6.068341
-6.240086
-6.309646
-6.422952
-6.262825
-6.073509
-5.850441
-5.588785
-5.283698
-4.930777
-4.526765
-4.070562
-3.564563
-3.016232
-2.439684
-1.856757
-1.300631
-0.818113
-0.440732
-0.167621
0.010742
0.111047
0.154223
0.161602
0.151244
0.135728
0.122143
0.113961
0.113234
0.117003
0.119747
0.112534
0.081471
0.008030
-0.128529
-0.347528
-0.663342
-1.082868
-1.596803
-2.162344
-2.739071
-3.300568
-3.827986
-4.309829
-4.740686
-5.119645
-5.448777
-5.731917
-5.973746
-6.179186
-6.353017
-6.422952
-6.536496
-6.374403
-6.182721
-5.956807
-5.691732
-5.382546
-5.024727
-4.614893
-4.151830
-3.637842
-3.080367
-2.493599
-1.899619
-1.332152
-0.838998
-0.452577
-0.172353
0.011059
0.114435
0.159009
0.166589
0.155763
0.139571
0.125414
0.116934
0.116266
0.120315
0.123325
0.116007
0.084000
0.008274
-0.132319
-0.357339
-0.681170
-1.110512
-1.635501
-2.212260
-2.799603
-3.370749
-3.906681
-4.395874
-4.832980
-5.217193
-5.550714
-5.837501
-6.082354
-6.290298
-6.466202
-6.536496
-6.650271
-6.486223
-6.292188
-6.063443
-5.794965
-5.481697
-5.118997
-4.703360
-4.233450
-3.711484
-3.144866
-2.547868
-1.942808
-1.363953
-0.860100
-0.464566
-0.177151
0.011381
0.117886
0.163901
0.171702
0.160412
0.143538
0.128799
0.120015
0.119405
0.123735
0.127005
0.119568
0.086584
0.008524
-0.136172
-0.367287
-0.699215
-1.138443
-1.674544
-2.262557
-2.860532
-3.441329
-3.985765
-4.482292
-4.925627
-5.315074
-5.652962
-5.943377
-6.191237
-6.401669
-6.579632
-6.650271
-6.764270
-6.598278
-6.401902
-6.170340
-5.898476
-5.581143
-5.213580
-4.792156
-4.315417
-3.785482
-3.209725
-2.602487
-1.986319
-1.396031
-0.881418
-0.476698
-0.182016
0.011708
0.121402
0.168899
0.176944
0.165193
0.147630
0.132301
0.123206
0.122651
0.127263
0.130791
0.123218
0.089224
0.008778
-0.140086
-0.377373
-0.717474
-1.166660
-1.713927
-2.313229
-2.921852
-3.512301
-4.065232
-4.569076
-5.018620
-5.413280
-5.755515
-6.049539
-6.300388
-6.513293
-6.693301
-6.764270
-6.878486
-6.710561
-6.511857
-6.277493
-6.002258
-5.680877
-5.308469
-4.881277
-4.397722
-3.859830
-3.274936
-2.657449
-2.030150
-1.428385
-0.902950
-0.488971
-0.186947
0.012040
0.124983
0.174004
0.182314
0.170108
0.151852
0.135923
0.126510
0.126009
0.130902
0.134683
0.126957
0.091921
0.009037
-0.144062
-0.387597
-0.735947
-1.195160
-1.753649
-2.364274
-2.983560
-3.583660
-4.145074
-4.656220
-5.111952
-5.511804
-5.858365
-6.155979
-6.409799
-6.625161
-6.807200
-6.878486
-6.992911
-6.823064
-6.622046
-6.384894
-6.106303
-5.780892
-5.403658
-4.970714
-4.480360
-3.934522
-3.340495
-2.712752
-2.074296
-1.461012
-0.924695
-0.501386
-0.191944
0.012378
0.128628
0.179216
0.187815
0.175160
0.156204
0.139666
0.129928
0.129479
0.134654
0.138683
0.130788
0.094675
0.009301
-0.148100
-0.397957
-0.754633
-1.223942
-1.793705
-2.415686
-3.045649
-3.655400
-4.225287
-4.743715
-5.205615
-5.610638
-5.961505
-6.262689
-6.519463
-6.737267
-6.921324
-6.992911
-7.107540
-6.935782
-6.732461
-6.492535
-6.210605
-5.881180
-5.499138
-5.060461
-4.563325
-4.009553
-3.406397
-2.768390
-2.118755
-1.493909
-0.946651
-0.513942
-0.197007
0.012721
0.132339
0.184537
0.193449
0.180351
0.160691
0.143534
0.133464
0.133065
0.138522
0.142792
0.134711
0.097485
0.009569
-0.152201
-0.408455
-0.773531
-1.253003
-1.834093
-2.467461
-3.108114
-3.727514
-4.305862
-4.831556
-5.299604
-5.709776
-6.064927
-6.369662
-6.629373
-6.849603
-7.035665
-7.107540
-7.222365
-7.048707
-6.843096
-6.600410
-6.315157
-5.981737
-5.594903
-5.150512
-4.646609
-4.084916
-3.472637
-2.824358
-2.163522
-1.527074
-0.968817
-0.526638
-0.202136
0.013068
0.136115
0.189967
0.199216
0.185683
0.165313
0.147530
0.137120
0.136769
0.142506
0.147014
0.138727
0.100354
0.009842
-0.156363
-0.419088
-0.792640
-1.282343
-1.874810
-2.519596
-3.170951
-3.799997
-4.386794
-4.919736
-5.393910
-5.809210
-6.168625
-6.476892
-6.739522
-6.962163
-7.150216
-7.222365
-7.337380
-7.161832
-6.953944
-6.708513
-6.419953
-6.082553
-5.690948
-5.240859
-4.730207
-4.160605
-3.539208
-2.880654
-2.208594
-1.560504
-0.991191
-0.539474
-0.207331
0.013421
0.139957
0.195506
0.205118
0.191158
0.170075
0.151655
0.140899
0.140594
0.146611
0.151348
0.142838
0.103280
0.010120
-0.160587
-0.429858
-0.811958
-1.311958
-1.915852
-2.572087
-3.234155
-3.872844
-4.468077
-5.008247
-5.488527
-5.908933
-6.272592
-6.584371
-6.849903
-7.074940
-7.264971
-7.337380
-7.452578
-7.275153
-7.065000
-6.816837
-6.524985
-6.183624
-5.787265
-5.331498
-4.814112
-4.236616
-3.606107
-2.937271
-2.253969
-1.594197
-1.013773
-0.552449
-0.212591
0.013780
0.143864
0.201157
0.211157
0.196778
0.174977
0.155914
0.144804
0.144541
0.150837
0.155798
0.147043
0.106265
0.010402
-0.164874
-0.440764
-0.831486
-1.341847
-1.957218
-2.624929
-3.297721
-3.946049
-4.549705
-5.097085
-5.583449
-6.008939
-6.376820
-6.692093
-6.960510
-7.187928
-7.379923
-7.452578
-7.567955
-7.388661
-7.176255
-6.925376
-6.630248
-6.284943
-5.883848
-5.422421
-4.898320
-4.312941
-3.673327
-2.994207
-2.299642
-1.628151
-1.036560
-0.565562
-0.217917
0.014143
0.147838
0.206918
0.217335
0.202545
0.180024
0.160307
0.148836
0.148615
0.155188
0.160364
0.151345
0.109309
0.010690
-0.169222
-0.451806
-0.851223
-1.372009
-1.998904
-2.678119
-3.361643
-4.019607
-4.631671
-5.186242
-5.678669
-6.109222
-6.481304
-6.800052
-7.071336
-7.301120
-7.495066
-7.567955
-7.683502
-7.502352
-7.287706
-7.034123
-6.735735
-6.386503
-5.980691
-5.513623
-4.982824
-4.389577
-3.740866
-3.051457
-2.345610
-1.662364
-1.059552
-0.578813
-0.223308
0.014512
0.151878
0.212792
0.223652
0.208462
0.185218
0.164839
0.152999
0.152816
0.159665
0.165049
0.155744
0.112412
0.010982
-0.173633
-0.462983
-0.871166
-1.402441
-2.040908
-2.731652
-3.425918
-4.093512
-4.713970
-5.275713
-5.774181
-6.209775
-6.586038
-6.908240
-7.182376
-7.414509
-7.610395
-7.683502
-7.799216
-7.616220
-7.399345
-7.143073
-6.841440
-6.488299
-6.077788
-5.605098
-5.067618
-4.466518
-3.808716
-3.109016
-2.391871
-1.696833
-1.082747
-0.592201
-0.228764
0.014886
0.155984
0.218779
0.230110
0.214530
0.190560
0.169512
0.157296
0.157148
0.164270
0.169853
0.160241
0.115574
0.011279
-0.178106
-0.474296
-0.891317
-1.433143
-2.083226
-2.785527
-3.490541
-4.167759
-4.796597
-5.365492
-5.869979
-6.310591
-6.691014
-7.016653
-7.293622
-7.528091
-7.725902
-7.799216
-7.915090
-7.730258
-7.511167
-7.252220
-6.947358
-6.590325
-6.175134
-5.696840
-5.152697
-4.543758
-3.876875
-3.166882
-2.438420
-1.731556
-1.106144
-0.605725
-0.234285
0.015265
0.160158
0.224879
0.236710
0.220751
0.196054
0.174329
0.161729
0.161613
0.169006
0.174779
0.164837
0.118797
0.011581
-0.182642
-0.485743
-0.911673
-1.464111
-2.125856
-2.839738
-3.555508
-4.242343
-4.879545
-5.455572
-5.966056
-6.411665
-6.796228
-7.125284
-7.405069
-7.641859
-7.841582
-7.915090
-8.031119
-7.844461
-7.623167
-7.361558
-7.053483
-6.692575
-6.272722
-5.788843
-5.238056
-4.621293
-3.945337
-3.225049
-2.485256
-1.766532
-1.129741
-0.619386
-0.239872
0.015649
0.164398
0.231094
0.243454
0.227129
0.201702
0.179292
0.166301
0.166214
0.173875
0.179828
0.169533
0.122080
0.011887
-0.187239
-0.497325
-0.932234
-1.495345
-2.168796
-2.894281
-3.620813
-4.317259
-4.962810
-5.545948
-6.062407
-6.512991
-6.901672
-7.234126
-7.516712
-7.755807
-7.957430
-8.031119
-8.147296
-7.958824
-7.735338
-7.471081
-7.159809
-6.795043
-6.370547
-5.881102
-5.323688
-4.699117
-4.014098
-3.283515
-2.532375
-1.801757
-1.153538
-0.633183
-0.245523
0.016038
0.168705
0.237423
0.250343
0.233664
0.207507
0.184404
0.171015
0.170954
0.178879
0.185002
0.174331
0.125424
0.012199
-0.191899
-0.509042
-0.952998
-1.526843
-2.212042
-2.949155
-3.686453
-4.392502
-5.046386
-5.636614
-6.159026
-6.614563
-7.007341
-7.343175
-7.628543
-7.869930
-8.073440
-8.147296
-8.263618
-8.073341
-7.847675
-7.580785
-7.266330
-6.897724
-6.468603
-5.973612
-5.409590
-4.777226
-4.083153
-3.342275
-2.579773
-1.837230
-1.177533
-0.647114
-0.251239
0.016433
0.173080
0.243868
0.257379
0.240358
0.213471
0.189668
0.175873
0.175834
0.184020
0.190303
0.179230
0.128829
0.012515
-0.196622
-0.520892
-0.973966
-1.558603
-2.255593
-3.004354
-3.752424
-4.468066
-5.130267
-5.727565
-6.255907
-6.716375
-7.113230
-7.452424
-7.740559
-7.984222
-8.189606
-8.263618
-8.380079
-8.188007
-7.960174
-7.690663
-7.373041
-7.000612
-6.566884
-6.066366
-5.495755
-4.855614
-4.152498
-3.401325
-2.627449
-1.872948
-1.201725
-0.661180
-0.257019
0.016833
0.177523
0.250430
0.264562
0.247214
0.219597
0.195087
0.180879
0.180858
0.189301
0.195731
0.184232
0.132295
0.012836
-0.201407
-0.532877
-0.995137
-1.590624
-2.299445
-3.059876
-3.818721
-4.543949
-5.214448
-5.818795
-6.353045
-6.818421
-7.219333
-7.561869
-7.852753
-8.098678
-8.305924
-8.380079
-8.496674
-8.302818
-8.072828
-7.800711
-7.479938
-7.103702
-6.665387
-6.159361
-5.582180
-4.934278
-4.222129
-3.460662
-2.675398
-1.908911
-1.226113
-0.675380
-0.262864
0.017238
0.182033
0.257108
0.271894
0.254234
0.225887
0.200664
0.186034
0.186028
0.194723
0.201289
0.189338
0.135823
0.013162
-0.206254
-0.544996
-1.016509
-1.622904
-2.343596
-3.115717
-3.885340
-4.620143
-5.298925
-5.910299
-6.450435
-6.920697
-7.325644
-7.671503
-7.965120
-8.213292
-8.422388
-8.496674
-8.613397
-8.417768
-8.185634
-7.910923
-7.587014
-7.206989
-6.764105
-6.252590
-5.668857
-5.013211
-4.292041
-3.520283
-2.723619
-1.945115
-1.250695
-0.689713
-0.268774
0.017649
0.186611
0.263905
0.279377
0.261419
0.232344
0.206401
0.191343
0.191346
0.200289
0.206978
0.194549
0.139413
0.013493
-0.211164
-0.557248
-1.038082
-1.655441
-2.388044
-3.171874
-3.952277
-4.696646
-5.383692
-6.002072
-6.548070
-7.023196
-7.432158
-7.781321
-8.077655
-8.328060
-8.538993
-8.613397
-8.730245
-8.532852
-8.298585
-8.021294
-7.694265
-7.310468
-6.863033
-6.346050
-5.755784
-5.092411
-4.362230
-3.580183
-2.772108
-1.981558
-1.275470
-0.704179
-0.274748
0.018064
0.191257
0.270819
0.287011
0.268772
0.238970
0.212300
0.196806
0.196815
0.206001
0.212800
0.199865
0.143066
0.013829
-0.216136
-0.569633
-1.059855
-1.688234
-2.432787
-3.228344
-4.019528
-4.773452
-5.468744
-6.094108
-6.645946
-7.125914
-7.538870
-7.891319
-8.190353
-8.442977
-8.655734
-8.730245
-8.847213
-8.648065
-8.411677
-8.131820
-7.801686
-7.414133
-6.962167
-6.439734
-5.842955
-5.171871
-4.432693
-3.640359
-2.820862
-2.018239
-1.300437
-0.718778
-0.280785
0.018485
0.195972
0.277852
0.294799
0.276295
0.245768
0.218366
0.202428
0.202438
0.211861
0.218755
0.205288
0.146781
0.014170
-0.221171
-0.582152
-1.081827
-1.721282
-2.477821
-3.285122
-4.087088
-4.850557
-5.554076
-6.186403
-6.744057
-7.228845
-7.645774
-8.001491
-8.303208
-8.558037
-8.772607
-8.847213
-8.964295
-8.763404
-8.524907
-8.242496
-7.909271
-7.517981
-7.061502
-6.533638
-5.930365
-5.251588
-4.503424
-3.700808
-2.869880
-2.055156
-1.325596
-0.733508
-0.286887
0.018911
0.200755
0.285005
0.302740
0.283989
0.252740
0.224600
0.208212
0.208218
0.217871
0.224847
0.210818
0.150560
0.014516
-0.226269
-0.594803
-1.103998
-1.754582
-2.523144
-3.342207
-4.154955
-4.927956
-5.639685
-6.278951
-6.842399
-7.331984
-7.752867
-8.111832
-8.416217
-8.673237
-8.889607
-8.964295
-9.081488
-8.878863
-8.638268
-8.353318
-8.017017
-7.622006
-7.161032
-6.627758
-6.018010
-5.331558
-4.574421
-3.761526
-2.919157
-2.092307
-1.350944
-0.748370
-0.293053
0.019342
0.205607
0.292278
0.310837
0.291856
0.259888
0.231005
0.214158
0.214156
0.224034
0.231075
0.216456
0.154402
0.014867
-0.231429
-0.607587
-1.126366
-1.788133
-2.568754
-3.399594
-4.223124
-5.005645
-5.725564
-6.371748
-6.940966
-7.435327
-7.860142
-8.222338
-8.529374
-8.788570
-9.006729
-9.081488
-9.198788
-8.994438
-8.751756
-8.464279
-8.124919
-7.726204
-7.260753
-6.722088
-6.105885
-5.411775
-4.645678
-3.822510
-2.968692
-2.129689
-1.376481
-0.763362
-0.299283
0.019779
0.210528
0.299672
0.319090
0.299898
0.267216
0.237584
0.220272
0.220255
0.230350
0.237443
0.222204
0.158308
0.015223
-0.236652
-0.620503
-1.148931
-1.821935
-2.614649
-3.457281
-4.291592
-5.083620
-5.811709
-6.464788
-7.039754
-7.538868
-7.967595
-8.333003
-8.642674
-8.904033
-9.123968
-9.198788
-9.316189
-9.110125
-8.865368
-8.575377
-8.232972
-7.830569
-7.360661
-6.816624
-6.193987
-5.492236
-4.717193
-3.883756
-3.018481
-2.167302
-1.402206
-0.778485
-0.305577
0.020221
0.215518
0.307187
0.327501
0.308117
0.274725
0.244340
0.226555
0.226518
0.236823
0.243950
0.228061
0.162278
0.015584
-0.241937
-0.633551
-1.171692
-1.855984
-2.660827
-3.515265
-4.360354
-5.161877
-5.898117
-6.558068
-7.138758
-7.642602
-8.075221
-8.443823
-8.756114
-9.019621
-9.241321
-9.316189
-9.433688
-9.225919
-8.979098
-8.686607
-8.341171
-7.935098
-7.460750
-6.911362
-6.282309
-5.572937
-4.788961
-3.945261
-3.068522
-2.205142
-1.428117
-0.793738
-0.311934
0.020668
0.220578
0.314825
0.336071
0.316514
0.282417
0.251276
0.233009
0.232948
0.243454
0.250599
0.234029
0.166313
0.015949
-0.247285
-0.646732
-1.194649
-1.890281
-2.707284
-3.573542
-4.429407
-5.240411
-5.984781
-6.651582
-7.237973
-7.746526
-8.183016
-8.554793
-8.869688
-9.135331
-9.358783
-9.433688
-9.551282
-9.341817
-9.092943
-8.797964
-8.449513
-8.039786
-7.561017
-7.006297
-6.370849
-5.653873
-4.860979
-4.007023
-3.118813
-2.243209
-1.454214
-0.809120
-0.318355
0.021120
0.225707
0.322585
0.344801
0.325092
0.290296
0.258393
0.239639
0.239546
0.250246
0.257391
0.240108
0.170412
0.016320
-0.252696
-0.660043
-1.217801
-1.924822
-2.754019
-3.632110
-4.498747
-5.319218
-6.071699
-6.745326
-7.337394
-7.850634
-8.290974
-8.665910
-8.983392
-9.251156
-9.476350
-9.551282
-9.668965
-9.457814
-9.206898
-8.909445
-8.557993
-8.144629
-7.661458
-7.101425
-6.459601
-5.735041
-4.933243
-4.069036
-3.169350
-2.281500
-1.480494
-0.824631
-0.324839
0.021577
0.230905
0.330468
0.353692
0.333853
0.298363
0.265695
0.246446
0.246315
0.257200
0.264327
0.246299
0.174576
0.016696
-0.258170
-0.673487
-1.241146
-1.959608
-2.801030
-3.690965
-4.568371
-5.398294
-6.158865
-6.839295
-7.437018
-7.954921
-8.399093
-8.777168
-9.097223
-9.367095
-9.594017
-9.668965
-9.786734
-9.573906
-9.320960
-9.021045
-8.666607
-8.249622
-7.762067
-7.196742
-6.548562
-5.816436
-5.005750
-4.131299
-3.220132
-2.320014
-1.506958
-0.840270
-0.331386
0.022040
0.236173
0.338474
0.362745
0.342797
0.306621
0.273184
0.253433
0.253258
0.264319
0.271408
0.252604
0.178806
0.017077
-0.263706
-0.687061
-1.264685
-1.994636
-2.848314
-3.750104
-4.638275
-5.477635
-6.246275
-6.933486
-7.536839
-8.059384
-8.507366
-8.888564
-9.211175
-9.483141
-9.711782
-9.786734
-9.904585
-9.690091
-9.435124
-9.132760
-8.775351
-8.354762
-7.862841
-7.292243
-6.637728
-5.898055
-5.078494
-4.193809
-3.271155
-2.358748
-1.533604
-0.856037
-0.337996
0.022508
0.241512
0.346605
0.371962
0.351928
0.315071
0.280863
0.260603
0.260377
0.271603
0.278637
0.259022
0.183101
0.017463
-0.269305
-0.700767
-1.288416
-2.029905
-2.895868
-3.809525
-4.708455
-5.557237
-6.333926
-7.027893
-7.636853
-8.164018
-8.615791
-9.000092
-9.325244
-9.599292
-9.829639
-9.904585
-10.022515
-9.806363
-9.549388
-9.244587
-8.884221
-8.460044
-7.963776
-7.387924
-6.727095
-5.979894
-5.151474
-4.256561
-3.322418
-2.397702
-1.560431
-0.871932
-0.344670
0.022981
0.246920
0.354861
0.381344
0.361245
0.323717
0.288735
0.267958
0.267675
0.279056
0.286015
0.265555
0.187463
0.017854
-0.274967
-0.714603
-1.312338
-2.065414
-2.943692
-3.869224
-4.778908
-5.637097
-6.421812
-7.122512
-7.737056
-8.268819
-8.724363
-9.111750
-9.439428
-9.715543
-9.947585
-10.022515
-10.140519
-9.922719
-9.663746
-9.356521
-8.993212
-8.565464
-8.064867
-7.483782
-6.816657
-6.061948
-5.224686
-4.319554
-3.373917
-2.436872
-1.587438
-0.887953
-0.351406
0.023460
0.252399
0.363242
0.390891
0.370752
0.332560
0.296802
0.275502
0.275153
0.286680
0.293542
0.272204
0.191890
0.018250
-0.280691
-0.728569
-1.336452
-2.101160
-2.991782
-3.929199
-4.849631
-5.717210
-6.509930
-7.217340
-7.837444
-8.373783
-8.833077
-9.223533
-9.553721
-9.831891
-10.065617
-10.140519
-10.258596
-10.039155
-9.778195
-9.468559
-9.102322
-8.671019
-8.166111
-7.579812
-6.906413
-6.144214
-5.298125
-4.382784
-3.425651
-2.476258
-1.614624
-0.904101
-0.358205
0.023943
0.257948
0.371749
0.400605
0.380450
0.341603
0.305067
0.283236
0.282815
0.294475
0.301220
0.278968
0.196384
0.018652
-0.286479
-0.742666
-1.360755
-2.137144
-3.040137
-3.989447
-4.920620
-5.797573
-6.598276
-7.312371
-7.938012
-8.478905
-8.941929
-9.335437
-9.668120
-9.948332
-10.183731
-10.258596
-10.376740
-10.155669
-9.892732
-9.580696
-9.211546
-8.776705
-8.267504
-7.676011
-6.996358
-6.226689
-5.371790
-4.446247
-3.477616
-2.515858
-1.641987
-0.920374
-0.365067
0.024432
0.263567
0.380383
0.410486
0.390340
0.350848
0.313531
0.291163
0.290663
0.302444
0.309050
0.285849
0.200945
0.019058
-0.292329
-0.756893
-1.385248
-2.173363
-3.088754
-4.049965
-4.991871
-5.878181
-6.686846
-7.407602
-8.038757
-8.584181
-9.050917
-9.447459
-9.782621
-10.064861
-10.301922
-10.376740
-10.494948
-10.272256
-10.007353
-9.692930
-9.320881
-8.882517
-8.369041
-7.772374
-7.086487
-6.309368
-5.445675
-4.509942
-3.529811
-2.555670
-1.669527
-0.936773
-0.371992
0.024926
0.269258
0.389143
0.420536
0.400424
0.360297
0.322199
0.299286
0.298698
0.310589
0.317034
0.292848
0.205573
0.019469
-0.298241
-0.771249
-1.409930
-2.209815
-3.137631
-4.110750
-5.063382
-5.959032
-6.775635
-7.503030
-8.139674
-8.689608
-9.160035
-9.559593
-9.897221
-10.181477
-10.420189
-10.494948
-10.613218
-10.388914
-10.122054
-9.805257
-9.430322
-8.988453
-8.470720
-7.868898
-7.176798
-6.392249
-5.519778
-4.573864
-3.582232
-2.595691
-1.697243
-0.953297
-0.378979
0.025426
0.275019
0.398030
0.430756
0.410704
0.369951
0.331071
0.307608
0.306923
0.318912
0.325173
0.299965
0.210268
0.019886
-0.304217
-0.785735
-1.434800
-2.246500
-3.186767
-4.171799
-5.135149
-6.040121
-6.864641
-7.598649
-8.240759
-8.795182
-9.269280
-9.671838
-10.011915
-10.298174
-10.538526
-10.613218
-10.731545
-10.505638
-10.236833
-9.917674
-9.539867
-9.094507
-8.572537
-7.965579
-7.267286
-6.475327
-5.594096
-4.638012
-3.634878
-2.635921
-1.725133
-0.969945
-0.386028
0.025930
0.280851
0.407046
0.441147
0.421181
0.379814
0.340152
0.316130
0.315341
0.327414
0.333468
0.307200
0.215030
0.020308
-0.310255
-0.800350
-1.459857
-2.283416
-3.236158
-4.233110
-5.207169
-6.121444
-6.953859
-7.694456
-8.342009
-8.900898
-9.378649
-9.784188
-10.126701
-10.414950
-10.656931
-10.731545
-10.849928
-10.622425
-10.351686
-10.030176
-9.649512
-9.200678
-8.674487
-8.062414
-7.357949
-6.558599
-5.668625
-4.702382
-3.687747
-2.676358
-1.753197
-0.986717
-0.393139
0.026440
0.286754
0.416190
0.451710
0.431857
0.389888
0.349442
0.324856
0.323954
0.336098
0.341921
0.314556
0.219861
0.020734
-0.316356
-0.815094
-1.485100
-2.320562
-3.285803
-4.294679
-5.279438
-6.202999
-7.043285
-7.790448
-8.443420
-9.006753
-9.488137
-9.896641
-10.241574
-10.531801
-10.775401
-10.849928
-10.968362
-10.739273
-10.466609
-10.142761
-9.759254
-9.306961
-8.776567
-8.159398
-7.448781
-6.642062
-5.743363
-4.766971
-3.740835
-2.717000
-1.781433
-1.003612
-0.400312
0.026956
0.292729
0.425463
0.462445
0.442733
0.400173
0.358945
0.333788
0.332764
0.344965
0.350532
0.322032
0.224759
0.021166
-0.322520
-0.829967
-1.510529
-2.357936
-3.335699
-4.356505
-5.351954
-6.284782
-7.132915
-7.886619
-8.544988
-9.112743
-9.597740
-10.009193
-10.356532
-10.648724
-10.893931
-10.968362
-11.086845
-10.856179
-10.581600
-10.255425
-9.869088
-9.413354
-8.878774
-8.256529
-7.539781
-6.725712
-5.818305
-4.831777
-3.794141
-2.757845
-1.809841
-1.020630
-0.407548
0.027476
0.298774
0.434865
0.473354
0.453811
0.410673
0.368663
0.342928
0.341773
0.354016
0.359303
0.329628
0.229726
0.021604
-0.328747
-0.844967
-1.536143
-2.395537
-3.385845
-4.418583
-5.424712
-6.366789
-7.222747
-7.982968
-8.646708
-9.218865
-9.707457
-10.121841
-10.471571
-10.765716
-11.012520
-11.086845
-11.205373
-10.973138
-10.696655
-10.368166
-9.979013
-9.519851
-8.981105
-8.353802
-7.630944
-6.809545
-5.893448
-4.896797
-3.847661
-2.798892
-1.838419
-1.037771
-0.414845
0.028002
0.304891
0.444396
0.484437
0.465092
0.421389
0.378598
0.352279
0.350983
0.363254
0.368235
0.337346
0.234761
0.022046
-0.335036
-0.860096
-1.561941
-2.433364
-3.436239
-4.480913
-5.497710
-6.449016
-7.312776
-8.079490
-8.748579
-9.325116
-9.817281
-10.234581
-10.586687
-10.882773
-11.131164
-11.205373
-11.323944
-11.090149
-10.811771
-10.480979
-10.089024
-9.626451
-9.083555
-8.451215
-7.722267
-6.893559
-5.968791
-4.962027
-3.901395
-2.840138
-1.867167
-1.055033
-0.422203
0.028532
0.311080
0.454058
0.495696
0.476578
0.432324
0.388753
0.361843
0.360397
0.372680
0.377328
0.345187
0.239865
0.022493
-0.341388
-0.875353
-1.587922
-2.471414
-3.486878
-4.543490
-5.570945
-6.531461
-7.402999
-8.176180
-8.850595
-9.431490
-9.927212
-10.347409
-10.701878
-10.999892
-11.249860
-11.323944
-11.442554
-11.207207
-10.926946
-10.593862
-10.199118
-9.733150
-9.186122
-8.548764
-7.813746
-6.977750
-6.044328
-5.027465
-3.955339
-2.881583
-1.896082
-1.072416
-0.429623
0.029069
0.317340
0.463850
0.507131
0.488270
0.443479
0.399129
0.371623
0.370017
0.382296
0.386586
0.353150
0.245038
0.022946
-0.347803
-0.890737
-1.614086
-2.509688
-3.537760
-4.606312
-5.644414
-6.614119
-7.493411
-8.273037
-8.952754
-9.537986
-10.037244
-10.460323
-10.817140
-11.117070
-11.368604
-11.442554
-11.561202
-11.324312
-11.042175
-10.706811
-10.309292
-9.839944
-9.288802
-8.646445
-7.905379
-7.062115
-6.120058
-5.093109
-4.009492
-2.923224
-1.925165
-1.089921
-0.437105
0.029610
0.323672
0.473774
0.518744
0.500169
0.454856
0.409730
0.381620
0.379844
0.392103
0.396007
0.361236
0.250281
0.023404
-0.354280
-0.906248
-1.640432
-2.548182
-3.588883
-4.669378
-5.718113
-6.696988
-7.584011
-8.370056
-9.055051
-9.644599
-10.147375
-10.573319
-10.932471
-11.234305
-11.487395
-11.561202
-11.679883
-11.441458
-11.157457
-10.819825
-10.419544
-9.946831
-9.391592
-8.744256
-7.997162
-7.146651
-6.195977
-5.158955
-4.063851
-2.965060
-1.954414
-1.107546
-0.444648
0.030157
0.330076
0.483828
0.530535
0.512278
0.466457
0.420557
0.391838
0.389882
0.402104
0.405594
0.369447
0.255592
0.023867
-0.360819
-0.921887
-1.666959
-2.586897
-3.640246
-4.732683
-5.792040
-6.780064
-7.674794
-8.467234
-9.157484
-9.751326
-10.257602
-10.686394
-11.047866
-11.351592
-11.606228
-11.679883
-11.798597
-11.558644
-11.272788
-10.932899
-10.529870
-10.053808
-9.494489
-8.842192
-8.089091
-7.231354
-6.272082
-5.225001
-4.118413
-3.007090
-1.983828
-1.125290
-0.452251
0.030708
0.336552
0.494015
0.542504
0.524597
0.478285
0.431612
0.402278
0.400131
0.412300
0.415348
0.377782
0.260974
0.024335
-0.367422
-0.937651
-1.693666
-2.625830
-3.691846
-4.796225
-5.866191
-6.863343
-7.765756
-8.564566
-9.260049
-9.858164
-10.367920
-10.799545
-11.163323
-11.468930
-11.725102
-11.798597
-11.917338
-11.675868
-11.388166
-11.046032
-10.640266
-10.160870
-9.597489
-8.940252
-8.181164
-7.316221
-6.348371
-5.291245
-4.173177
-3.049310
-2.013406
-1.143154
-0.459916
0.031265
0.343100
0.504334
0.554654
0.537128
0.490340
0.442899
0.412944
0.410594
0.422691
0.425269
0.386243
0.266425
0.024809
-0.374086
-0.953542
-1.720553
-2.664980
-3.743681
-4.860002
-5.940563
-6.946824
-7.856895
-8.662051
-9.362742
-9.965110
-10.478328
-10.912769
-11.278840
-11.586316
-11.844013
-11.917338
-12.036107
-11.793125
-11.503588
-11.159219
-10.750731
-10.268016
-9.700590
-9.038431
-8.273377
-7.401249
-6.424840
-5.357682
-4.228140
-3.091721
-2.043147
-1.161136
-0.467641
0.031828
0.349720
0.514785
0.566984
0.549872
0.502624
0.454418
0.423836
0.421273
0.433281
0.435359
0.394829
0.271946
0.025287
-0.380814
-0.969559
-1.747618
-2.704345
-3.795749
-4.924011
-6.015154
-7.030501
-7.948207
-8.759685
-9.465561
-10.072160
-10.588822
-11.026063
-11.394413
-11.703745
-11.962960
-12.036107
-12.154898
-11.910414
-11.619050
-11.272458
-10.861262
-10.375243
-9.803789
-9.136727
-8.365727
-7.486436
-6.501486
-5.424312
-4.283301
-3.134320
-2.073050
-1.179237
-0.475427
0.032395
0.356412
0.525369
0.579495
0.562830
0.515141
0.466173
0.434957
0.432171
0.444071
0.445619
0.403542
0.277537
0.025771
-0.387603
-0.985702
-1.774861
-2.743926
-3.848048
-4.988250
-6.089960
-7.114373
-8.039689
-8.857463
-9.568502
-10.179312
-10.699398
-11.139424
-11.510039
-11.821217
-12.081938
-12.154898
-12.273711
-12.027732
-11.734551
-11.385747
-10.971854
-10.482547
-9.907082
-9.235137
-8.458211
-7.571777
-6.578307
-5.491131
-4.338656
-3.177105
-2.103114
-1.197456
-0.483274
0.032968
0.363176
0.536086
0.592189
0.576004
0.527890
0.478165
0.446310
0.443288
0.455061
0.456049
0.412381
0.283198
0.026260
-0.394455
-1.001970
-1.802281
-2.783719
-3.900577
-5.052716
-6.164979
-7.198436
-8.131337
-8.955383
-9.671562
-10.286561
-10.810055
-11.252849
-11.625716
-11.938728
-12.200945
-12.273711
-12.392542
-12.145077
-11.850088
-11.499083
-11.082507
-10.589925
-10.010466
-9.333656
-8.550826
-7.657271
-6.655299
-5.558137
-4.394204
-3.220075
-2.133338
-1.215791
-0.491180
0.033546
0.370012
0.546937
0.605066
0.589395
0.540874
0.490396
0.457897
0.454627
0.466254
0.466651
0.421348
0.288931
0.026755
-0.401370
-1.018362
-1.829878
-2.823723
-3.953332
-5.117406
-6.240207
-7.282686
-8.223149
-9.053443
-9.774738
-10.393906
-10.920788
-11.366335
-11.741440
-12.056275
-12.319980
-12.392542
-12.511390
-12.262445
-11.965659
-11.612463
-11.193216
-10.697375
-10.113939
-9.432284
-8.643570
-7.742913
-6.732460
-5.625326
-4.449942
-3.263229
-2.163720
-1.234243
-0.499147
0.034129
0.376921
0.557921
0.618127
0.603004
0.554095
0.502869
0.469719
0.466190
0.477651
0.477426
0.430443
0.294733
0.027254
-0.408346
-1.034880
-1.857650
-2.863938
-4.006312
-5.182318
-6.315642
-7.367121
-8.315121
-9.151637
-9.878026
-10.501342
-11.031595
-11.479880
-11.857210
-12.173856
-12.439039
-12.511390
-12.630251
-12.379836
-12.081260
-11.725885
-11.303979
-10.804894
-10.217498
-9.531016
-8.736438
-7.828702
-6.809787
-5.692697
-4.505869
-3.306564
-2.194260
-1.252811
-0.507173
0.034717
0.383902
0.569040
0.631372
0.616833
0.567555
0.515584
0.481779
0.477978
0.489254
0.488375
0.439666
0.300607
0.027759
-0.415385
-1.051521
-1.885597
-2.904361
-4.059515
-5.247449
-6.391280
-7.451737
-8.407249
-9.249964
-9.981424
-10.608868
-11.142473
-11.593480
-11.973022
-12.291469
-12.558119
-12.630251
-12.749124
-12.497245
-12.196889
-11.839345
-11.414794
-10.912479
-10.321140
-9.629849
-8.829428
-7.914634
-6.887277
-5.760247
-4.561982
-3.350079
-2.224957
-1.271495
-0.515260
0.035311
0.390955
0.580294
0.644802
0.630882
0.581254
0.528546
0.494079
0.489994
0.501063
0.499498
0.449019
0.306552
0.028269
-0.422485
-1.068287
-1.913718
-2.944992
-4.112938
-5.312797
-6.467120
-7.536532
-8.499531
-9.348421
-10.084928
-10.716479
-11.253419
-11.707133
-12.088874
-12.409110
-12.677220
-12.749124
-12.868006
-12.614671
-12.312544
-11.952842
-11.525658
-11.020127
-10.424862
-9.728782
-8.922538
-8.000706
-6.964928
-5.827973
-4.618279
-3.393772
-2.255809
-1.290293
-0.523406
0.035909
0.398081
0.591682
0.658418
0.645153
0.595196
0.541754
0.506621
0.502239
0.513081
0.510797
0.458501
0.312568
0.028784
-0.429648
-1.085176
-1.942011
-2.985828
-4.166581
-5.378359
-6.543157
-7.621502
-8.591964
-9.447003
-10.188536
-10.824174
-11.364431
-11.820836
-12.204763
-12.526777
-12.796337
-12.868006
-12.986895
-12.732111
-12.428222
-12.066373
-11.636568
-11.127837
-10.528661
-9.827810
-9.015763
-8.086915
-7.042736
-5.895873
-4.674757
-3.437641
-2.286816
-1.309206
-0.531611
0.036513
0.405280
0.603205
0.672220
0.659647
0.609380
0.555213
0.519406
0.514716
0.525309
0.522273
0.468112
0.318655
0.029305
-0.436873
-1.102188
-1.970477
-3.026869
-4.220441
-5.444133
-6.619389
-7.706645
-8.684544
-9.545709
-10.292244
-10.931949
-11.475505
-11.934587
-12.320687
-12.644468
-12.915468
-12.986895
-13.105788
-12.849564
-12.543921
-12.179936
-11.747522
-11.235604
-10.632534
-9.926932
-9.109103
-8.173259
-7.120698
-5.963944
-4.731416
-3.481686
-2.317976
-1.328233
-0.539876
0.037122
0.412550
0.614863
0.686210
0.674365
0.623810
0.568922
0.532438
0.527425
0.537748
0.533926
0.477854
0.324814
0.029831
-0.444159
-1.119323
-1.999114
-3.068113
-4.274515
-5.510116
-6.695814
-7.791957
-8.777269
-9.644534
-10.396050
-11.039801
-11.586640
-12.048383
-12.436643
-12.762181
-13.034613
-13.105788
-13.224684
-12.967027
-12.659639
-12.293527
-11.858518
-11.343427
-10.736480
-10.026143
-9.202552
-8.259735
-7.198813
-6.032184
-4.788251
-3.525904
-2.349288
-1.347373
-0.548199
0.037736
0.419894
0.626658
0.700388
0.689308
0.638486
0.582884
0.545718
0.540369
0.550399
0.545757
0.487727
0.331045
0.030362
-0.451508
-1.136580
-2.027921
-3.109558
-4.328802
-5.576306
-6.772428
-7.877436
-8.870135
-9.743477
-10.499950
-11.147728
-11.697832
-12.162221
-12.552628
-12.879912
-13.153767
-13.224684
-13.343580
-13.084497
-12.775374
-12.407145
-11.969552
-11.451303
-10.840495
-10.125443
-9.296110
-8.346339
-7.277077
-6.100591
-4.845263
-3.570294
-2.380751
-1.366626
-0.556582
0.038355
0.427309
0.638587
0.714754
0.704478
0.653410
0.597102
0.559248
0.553549
0.563264
0.557768
0.497732
0.337347
0.030898
-0.458918
-1.153960
-2.056898
-3.151204
-4.383300
-5.642700
-6.849229
-7.963078
-8.963140
-9.842534
-10.603942
-11.255727
-11.809078
-12.276099
-12.668641
-12.997661
-13.272929
-13.343580
-13.462475
-13.201972
-12.891123
-12.520788
-12.080623
-11.559229
-10.944576
-10.224827
-9.389773
-8.433070
-7.355488
-6.169161
-4.902447
-3.614854
-2.412365
-1.385990
-0.565023
0.038980
0.434798
0.650653
0.729310
0.719875
0.668584
0.611576
0.573029
0.566968
0.576344
0.569958
0.507867
0.343721
0.031439
-0.466389
-1.171461
-2.086044
-3.193048
-4.438006
-5.709296
-6.926214
-8.048881
-9.056280
-9.941702
-10.708023
-11.363796
-11.920376
-12.390014
-12.784679
-13.115423
-13.392096
-13.462475
-13.581365
-13.319452
-13.006883
-12.634453
-12.191727
-11.667204
-11.048722
-10.324294
-9.483538
-8.519925
-7.434043
-6.237893
-4.959803
-3.659582
-2.444127
-1.405467
-0.573522
0.039610
0.442358
0.662855
0.744055
0.735501
0.684008
0.626309
0.587064
0.580626
0.589641
0.582330
0.518136
0.350167
0.031986
-0.473922
-1.189083
-2.115358
-3.235089
-4.492920
-5.776091
-7.003380
-8.134841
-9.149553
-10.040978
-10.812190
-11.471930
-12.031724
-12.503964
-12.900739
-13.233198
-13.511267
-13.581365
-13.700250
-13.436932
-13.122654
-12.748137
-12.302864
-11.775223
-11.152929
-10.423841
-9.577402
-8.606900
-7.512740
-6.306783
-5.017327
-3.704476
-2.476038
-1.425054
-0.582080
0.040244
0.449992
0.675194
0.758990
0.751356
0.699686
0.641302
0.601355
0.594526
0.603156
0.594883
0.528536
0.356685
0.032538
-0.481516
-1.206826
-2.144838
-3.277326
-4.548038
-5.843083
-7.080724
-8.220956
-9.242956
-10.140361
-10.916441
-11.580129
-12.143119
-12.617947
-13.016820
-13.350983
-13.630439
-13.700250
-13.819127
-13.554411
-13.238431
-12.861839
-12.414029
-11.883286
-11.257195
-10.523464
-9.671364
-8.693993
-7.591575
-6.375830
-5.075019
-3.749536
-2.508095
-1.444751
-0.590696
0.040884
0.457697
0.687669
0.774117
0.767441
0.715617
0.656558
0.615903
0.608669
0.616889
0.607619
0.539070
0.363276
0.033095
-0.489172
-1.224689
-2.174485
-3.319758
-4.603358
-5.910270
-7.158244
-8.307223
-9.336486
-10.239845
-11.020773
-11.688389
-12.254558
-12.731959
-13.132918
-13.468775
-13.749610
-13.819127
-13.937994
-13.671888
-13.354215
-12.975557
-12.525222
-11.991390
-11.361517
-10.623162
-9.765420
-8.781202
-7.670547
-6.445031
-5.132875
-3.794760
-2.540297
-1.464558
-0.599370
0.041529
0.465476
0.700282
0.789435
0.783759
0.731803
0.672077
0.630710
0.623056
0.630842
0.620538
0.549736
0.369938
0.033657
-0.496889
-1.242672
-2.204296
-3.362382
-4.658880
-5.977648
-7.235937
-8.393639
-9.430139
-10.339430
-11.125182
-11.796707
-12.366039
-12.846000
-13.249033
-13.586573
-13.868779
-13.937994
-14.056849
-13.789360
-13.470002
-13.089288
-12.636440
-12.099532
-11.465894
-10.722932
-9.859568
-8.868524
-7.749652
-6.514384
-5.190894
-3.840145
-2.572645
-1.484475
-0.608101
0.042179
0.473326
0.713031
0.804944
0.800308
0.748247
0.687862
0.645778
0.637690
0.645017
0.633641
0.560537
0.376673
0.034225
-0.504667
-1.260775
-2.234272
-3.405198
-4.714600
-6.045216
-7.313801
-8.480202
-9.523914
-10.439112
-11.229667
-11.905082
-12.477560
-12.960066
-13.365160
-13.704375
-13.987942
-14.056849
-14.175690
-13.906825
-13.585790
-13.203030
-12.747680
-12.207710
-11.570322
-10.822771
-9.953805
-8.955955
-7.828889
-6.583886
-5.249074
-3.885690
-2.605136
-1.504500
-0.616890
0.042834
0.481250
0.725917
0.820646
0.817091
0.764948
0.703915
0.661109
0.652572
0.659415
0.646929
0.571471
0.383481
0.034798
-0.512506
-1.278996
-2.264411
-3.448203
-4.770516
-6.112971
-7.391832
-8.566908
-9.617807
-10.538888
-11.334224
-12.013510
-12.589118
-13.074155
-13.481299
-13.822178
-14.107099
-14.175690
-14.294515
-14.024281
-13.701578
-13.316780
-12.858941
-12.315922
-11.674800
-10.922678
-10.048129
-9.043495
-7.908254
-6.653535
-5.307412
-3.931394
-2.637769
-1.524632
-0.625736
0.043495
0.489245
0.738941
0.836541
0.834109
0.781910
0.720236
0.676704
0.667703
0.674036
0.660402
0.582540
0.390361
0.035376
-0.520405
-1.297337
-2.294713
-3.491397
-4.826628
-6.180910
-7.470028
-8.653755
-9.711816
-10.638757
-11.438852
-12.121990
-12.700711
-13.188265
-13.597448
-13.939980
-14.226247
-14.294515
-14.413323
-14.141726
-13.817363
-13.430538
-12.970219
-12.424166
-11.779324
-11.022649
-10.142537
-9.131140
-7.987745
-6.723328
-5.365907
-3.977255
-2.670543
-1.544872
-0.634639
0.044160
0.497313
0.752102
0.852630
0.851361
0.799132
0.736828
0.692566
0.683084
0.688882
0.674062
0.593744
0.397313
0.035960
-0.528365
-1.315795
-2.325176
-3.534777
-4.882931
-6.249032
-7.548386
-8.740739
-9.805938
-10.738714
-11.543547
-12.230518
-12.812336
-13.302394
-13.713603
-14.057779
-14.345383
-14.413323
-14.532112
-14.259159
-13.933143
-13.544301
-13.081514
-12.532438
-11.883894
-11.122682
-10.237027
-9.218887
-8.067360
-6.793264
-5.424556
-4.023271
-2.703457
-1.565219
-0.643598
0.044830
0.505453
0.765400
0.868912
0.868850
0.816616
0.753692
0.708695
0.698718
0.703954
0.687909
0.605082
0.404339
0.036548
-0.536386
-1.334371
-2.355799
-3.578343
-4.939426
-6.317334
-7.626904
-8.827859
-9.900170
-10.838758
-11.648307
-12.339093
-12.923991
-13.416539
-13.829764
-14.175574
-14.464507
-14.532112
-14.650880
-14.376577
-14.048917
-13.658067
-13.192823
-12.640738
-11.988505
-11.222774
-10.331596
-9.306735
-8.147096
-6.863339
-5.483357
-4.069440
-2.736510
-1.585671
-0.652615
0.045506
0.513666
0.778837
0.885389
0.886576
0.834363
0.770830
0.725093
0.714606
0.719253
0.701943
0.616556
0.411437
0.037142
-0.544467
-1.353064
-2.386582
-3.622093
-4.996109
-6.385813
-7.705578
-8.915112
-9.994509
-10.938885
-11.753130
-12.447711
-13.035675
-13.530699
-13.945927
-14.293362
-14.583617
-14.650880
-14.769625
-14.493979
-14.164682
-13.771833
-13.304144
-12.749063
-12.093157
-11.322925
-10.426241
-9.394680
-8.226950
-6.933552
-5.542309
-4.115761
-2.769701
-1.606229
-0.661687
0.046186
0.521950
0.792411
0.902060
0.904540
0.852376
0.788243
0.741763
0.730749
0.734780
0.716166
0.628165
0.418607
0.037741
-0.552608
-1.371874
-2.417524
-3.666025
-5.052978
-6.454466
-7.784408
-9.002494
-10.088954
-11.039094
-11.858013
-12.556371
-13.147384
-13.644871
-14.062091
-14.411142
-14.702709
-14.769625
-14.888345
-14.611363
-14.280437
-13.885599
-13.415475
-12.857411
-12.197846
-11.423130
-10.520961
-9.482720
-8.306921
-7.003900
-5.601409
-4.162233
-2.803029
-1.626892
-0.670816
0.046871
0.530307
0.806123
0.918927
0.922742
0.870654
0.805933
0.758705
0.747149
0.750537
0.730577
0.639911
0.425851
0.038345
-0.560810
-1.390800
-2.448623
-3.710138
-5.110032
-6.523293
-7.863389
-9.090004
-10.183500
-11.139382
-11.962954
-12.665071
-13.259117
-13.759053
-14.178254
-14.528911
-14.821784
-14.888345
-15.007039
-14.728728
-14.396180
-13.999361
-13.526814
-12.965779
-12.302571
-11.523388
-10.615753
-9.570853
-8.387006
-7.074382
-5.660654
-4.208853
-2.836492
-1.647658
-0.680000
0.047562
0.538736
0.819973
0.935989
0.941184
0.889199
0.823901
0.775922
0.763806
0.766523
0.745178
0.651792
0.433167
0.038955
-0.569071
-1.409842
-2.479878
-3.754430
-5.167268
-6.592290
-7.942519
-9.177638
-10.278146
-11.239746
-12.067950
-12.773807
-13.370871
-13.873243
-14.294415
-14.646668
-14.940838
-15.007039
-15.125705
-14.846070
-14.511909
-14.113119
-13.638159
-13.074166
-12.407329
-11.623696
-10.710615
-9.659076
-8.467202
-7.144993
-5.720045
-4.255620
-2.870089
-1.668528
-0.689240
0.048257
0.547237
0.833961
0.953247
0.959865
0.908012
0.842149
0.793414
0.780723
0.782741
0.759970
0.663810
0.440557
0.039569
-0.577392
-1.429000
-2.511290
-3.798901
-5.224685
-6.661454
-8.021796
-9.265394
-10.372890
-11.340183
-12.172998
-12.882578
-13.482644
-13.987439
-14.410570
-14.764411
-15.059871
-15.125705
-15.244341
-14.963389
-14.627623
-14.226870
-13.749507
-13.182569
-12.512119
-11.724053
-10.805543
-9.747388
-8.547507
-7.215733
-5.779577
-4.302532
-2.903820
-1.689501
-0.698535
0.048958
0.555809
0.848086
0.970701
0.978788
0.927095
0.860678
0.811183
0.797901
0.799191
0.774952
0.675964
0.448019
0.040189
-0.585773
-1.448271
-2.542856
-3.843547
-5.282280
-6.730784
-8.101217
-9.353270
-10.467727
-11.440692
-12.278098
-12.991381
-13.594435
-14.101640
-14.526718
-14.882138
-15.178879
-15.244341
-15.362946
-15.080684
-14.743318
-14.340612
-13.860858
-13.290987
-12.616938
-11.824455
-10.900537
-9.835785
-8.627919
-7.286600
-5.839249
-4.349588
-2.937682
-1.710576
-0.707886
0.049663
0.564454
0.862350
0.988352
0.997953
0.946448
0.879490
0.829231
0.815341
0.815874
0.790125
0.688256
0.455554
0.040814
-0.594213
-1.467657
-2.574575
-3.888368
-5.340051
-6.800277
-8.180780
-9.441262
-10.562657
-11.541269
-12.383245
-13.100215
-13.706240
-14.215842
-14.642858
-14.999846
-15.297863
-15.362946
-15.481517
-15.197951
-14.858995
-14.454344
-13.972209
-13.399418
-12.721784
-11.924902
-10.995594
-9.924265
-8.708436
-7.357590
-5.899059
-4.396786
-2.971676
-1.731752
-0.717291
0.050374
0.573170
0.876752
1.006199
1.017360
0.966073
0.898586
0.847559
0.833043
0.832792
0.805491
0.700684
0.463163
0.041445
-0.602712
-1.487157
-2.606447
-3.933362
-5.397996
-6.869931
-8.260481
-9.529369
-10.657675
-11.641913
-12.488438
-13.209077
-13.818058
-14.330045
-14.758987
-15.117536
-15.416819
-15.481517
-15.600055
-15.315190
-14.974650
-14.568064
-14.083558
-13.507859
-12.826654
-12.025389
-11.090710
-10.012826
-8.789054
-7.428701
-5.959005
-4.444125
-3.005798
-1.753029
-0.726750
0.051089
0.581958
0.891293
1.024244
1.037010
0.985970
0.917966
0.866169
0.851011
0.849944
0.821048
0.713250
0.470844
0.042080
-0.611271
-1.506770
-2.638471
-3.978527
-5.456114
-6.939743
-8.340319
-9.617587
-10.752781
-11.742620
-12.593675
-13.317965
-13.929887
-14.444246
-14.875104
-15.235204
-15.535747
-15.600055
-15.718556
-15.432399
-15.090283
-14.681770
-14.194904
-13.616309
-12.931548
-12.125917
-11.185885
-10.101465
-8.869772
-7.499932
-6.019085
-4.491602
-3.040050
-1.774406
-0.736264
0.051809
0.590817
0.905971
1.042486
1.056903
1.006142
0.937634
0.885062
0.869244
0.867332
0.836799
0.725953
0.478598
0.042721
-0.619888
-1.526495
-2.670645
-4.023863
-5.514403
-7.009711
-8.420291
-9.705914
-10.847971
-11.843390
-12.698953
-13.426876
-14.041725
-14.558443
-14.991206
-15.352849
-15.654644
-15.718556
-15.837020
-15.549577
-15.205892
-14.795460
-14.306244
-13.724765
-13.036463
-12.226481
-11.281116
-10.190181
-8.950587
-7.571280
-6.079297
-4.539216
-3.074428
-1.795882
-0.745832
0.052534
0.599748
0.920787
1.060926
1.077041
1.026587
0.957589
0.904239
0.887743
0.884958
0.852743
0.738794
0.486425
0.043366
-0.628565
-1.546333
-2.702969
-4.069367
-5.572859
-7.079833
-8.500395
-9.794347
-10.943243
-11.944218
-12.804270
-13.535810
-14.153570
-14.672634
-15.107292
-15.470469
-15.773509
-15.837020
-15.955444
-15.666722
-15.321475
-14.909133
-14.417577
-13.833226
-13.141396
-12.327081
-11.376400
-10.278971
-9.031498
-7.642743
-6.139639
-4.586965
-3.108933
-1.817457
-0.755454
0.053264
0.608750
0.935742
1.079563
1.097424
1.047309
0.977834
0.923701
0.906511
0.902820
0.868881
0.751773
0.494325
0.044017
-0.637299
-1.566281
-2.735441
-4.115038
-5.631481
-7.150106
-8.580628
-9.882885
-11.038594
-12.045103
-12.909624
-13.644762
-14.265420
-14.786819
-15.223361
-15.588062
-15.892340
-15.955444
-16.073828
-15.783832
-15.437030
-15.022787
-14.528901
-13.941691
-13.246347
-12.427714
-11.471736
-10.367832
-9.112501
-7.714319
-6.200109
-4.634848
-3.143562
-1.839130
-0.765129
0.053999
0.617823
0.950834
1.098399
1.118052
1.068307
0.998369
0.943451
0.925549
0.920922
0.885213
0.764889
0.502298
0.044673
-0.646092
-1.586341
-2.768061
-4.160874
-5.690268
-7.220528
-8.660987
-9.971524
-11.134023
-12.146043
-13.015012
-13.753733
-14.377273
-14.900994
-15.339410
-15.705628
-16.011137
-16.073828
-16.192170
-15.900905
-15.552556
-15.136420
-14.640214
-14.050156
-13.351312
-12.528378
-11.567122
-10.456764
-9.193595
-7.786005
-6.260705
-4.682863
-3.178315
-1.860900
-0.774858
0.054739
0.626967
0.966065
1.117433
1.138926
1.089583
1.019196
0.963489
0.944856
0.939262
0.901741
0.778144
0.510344
0.045335
-0.654944
-1.606511
-2.800826
-4.206874
-5.749217
-7.291097
-8.741470
-10.060263
-11.229526
-12.247035
-13.120433
-13.862719
-14.489127
-15.015157
-15.455438
-15.823164
-16.129896
-16.192170
-16.310468
-16.017941
-15.668051
-15.250030
-14.751514
-14.158620
-13.456291
-12.629071
-11.662554
-10.545762
-9.274777
-7.857800
-6.321425
-4.731009
-3.213191
-1.882766
-0.784639
0.055484
0.636183
0.981433
1.136666
1.160047
1.111137
1.040315
0.983817
0.964435
0.957843
0.918463
0.791537
0.518462
0.046001
-0.663853
-1.626791
-2.833737
-4.253035
-5.808326
-7.361810
-8.822075
-10.149098
-11.325102
-12.348077
-13.225885
-13.971718
-14.600980
-15.129309
-15.571443
-15.940669
-16.248618
-16.310468
-16.428722
-16.134938
-15.783514
-15.363617
-14.862801
-14.267082
-13.561280
-12.729792
-11.758032
-10.634826
-9.356045
-7.929701
-6.382267
-4.779283
-3.248187
-1.904728
-0.794473
0.056233
0.645469
0.996939
1.156097
1.181415
1.132971
1.061729
1.004435
0.984287
0.976664
0.935381
0.805068
0.526654
0.046672
-0.672820
-1.647180
-2.866793
-4.299358
-5.867592
-7.432666
-8.902799
-10.238028
-11.420747
-12.449167
-13.331365
-14.080729
-14.712831
-15.243445
-15.687424
-16.058141
-16.367299
-16.428722
-16.546928
-16.251894
-15.898943
-15.477178
-14.974071
-14.375540
-13.666279
-12.830537
-11.853553
-10.723952
-9.437398
-8.001706
-6.443229
-4.827684
-3.283304
-1.926786
-0.804360
0.056987
0.654825
1.012583
1.175727
1.203031
1.155085
1.083437
1.025345
1.004412
0.995727
0.952495
0.818738
0.534918
0.047349
-0.681844
-1.667677
-2.899991
-4.345839
-5.927015
-7.503661
-8.983640
-10.327049
-11.516460
-12.550303
-13.436871
-14.189750
-14.824677
-15.357565
-15.803378
-16.175579
-16.485940
-16.546928
-16.665087
-16.368808
-16.014337
-15.590712
-15.085324
-14.483991
-13.771285
-12.931305
-11.949115
-10.813140
-9.518832
-8.073813
-6.504309
-4.876210
-3.318540
-1.948937
-0.814298
0.057746
0.664252
1.028365
1.195556
1.224895
1.177480
1.105442
1.046549
1.024812
1.015033
0.969806
0.832546
0.543255
0.048031
-0.690926
-1.688282
-2.933331
-4.392477
-5.986592
-7.574793
-9.064596
-10.416160
-11.612239
-12.651482
-13.542401
-14.298778
-14.936517
-15.471667
-15.919305
-16.292980
-16.604537
-16.665087
-16.783197
-16.485678
-16.129694
-15.704216
-15.196558
-14.592435
-13.876297
-13.032094
-12.044716
-10.902386
-9.600346
-8.146019
-6.565505
-4.924861
-3.353893
-1.971182
-0.824288
0.058510
0.673749
1.044284
1.215584
1.247007
1.200157
1.127744
1.068047
1.045487
1.034581
0.987313
0.846493
0.551664
0.048717
-0.700065
-1.708995
-2.966812
-4.439271
-6.046321
-7.646061
-9.145664
-10.505358
-11.708081
-12.752702
-13.647953
-14.407812
-15.048349
-15.585750
-16.035202
-16.410344
-16.723091
-16.783197
-16.901257
-16.602504
-16.245012
-15.817691
-15.307771
-14.700869
-13.981312
-13.132903
-12.140353
-10.991689
-9.681937
-8.218324
-6.626815
-4.973633
-3.389362
-1.993520
-0.834330
0.059279
0.683317
1.060340
1.235812
1.269368
1.223116
1.150344
1.089840
1.066439
1.054373
1.005017
0.860579
0.560147
0.049409
-0.709260
-1.729814
-3.000432
-4.486219
-6.106199
-7.717462
-9.226841
-10.594641
-11.803983
-12.853961
-13.753526
-14.516850
-15.160170
-15.699811
-16.151068
-16.527669
-16.841599
-16.901257
-17.019264
-16.719283
-16.360291
-15.931134
-15.418961
-14.809291
-14.086329
-13.233729
-12.236026
-11.081046
-9.763604
-8.290724
-6.688237
-5.022526
-3.424947
-2.015950
-0.844423
0.060052
0.692954
1.076534
1.256238
1.291979
1.246359
1.173244
1.111929
1.087668
1.074409
1.022919
0.874803
0.568701
0.050106
-0.718512
-1.750739
-3.034192
-4.533319
-6.166226
-7.788993
-9.308126
-10.684006
-11.899944
-12.955257
-13.859116
-14.625890
-15.271981
-15.813849
-16.266902
-16.644954
-16.960060
-17.019264
-17.137218
-16.836014
-16.475529
-16.044543
-15.530128
-14.917701
-14.191347
-13.334570
-12.331731
-11.170456
-9.845343
-8.363217
-6.749770
-5.071538
-3.460645
-2.038471
-0.854566
0.060830
0.702661
1.092865
1.276864
1.314839
1.269886
1.196444
1.134317
1.109176
1.094690
1.041019
0.889166
0.577329
0.050808
-0.727821
-1.771770
-3.068088
-4.580570
-6.226398
-7.860652
-9.389515
-10.773451
-11.995961
-13.056589
-13.964723
-14.734930
-15.383778
-15.927863
-16.382702
-16.762197
-17.078472
-17.137218
-17.255118
-16.952697
-16.590725
-16.157918
-15.641269
-15.026097
-14.296363
-13.435425
-12.427468
-11.259916
-9.927154
-8.435802
-6.811410
-5.120667
-3.496456
-2.061083
-0.864760
0.061613
0.712438
1.109333
1.297689
1.337949
1.293697
1.219945
1.157002
1.130963
1.115216
1.059316
0.903668
0.586028
0.051515
-0.737186
-1.792906
-3.102121
-4.627970
-6.286714
-7.932438
-9.471008
-10.862974
-12.092033
-13.157952
-14.070344
-14.843968
-15.495559
-16.041850
-16.498466
-16.879397
-17.196835
-17.255118
-17.372963
-17.069329
-16.705876
-16.271256
-15.752383
-15.134476
-14.401375
-13.536291
-12.523233
-11.349425
-10.009034
-8.508477
-6.873158
-5.169911
-3.532379
-2.083785
-0.875005
0.062400
0.722284
1.125938
1.318713
1.361310
1.317794
1.243748
1.179988
1.153030
1.135989
1.077812
0.918309
0.594800
0.052227
-0.746607
-1.814145
-3.136289
-4.675518
-6.347172
-8.004348
-9.552600
-10.952573
-12.188156
-13.259347
-14.175977
-14.953003
-15.607325
-16.155810
-16.614193
-16.996552
-17.315147
-17.372963
-17.490750
-17.185909
-16.820982
-16.384557
-15.863468
-15.242837
-14.506383
-13.637168
-12.619026
-11.438980
-10.090981
-8.581239
-6.935009
-5.219269
-3.568411
-2.106575
-0.885299
0.063192
0.732199
1.142679
1.339937
1.384921
1.342178
1.267855
1.203274
1.175378
1.157008
1.096506
0.933088
0.603644
0.052944
-0.756083
-1.835488
-3.170591
-4.723211
-6.407770
-8.076379
-9.634291
-11.042245
-12.284329
-13.360770
-14.281621
-15.062033
-15.719071
-16.269740
-16.729881
-17.113660
-17.433406
-17.490750
-17.608479
-17.302436
-16.936041
-16.497819
-15.974523
-15.351179
-14.611383
-13.738052
-12.714844
-11.528579
-10.172993
-8.654086
-6.996963
-5.268739
-3.604553
-2.129454
-0.895643
0.063989
0.742183
1.159557
1.361360
1.408784
1.366848
1.292265
1.226862
1.198008
1.178275
1.115399
0.948006
0.612560
0.053666
-0.765615
-1.856934
-3.205026
-4.771049
-6.468505
-8.148530
-9.716078
-11.131988
-12.380550
-13.462220
-14.387273
-15.171056
-15.830798
-16.383639
-16.845530
-17.230722
-17.551611
-17.608479
-17.726148
-17.418909
-17.051053
-16.611040
-16.085547
-15.459500
-14.716376
-13.838943
-12.810685
-11.618221
-10.255068
-8.727016
-7.059018
-5.318320
-3.640802
-2.152421
-0.906036
0.064790
0.752237
1.176571
1.382982
1.432897
1.391805
1.316980
1.250752
1.220921
1.199789
1.134491
0.963063
0.621548
0.054393
-0.775202
-1.878482
-3.239592
-4.819029
-6.529377
-8.220797
-9.797958
-11.221800
-12.476816
-13.563695
-14.492931
-15.280070
-15.942503
-16.497506
-16.961137
-17.347734
-17.669762
-17.726148
-17.843757
-17.535327
-17.166015
-16.724219
-16.196537
-15.567798
-14.821358
-13.939838
-12.906548
-11.707903
-10.337204
-8.800028
-7.121172
-5.368010
-3.677157
-2.175474
-0.916478
0.065596
0.762358
1.193721
1.404803
1.457262
1.417050
1.342001
1.274945
1.244117
1.221551
1.153781
0.978259
0.630608
0.055125
-0.784843
-1.900131
-3.274289
-4.867150
-6.590381
-8.293180
-9.879929
-11.311679
-12.573126
-13.665192
-14.598595
-15.389073
-16.054185
-16.611339
-17.076702
-17.464697
-17.787856
-17.843757
-17.961304
-17.651688
-17.280926
-16.837355
-16.307493
-15.676072
-14.926329
-14.040737
-13.002430
-11.797624
-10.419398
-8.873118
-7.183422
-5.417807
-3.713618
-2.198612
-0.926968
0.066406
0.772548
1.211007
1.426824
1.481878
1.442583
1.367328
1.299443
1.267596
1.243562
1.173271
0.993594
0.639740
0.055861
-0.794540
-1.921881
-3.309116
-4.915410
-6.651518
-8.365676
-9.961989
-11.401622
-12.669477
-13.766711
-14.704261
-15.498065
-16.165843
-16.725137
-17.192222
-17.581607
-17.905893
-17.961304
-18.078788
-17.767991
-17.395786
-16.950446
-16.418413
-15.784321
-15.031286
-14.141636
-13.098330
-11.887381
-10.501650
-8.946287
-7.245768
-5.467710
-3.750183
-2.221836
-0.937507
0.067221
0.782807
1.228429
1.449044
1.506747
1.468405
1.392963
1.324245
1.291361
1.265821
1.192961
1.009067
0.648943
0.056603
-0.804291
-1.943731
-3.344070
-4.963807
-6.712784
-8.438282
-10.044136
-11.491627
-12.765868
-13.868248
-14.809929
-15.607043
-16.277473
-16.838897
-17.307697
-17.698465
-18.023871
-18.078788
-18.196208
-17.884235
-17.510592
-17.063491
-16.529296
-15.892543
-15.136229
-14.242535
-13.194246
-11.977173
-10.583957
-9.019530
-7.308206
-5.517716
-3.786850
-2.245145
-0.948094
0.068041
0.793133
1.245986
1.471462
1.531867
1.494517
1.418905
1.349354
1.315411
1.288330
1.212850
1.024678
0.658218
0.057350
-0.814095
-1.965680
-3.379151
-5.012341
-6.774178
-8.510997
-10.126368
-11.581692
-12.862296
-13.969802
-14.915596
-15.716005
-16.389076
-16.952620
-17.423125
-17.815269
-18.141788
-18.196208
-18.313562
-18.000418
-17.625344
-17.176489
-16.640140
-16.000736
-15.241155
-14.343432
-13.290176
-12.066998
-10.666316
-9.092847
-7.370736
-5.567825
-3.823618
-2.268536
-0.958728
0.068865
0.803527
1.263677
1.494080
1.557240
1.520918
1.445156
1.374769
1.339747
1.311089
1.232938
1.040428
0.667564
0.058101
-0.823954
-1.987728
-3.414358
-5.061008
-6.835697
-8.583818
-10.208682
-11.671816
-12.958758
-14.071371
-15.021261
-15.824950
-16.500650
-17.066303
-17.538505
-17.932018
-18.259645
-18.313562
-18.430851
-18.116540
-17.740040
-17.289439
-16.750944
-16.108900
-15.346063
-14.444324
-13.386119
-12.156854
-10.748727
-9.166235
-7.433355
-5.618035
-3.860487
-2.292011
-0.969409
0.069693
0.813988
1.281504
1.516896
1.582864
1.547610
1.471716
1.400491
1.364370
1.334099
1.253227
1.056317
0.676981
0.058858
-0.833866
-2.009874
-3.449689
-5.109808
-6.897340
-8.656743
-10.291076
-11.761995
-13.055255
-14.172953
-15.126922
-15.933876
-16.612193
-17.179945
-17.653835
-18.048710
-18.377439
-18.430851
-18.548071
-18.232600
-17.854680
-17.402339
-16.861706
-16.217031
-15.450952
-14.545212
-13.482072
-12.246739
-10.831186
-9.239693
-7.496061
-5.668344
-3.897455
-2.315567
-0.980137
0.070526
0.824517
1.299465
1.539910
1.608741
1.574592
1.498586
1.426522
1.389280
1.357358
1.273715
1.072343
0.686469
0.059619
-0.843831
-2.032117
-3.485143
-5.158739
-6.959105
-8.729769
-10.373549
-11.852228
-13.151782
-14.274546
-15.232576
-16.042783
-16.723703
-17.293544
-17.769114
-18.165345
-18.495170
-18.548071
-18.665223
-18.348595
-17.969262
-17.515187
-16.972426
-16.325130
-15.555819
-14.646092
-13.578035
-12.336651
-10.913693
-9.313219
-7.558854
-5.718750
-3.934520
-2.339204
-0.990912
0.071363
0.835112
1.317560
1.563123
1.634871
1.601865
1.525766
1.452861
1.414478
1.380869
1.294403
1.088508
0.696028
0.060385
-0.853850
-2.054456
-3.520720
-5.207799
-7.020990
-8.802896
-10.456097
-11.942513
-13.248339
-14.376149
-15.338224
-16.151667
-16.835179
-17.407099
-17.884341
-18.281920
-18.612836
-18.665223
-18.782305
-18.464526
-18.083784
-17.627984
-17.083102
-16.433195
-15.660664
-14.746963
-13.674004
-12.426589
-10.996245
-9.386810
-7.621730
-5.769252
-3.971681
-2.362922
-1.001733
0.072205
0.845775
1.335789
1.586534
1.661253
1.629429
1.553257
1.479510
1.439964
1.404630
1.315290
1.104811
0.705658
0.061156
-0.863921
-2.076891
-3.556417
-5.256987
-7.082992
-8.876120
-10.538719
-12.032847
-13.344923
-14.477760
-15.443862
-16.260528
-16.946620
-17.520610
-17.999515
-18.398435
-18.730436
-18.782305
-18.899317
-18.580391
-18.198246
-17.740727
-17.193733
-16.541225
-15.765485
-14.847824
-13.769980
-12.516550
-11.078841
-9.460465
-7.684688
-5.819848
-4.008938
-2.386719
-1.012600
0.073051
0.856503
1.354151
1.610143
1.687887
1.657285
1.581060
1.506468
1.465739
1.428643
1.336378
1.121251
0.715358
0.061932
-0.874044
-2.099421
-3.592233
-5.306300
-7.145110
-8.949440
-10.621412
-12.123229
-13.441533
-14.579377
-15.549490
-16.369364
-17.058025
-17.634073
-18.114634
-18.514889
-18.847970
-18.899317
-19.016257
-18.696188
-18.312647
-17.853415
-17.304316
-16.649217
-15.870281
-14.948673
-13.865959
-12.606533
-11.161479
-9.534181
-7.747726
-5.870537
-4.046288
-2.410595
-1.023512
0.073902
0.867298
1.372647
1.633950
1.714774
1.685433
1.609175
1.533738
1.491803
1.452908
1.357665
1.137829
0.725129
0.062713
-0.884219
-2.122045
-3.628168
-5.355737
-7.207341
-9.022854
-10.704175
-12.213657
-13.538166
-14.680998
-15.655105
-16.478174
-17.169391
-17.747489
-18.229697
-18.631280
-18.965435
-19.016257
-19.133124
-18.811917
-18.426985
-17.966047
-17.414852
-16.757171
-15.975050
-15.049509
-13.961940
-12.696537
-11.244156
-9.607958
-7.810843
-5.921317
-4.083731
-2.434548
-1.034469
0.074756
0.878159
1.391275
1.657954
1.741913
1.713873
1.637603
1.561318
1.518157
1.477424
1.379153
1.154545
0.734970
0.063498
-0.894446
-2.144763
-3.664220
-5.405297
-7.269684
-9.096358
-10.787005
-12.304128
-13.634820
-14.782621
-15.760705
-16.586956
-17.280718
-17.860856
-18.344704
-18.747607
-19.082831
-19.133124
-19.249917
-18.927577
-18.541259
-18.078622
-17.525339
-16.865085
-16.079790
-15.150330
-14.057922
-12.786559
-11.326871
-9.681793
-7.874037
-5.972187
-4.121264
-2.458578
-1.045471
0.075616
0.889085
1.410036
1.682155
1.769305
1.742606
1.666344
1.589211
1.544802
1.502192
1.400840
1.171398
0.744881
0.064288
-0.904724
-2.167573
-3.700388
-5.454978
-7.332137
-9.169952
-10.869901
-12.394641
-13.731495
-14.884245
-15.866291
-16.695708
-17.392004
-17.974172
-18.459651
-18.863870
-19.200156
-19.249917
-19.366635
-19.043167
-18.655469
-18.191139
-17.635775
-16.972959
-16.184501
-15.251134
-14.153903
-12.876597
-11.409623
-9.755685
-7.937305
-6.023144
-4.158888
-2.482685
-1.056517
0.076479
0.900077
1.428929
1.706553
1.796948
1.771630
1.695398
1.617415
1.571737
1.527213
1.422727
1.188388
0.754861
0.065083
-0.915054
-2.190475
-3.736670
-5.504777
-7.394698
-9.243633
-10.952860
-12.485193
-13.828187
-14.985868
-15.971859
-16.804429
-17.503248
-18.087437
-18.574540
-18.980067
-19.317411
-19.366635
-19.483277
-19.158686
-18.769613
-18.303597
-17.746160
-17.080790
-16.289180
-15.351921
-14.249882
-12.966651
-11.492408
-9.829631
-8.000647
-6.074187
-4.196601
-2.506866
-1.067607
0.077346
0.911134
1.447954
1.731148
1.824845
1.800948
1.724766
1.645932
1.598963
1.552486
1.444814
1.205515
0.764912
0.065882
-0.925434
-2.213468
-3.773066
-5.554694
-7.457365
-9.317400
-11.035880
-12.575783
-13.924896
-15.087488
-16.077408
-16.913119
-17.614448
-18.200649
-18.689368
-19.096197
-19.434593
-19.483277
-19.599843
-19.274132
-18.883689
-18.415994
-17.856492
-17.188577
-16.393827
-15.452688
-14.345856
-13.056717
-11.575227
-9.903629
-8.064059
-6.125315
-4.234401
-2.531122
-1.078741
0.078218
0.922255
1.467110
1.755939
1.852993
1.830559
1.754448
1.674763
1.626480
1.578011
1.467100
1.222779
0.775031
0.066686
-0.935864
-2.236551
-3.809574
-5.604727
-7.520136
-9.391249
-11.118960
-12.666408
-14.021619
-15.189104
-16.182937
-17.021774
-17.725603
-18.313807
-18.804133
-19.212258
-19.551702
-19.599843
-19.716331
-19.389505
-18.997698
-18.528329
-17.966770
-17.296320
-16.498441
-15.553434
-14.441825
-13.146796
-11.658076
-9.977679
-8.127542
-6.176526
-4.272287
-2.555452
-1.089918
0.079094
0.933441
1.486398
1.780926
1.881393
1.860462
1.784445
1.703907
1.654289
1.603790
1.489586
1.240179
0.785220
0.067495
-0.946345
-2.259724
-3.846192
-5.654874
-7.583008
-9.465179
-11.202097
-12.757068
-14.118354
-15.290713
-16.288444
-17.130395
-17.836712
-18.426909
-18.918836
-19.328250
-19.668736
-19.716331
-19.832740
-19.504803
-19.111637
-18.640602
-18.076993
-17.404017
-16.603019
-15.654157
-14.537787
-13.236885
-11.740955
-10.051778
-8.191092
-6.227819
-4.310258
-2.579854
-1.101137
0.079974
0.944691
1.505815
1.806108
1.910045
1.890659
1.814757
1.733365
1.682390
1.629820
1.512271
1.257715
0.795478
0.068309
-0.956876
-2.282986
-3.882919
-5.705133
-7.645981
-9.539189
-11.285288
-12.847759
-14.215100
-15.392315
-16.393928
-17.238978
-17.947774
-18.539955
-19.033475
-19.444172
-19.785695
-19.832740
-19.949069
-19.620026
-19.225507
-18.752811
-18.187160
-17.511667
-16.707560
-15.754858
-14.633739
-13.326981
-11.823861
-10.125924
-8.254708
-6.279192
-4.348313
-2.604328
-1.112399
0.080859
0.956005
1.525363
1.831486
1.938949
1.921149
1.845384
1.763137
1.710783
1.656104
1.535155
1.275387
0.805805
0.069127
-0.967455
-2.306336
-3.919755
-5.755503
-7.709052
-9.613275
-11.368533
-12.938481
-14.311855
-15.493908
-16.499387
-17.347524
-18.058787
-18.652943
-19.148049
-19.560023
-19.902577
-19.949069
-20.065318
-19.735173
-19.339305
-18.864955
-18.297270
-17.619268
-16.812064
-15.855533
-14.729682
-13.417085
-11.906792
-10.200116
-8.318389
-6.330642
-4.386450
-2.628873
-1.123704
0.081747
0.967382
1.545040
1.857058
1.968104
1.951932
1.876326
1.793225
1.739468
1.682640
1.558239
1.293195
0.816200
0.069950
-0.978084
-2.329772
-3.956698
-5.805981
-7.772219
-9.687436
-11.451830
-13.029230
-14.408618
-15.595490
-16.604819
-17.456031
-18.169750
-18.765872
-19.262557
-19.675802
-20.019382
-20.065318
-20.181485
-19.850243
-19.453032
-18.977033
-18.407320
-17.726820
-16.916529
-15.956181
-14.825612
-13.507194
-11.989748
-10.274351
-8.382132
-6.382170
-4.424668
-2.653488
-1.135049
0.082639
0.978823
1.564847
1.882825
1.997510
1.983008
1.907584
1.823627
1.768446
1.709429
1.581521
1.311138
0.826663
0.070777
-0.988762
-2.353295
-3.993746
-5.856567
-7.835480
-9.761670
-11.535175
-13.120006
-14.505386
-15.697059
-16.710224
-17.564497
-18.280662
-18.878742
-19.376997
-19.791507
-20.136109
-20.181485
-20.297570
-19.965234
-19.566685
-19.089044
-18.517312
-17.834320
-17.020954
-16.056802
-14.921530
-13.597306
-12.072726
-10.348629
-8.445936
-6.433773
-4.462965
-2.678173
-1.146436
0.083536
0.990326
1.584783
1.908786
2.027168
2.014378
1.939158
1.854344
1.797717
1.736470
1.605002
1.329216
0.837194
0.071609
-0.999488
-2.376904
-4.030899
-5.907259
-7.898833
-9.835976
-11.618568
-13.210807
-14.602158
-15.798615
-16.815600
-17.672922
-18.391521
-18.991550
-19.491369
-19.907138
-20.252757
-20.297570
-20.413572
-20.080147
-19.680264
-19.200988
-18.627242
-17.941769
-17.125336
-16.157393
-15.017432
-13.687421
-12.155725
-10.422948
-8.509800
-6.485449
-4.501342
-2.702926
-1.157864
0.084436
1.001892
1.604846
1.934941
2.057076
2.046040
1.971048
1.885377
1.827281
1.763765
1.628682
1.347430
0.847793
0.072445
-1.010263
-2.400597
-4.068154
-5.958055
-7.962277
-9.910350
-11.702007
-13.301630
-14.698932
-15.900155
-16.920945
-17.781303
-18.502327
-19.104296
-19.605672
-20.022693
-20.369324
-20.413572
-20.529490
-20.194979
-19.793768
-19.312862
-18.737111
-18.049165
-17.229677
-16.257954
-15.113319
-13.777536
-12.238743
-10.497305
-8.573721
-6.537198
-4.539795
-2.727747
-1.169332
0.085341
1.013520
1.625038
1.961288
2.087234
2.077996
2.003254
1.916725
1.857138
1.791312
1.652559
1.365777
0.858460
0.073286
-1.021084
-2.424374
-4.105512
-6.008952
-8.025810
-9.984792
-11.785489
-13.392473
-14.795706
-16.001677
-17.026258
-17.889640
-18.613078
-19.216978
-19.719904
-20.138172
-20.485810
-20.529490
-20.645322
-20.309731
-19.907197
-19.424666
-18.846917
-18.156506
-17.333973
-16.358483
-15.209188
-13.867650
-12.321778
-10.571699
-8.637698
-6.589017
-4.578325
-2.752634
-1.180840
0.086249
1.025210
1.645357
1.987828
2.117642
2.110245
2.035776
1.948390
1.887288
1.819112
1.676635
1.384259
0.869194
0.074131
-1.031954
-2.448234
-4.142970
-6.059951
-8.089429
-10.059298
-11.869012
-13.483337
-14.892480
-16.103181
-17.131538
-17.997931
-18.723773
-19.329596
-19.834064
-20.253574
-20.602215
-20.645322
-20.761069
-20.424401
-20.020548
-19.536399
-18.956659
-18.263792
-17.438223
-16.458979
-15.305038
-13.957761
-12.404830
-10.646129
-8.701730
-6.640906
-4.616929
-2.777587
-1.192388
0.087162
1.036962
1.665802
2.014561
2.148300
2.142786
2.068614
1.980370
1.917731
1.847164
1.700908
1.402874
0.879994
0.074981
-1.042870
-2.472176
-4.180526
-6.111048
-8.153133
-10.133868
-11.952576
-13.574217
-14.989250
-16.204665
-17.236783
-18.106175
-18.834411
-19.442149
-19.948153
-20.368898
-20.718536
-20.761069
-20.876729
-20.538988
-20.133822
-19.648061
-19.066336
-18.371021
-17.542428
-16.559440
-15.400867
-14.047869
-12.487895
-10.720592
-8.765814
-6.692862
-4.655607
-2.802605
-1.203976
0.088078
1.048774
1.686374
2.041485
2.179208
2.175621
2.101769
2.012667
1.948468
1.875468
1.725379
1.421623
0.890862
0.075835
-1.053833
-2.496200
-4.218181
-6.162243
-8.216920
-10.208499
-12.036177
-13.665113
-15.086017
-16.306128
-17.341991
-18.214370
-18.944990
-19.554635
-20.062167
-20.484143
-20.834773
-20.876729
-20.992302
-20.653492
-20.247017
-19.759649
-19.175947
-18.478193
-17.646585
-16.659866
-15.496675
-14.137970
-12.570973
-10.795088
-8.829949
-6.744884
-4.694357
-2.827688
-1.215601
0.088998
1.060648
1.707072
2.068600
2.210364
2.208748
2.135241
2.045280
1.979498
1.904025
1.750047
1.440505
0.901796
0.076693
-1.064842
-2.520304
-4.255932
-6.213533
-8.280788
-10.283190
-12.119814
-13.756023
-15.182777
-16.407567
-17.447163
-18.322517
-19.055510
-19.667053
-20.176108
-20.599307
-20.950926
-20.992302
-21.107786
-20.767911
-20.360132
-19.871164
-19.285491
-18.585306
-17.750693
-16.760254
-15.592460
-14.228065
-12.654063
-10.869614
-8.894134
-6.796970
-4.733179
-2.852833
-1.227266
0.089922
1.072582
1.727895
2.095905
2.241769
2.242167
2.169028
2.078209
2.010821
1.932833
1.774912
1.459520
0.912796
0.077556
-1.075897
-2.544488
-4.293779
-6.264918
-8.344736
-10.357938
-12.203486
-13.846945
-15.279530
-16.508983
-17.552296
-18.430613
-19.165970
-19.779403
-20.289973
-20.714391
-21.066993
-21.107786
-21.223182
-20.882246
-20.473168
-19.982603
-19.394967
-18.692360
-17.854751
-16.860605
-15.688221
-14.318152
-12.737162
-10.944169
-8.958366
-6.849120
-4.772069
-2.878041
-1.238968
0.090850
1.084575
1.748843
2.123401
2.273422
2.275878
2.203132
2.111455
2.042437
1.961894
1.799973
1.478667
0.923862
0.078424
-1.086997
-2.568750
-4.331719
-6.316395
-8.408760
-10.432742
-12.287190
-13.937878
-15.376274
-16.610372
-17.657388
-18.538657
-19.276368
-19.891683
-20.403761
-20.829393
-21.182974
-21.223182
-21.338487
-20.996494
-20.586121
-20.093968
-19.504375
-18.799352
-17.958758
-16.960916
-15.783955
-14.408228
-12.820269
-11.018752
-9.022645
-6.901331
-4.811029
-2.903311
-1.250708
0.091781
1.096629
1.769914
2.151086
2.305323
2.309881
2.237552
2.145017
2.074347
1.991206
1.825230
1.497946
0.934994
0.079295
-1.098142
-2.593091
-4.369752
-6.367962
-8.472861
-10.507600
-12.370925
-14.028819
-15.473007
-16.711734
-17.762440
-18.646648
-19.386704
-20.003892
-20.517472
-20.944312
-21.298868
-21.338487
-21.453702
-21.110655
-20.698993
-20.205255
-19.613712
-18.906283
-18.062713
-17.061186
-15.879663
-14.498294
-12.903383
-11.093360
-9.086968
-6.953602
-4.850056
-2.928641
-1.262485
0.092717
1.108742
1.791110
2.178960
2.337471
2.344176
2.272289
2.178895
2.106549
2.020769
1.850683
1.517357
0.946191
0.080171
-1.109333
-2.617508
-4.407876
-6.419618
-8.537035
-10.582509
-12.454689
-14.119768
-15.569728
-16.813067
-17.867449
-18.754584
-19.496975
-20.116030
-20.631106
-21.059147
-21.414673
-21.453702
-21.568825
-21.224729
-20.811781
-20.316465
-19.722979
-19.013151
-18.166615
-17.161415
-15.975342
-14.588346
-12.986501
-11.167992
-9.151335
-7.005932
-4.889148
-2.954031
-1.274299
0.093656
1.120913
1.812428
2.207022
2.369865
2.378762
2.307341
2.213090
2.139045
2.050584
1.876332
1.536898
0.957453
0.081051
-1.120567
-2.642002
-4.446091
-6.471362
-8.601281
-10.657469
-12.538480
-14.210722
-15.666436
-16.914370
-17.972414
-18.862466
-19.607182
-20.228095
-20.744660
-21.173898
-21.530390
-21.568825
-21.683856
-21.338715
-20.924486
-20.427597
-19.832174
-19.119956
-18.270462
-17.261601
-16.070992
-14.678385
-13.069624
-11.242647
-9.215743
-7.058319
-4.928306
-2.979480
-1.286150
0.094598
1.133144
1.833869
2.235272
2.402506
2.413639
2.342709
2.247601
2.171834
2.080649
1.902175
1.556571
0.968779
0.081936
-1.131846
-2.666572
-4.484394
-6.523192
-8.665597
-10.732477
-12.622297
-14.301680
-15.763129
-17.015643
-18.077334
-18.970291
-19.717324
-20.340086
-20.858134
-21.288564
-21.646017
-21.683856
-21.798794
-21.452611
-21.037106
-20.538650
-19.941296
-19.226695
-18.374254
-17.361742
-16.166611
-14.768408
-13.152748
-11.317324
-9.280191
-7.110762
-4.967527
-3.004987
-1.298036
0.095544
1.145432
1.855432
2.263709
2.435393
2.448807
2.378393
2.282428
2.204915
2.110965
1.928213
1.576373
0.980170
0.082824
-1.143168
-2.691215
-4.522784
-6.575105
-8.729982
-10.807532
-12.706137
-14.392641
-15.859805
-17.116882
-18.182208
-19.078059
-19.827398
-20.452003
-20.971527
-21.403144
-21.761553
-21.798794
-21.913639
-21.566418
-21.149641
-20.649622
-20.050345
-19.333369
-18.477990
-17.461838
-16.262198
-14.858415
-13.235873
-11.392020
-9.344677
-7.163259
-5.006810
-3.030551
-1.309958
0.096494
1.157778
1.877115
2.292332
2.468524
2.484264
2.414393
2.317571
2.238289
2.141531
1.954445
1.596305
0.991625
0.083717
-1.154533
-2.715933
-4.561260
-6.627102
-8.794433
-10.882632
-12.789999
-14.483602
-15.956463
-17.218087
-18.287034
-19.185768
-19.937404
-20.563845
-21.084838
-21.517636
-21.876999
-21.913639
-22.028389
-21.680133
-21.262089
-20.760514
-20.159319
-19.439976
-18.581668
-17.561888
-16.357751
-14.948403
-13.318998
-11.466733
-9.409200
-7.215809
-5.046155
-3.056171
-1.321914
0.097448
1.170182
1.898920
2.321141
2.501900
2.520012
2.450708
2.353030
2.271955
2.172346
1.980870
1.616367
1.003144
0.084614
-1.165941
-2.740723
-4.599822
-6.679179
-8.858950
-10.957774
-12.873882
-14.574562
-16.053102
-17.319257
-18.391812
-19.293417
-20.047342
-20.675610
-21.198067
-21.632041
-21.992352
-22.028389
-22.143044
-21.793757
-21.374450
-20.871324
-20.268218
-19.546515
-18.685287
-17.661890
-16.453270
-15.038372
-13.402120
-11.541464
-9.473759
-7.268410
-5.085559
-3.081847
-1.333906
0.098405
1.182642
1.920844
2.350135
2.535521
2.556049
2.487337
2.388804
2.305913
2.203412
2.007489
1.636557
1.014726
0.085515
-1.177391
-2.765585
-4.638466
-6.731335
-8.923529
-11.032958
-12.957783
-14.665521
-16.149719
-17.420391
-18.496540
-19.401006
-20.157210
-20.787298
-21.311212
-21.746358
-22.107613
-22.143044
