-0.104807
-0.101075
-0.096951
-0.092442
-0.087569
-0.082371
-0.076896
-0.071196
-0.065313
-0.059259
-0.052996
-0.046430
-0.039416
-0.031882
-0.023999
-0.015919
-0.007673
0.000641
0.008867
0.016784
0.024102
0.030442
0.035314
0.038092
0.038092
0.035314
0.030442
0.024102
0.016784
0.008867
0.000641
-0.007672
-0.015909
-0.023960
-0.031765
-0.039141
-0.045904
-0.052128
-0.057992
-0.063638
-0.069152
-0.074561
-0.079842
-0.084945
-0.089812
-0.094390
-0.098638
-0.102531
-0.104807
-0.184040
-0.176929
-0.168873
-0.159847
-0.149864
-0.138995
-0.127379
-0.115225
-0.102799
-0.090388
-0.078230
-0.066433
-0.054919
-0.043546
-0.032369
-0.021330
-0.010250
0.000855
0.011824
0.022378
0.032135
0.040587
0.047082
0.050787
0.050787
0.047082
0.040587
0.032134
0.022378
0.011822
0.000855
-0.010235
-0.021251
-0.032104
-0.042844
-0.053462
-0.063958
-0.074586
-0.085604
-0.097068
-0.108842
-0.120670
-0.132259
-0.143338
-0.153702
-0.163216
-0.171812
-0.179477
-0.184040
-0.258027
-0.247676
-0.235849
-0.222473
-0.207533
-0.191102
-0.173372
-0.154674
-0.135483
-0.116376
-0.097939
-0.080626
-0.064607
-0.049837
-0.036291
-0.023615
-0.011270
0.000938
0.012942
0.024484
0.035153
0.044398
0.051503
0.055555
0.055555
0.051503
0.044397
0.035152
0.024479
0.012934
0.000936
-0.011217
-0.023367
-0.035542
-0.048036
-0.061186
-0.075241
-0.090520
-0.107172
-0.124976
-0.143447
-0.161984
-0.180013
-0.197073
-0.212848
-0.227162
-0.239953
-0.251242
-0.258027
-0.330305
-0.316852
-0.301419
-0.283879
-0.264182
-0.242392
-0.218733
-0.193632
-0.167738
-0.141892
-0.117018
-0.093941
-0.073155
-0.054817
-0.038934
-0.024891
-0.011751
0.000972
0.013380
0.025285
0.036291
0.045830
0.053163
0.057346
0.057346
0.053163
0.045829
0.036286
0.025272
0.013357
0.000967
-0.011628
-0.024364
-0.037464
-0.051534
-0.067300
-0.085195
-0.105469
-0.128050
-0.152378
-0.177597
-0.202782
-0.227111
-0.249965
-0.270948
-0.289862
-0.306663
-0.321415
-0.330305
-0.402319
-0.385880
-0.366972
-0.345419
-0.321132
-0.294158
-0.264739
-0.233379
-0.200877
-0.168308
-0.136914
-0.107885
-0.082067
-0.059882
-0.041447
-0.025957
-0.012081
0.000991
0.013577
0.025608
0.036727
0.046371
0.053788
0.058019
0.058019
0.053787
0.046367
0.036714
0.025576
0.013528
0.000982
-0.011852
-0.025048
-0.039068
-0.054860
-0.073517
-0.095574
-0.121124
-0.149821
-0.180746
-0.212684
-0.244408
-0.274880
-0.303348
-0.329357
-0.352699
-0.373357
-0.391437
-0.402319
-0.474755
-0.455419
-0.433140
-0.407690
-0.378941
-0.346915
-0.311867
-0.274359
-0.235319
-0.196034
-0.158044
-0.122895
-0.091798
-0.065478
-0.044227
-0.027106
-0.012408
0.001006
0.013704
0.025768
0.036909
0.046580
0.054023
0.058272
0.058271
0.054021
0.046570
0.036879
0.025702
0.013612
0.000991
-0.012039
-0.025725
-0.040797
-0.058540
-0.080388
-0.106906
-0.137976
-0.172942
-0.210521
-0.249151
-0.287325
-0.323812
-0.357753
-0.388646
-0.416283
-0.440676
-0.461978
-0.474755
-0.547966
-0.525804
-0.500232
-0.470975
-0.437858
-0.400880
-0.360297
-0.316719
-0.271184
-0.225173
-0.180502
-0.139071
-0.102461
-0.071730
-0.047400
-0.028440
-0.012788
0.001024
0.013829
0.025888
0.037007
0.046669
0.054115
0.058367
0.058366
0.054110
0.046649
0.036950
0.025771
0.013676
0.001000
-0.012248
-0.026513
-0.042805
-0.062740
-0.088064
-0.119324
-0.156137
-0.197518
-0.241813
-0.287124
-0.331686
-0.374097
-0.413405
-0.449072
-0.480902
-0.508936
-0.533376
-0.547966
-0.622138
-0.597206
-0.568405
-0.535409
-0.497998
-0.456140
-0.410089
-0.360492
-0.308484
-0.255721
-0.204282
-0.156407
-0.114058
-0.078657
-0.050995
-0.029990
-0.013242
0.001045
0.013979
0.026020
0.037092
0.046722
0.054155
0.058404
0.058402
0.054144
0.046683
0.036992
0.025830
0.013746
0.001011
-0.012502
-0.027454
-0.045138
-0.067497
-0.096569
-0.132830
-0.175600
-0.223539
-0.274619
-0.326617
-0.377527
-0.425797
-0.470391
-0.510752
-0.546693
-0.578295
-0.605806
-0.622138
-0.697371
-0.669713
-0.637735
-0.601053
-0.559404
-0.512722
-0.461250
-0.405666
-0.347191
-0.287640
-0.229340
-0.174865
-0.126564
-0.086243
-0.055008
-0.031762
-0.013776
0.001071
0.014167
0.026188
0.037193
0.046771
0.054179
0.058420
0.058417
0.054159
0.046704
0.037031
0.025900
0.013834
0.001024
-0.012811
-0.028561
-0.047805
-0.072809
-0.105882
-0.147394
-0.196324
-0.250960
-0.308896
-0.367599
-0.424837
-0.478917
-0.528741
-0.573731
-0.613721
-0.648831
-0.679358
-0.697371
-0.773713
-0.743368
-0.708252
-0.667929
-0.622086
-0.570620
-0.513762
-0.452210
-0.387262
-0.320879
-0.255626
-0.194402
-0.139943
-0.094466
-0.059428
-0.033753
-0.014390
0.001101
0.014399
0.026403
0.037325
0.046833
0.054203
0.058430
0.058423
0.054168
0.046725
0.037080
0.025992
0.013948
0.001041
-0.013178
-0.029835
-0.050801
-0.078660
-0.115977
-0.162974
-0.218258
-0.279724
-0.344592
-0.410025
-0.473580
-0.533441
-0.588448
-0.638018
-0.682006
-0.720575
-0.754073
-0.773713
-0.851183
-0.818183
-0.779963
-0.736034
-0.686032
-0.629815
-0.567594
-0.500084
-0.428648
-0.355388
-0.283090
-0.214972
-0.154161
-0.103302
-0.064242
-0.035956
-0.015085
0.001137
0.014677
0.026672
0.037499
0.046918
0.054235
0.058440
0.058428
0.054177
0.046753
0.037147
0.026113
0.014090
0.001061
-0.013604
-0.031276
-0.054117
-0.085032
-0.126825
-0.179533
-0.241352
-0.309777
-0.381651
-0.453844
-0.523716
-0.589335
-0.649493
-0.703602
-0.751547
-0.793534
-0.829965
-0.851183
-0.929782
-0.894154
-0.852859
-0.805355
-0.751223
-0.690279
-0.622712
-0.549246
-0.471305
-0.391117
-0.311685
-0.236535
-0.169188
-0.112732
-0.069438
-0.038366
-0.015858
0.001178
0.015004
0.027000
0.037720
0.047030
0.054279
0.058453
0.058433
0.054190
0.046790
0.037236
0.026267
0.014263
0.001085
-0.014089
-0.032878
-0.057744
-0.091909
-0.138403
-0.197033
-0.265562
-0.341067
-0.420020
-0.499008
-0.575202
-0.646564
-0.711845
-0.770462
-0.822329
-0.867699
-0.907030
-0.929782
-1.009501
-0.971267
-0.926924
-0.875868
-0.817630
-0.751980
-0.679078
-0.599655
-0.515186
-0.428020
-0.341366
-0.259055
-0.184997
-0.122738
-0.075007
-0.040978
-0.016707
0.001223
0.015379
0.027389
0.037993
0.047177
0.054339
0.058473
0.058441
0.054208
0.046843
0.037352
0.026457
0.014469
0.001112
-0.014632
-0.034640
-0.061676
-0.099280
-0.150687
-0.215443
-0.290845
-0.373546
-0.459651
-0.545468
-0.627993
-0.705089
-0.775474
-0.838570
-0.894328
-0.943052
-0.985255
-1.009501
-1.090323
-1.049505
-1.002133
-0.947549
-0.885225
-0.814884
-0.736656
-0.651270
-0.560250
-0.466055
-0.372095
-0.282496
-0.201561
-0.133304
-0.080939
-0.043789
-0.017632
0.001273
0.015803
0.027841
0.038323
0.047361
0.054420
0.058500
0.058453
0.054233
0.046912
0.037498
0.026687
0.014707
0.001143
-0.015232
-0.036557
-0.065906
-0.107132
-0.163659
-0.234734
-0.317163
-0.407171
-0.500497
-0.593181
-0.682047
-0.764872
-0.840343
-0.907896
-0.967520
-1.019570
-1.064619
-1.090323
-1.172225
-1.128842
-1.078463
-1.020369
-0.953976
-0.878957
-0.795408
-0.704054
-0.606457
-0.505183
-0.403834
-0.306829
-0.218858
-0.144415
-0.087228
-0.046794
-0.018631
0.001328
0.016274
0.028356
0.038711
0.047588
0.054524
0.058538
0.058471
0.054268
0.047001
0.037678
0.026957
0.014980
0.001177
-0.015889
-0.038628
-0.070429
-0.115456
-0.177301
-0.254878
-0.344482
-0.441903
-0.542517
-0.642104
-0.737325
-0.825875
-0.906418
-0.978408
-1.041875
-1.097228
-1.145099
-1.172225
-1.255185
-1.209254
-1.155884
-1.094298
-1.023852
-0.944166
-0.855300
-0.757969
-0.653769
-0.545369
-0.436552
-0.332026
-0.236868
-0.156061
-0.093867
-0.049991
-0.019704
0.001388
0.016794
0.028937
0.039160
0.047860
0.054654
0.058588
0.058497
0.054315
0.047114
0.037893
0.027270
0.015286
0.001214
-0.016602
-0.040851
-0.075241
-0.124244
-0.191598
-0.275852
-0.372771
-0.477705
-0.585672
-0.692198
-0.793788
-0.888061
-0.973665
-1.050074
-1.117362
-1.175996
-1.226668
-1.255185
-1.339177
-1.290714
-1.234370
-1.169307
-1.094822
-1.010479
-0.916298
-0.812980
-0.702153
-0.586578
-0.470217
-0.358060
-0.255572
-0.168227
-0.100850
-0.053378
-0.020848
0.001452
0.017362
0.029581
0.039673
0.048181
0.054815
0.058654
0.058532
0.054376
0.047252
0.038147
0.027627
0.015627
0.001255
-0.017370
-0.043225
-0.080339
-0.133487
-0.206535
-0.297634
-0.402000
-0.514544
-0.629926
-0.743426
-0.851399
-0.951395
-1.042049
-1.122861
-1.193952
-1.255847
-1.309301
-1.339177
-1.424175
-1.373194
-1.313891
-1.245367
-1.166854
-1.077863
-0.978368
-0.869055
-0.751576
-0.628779
-0.504801
-0.384909
-0.274951
-0.180905
-0.108173
-0.056953
-0.022065
0.001521
0.017976
0.030291
0.040248
0.048552
0.055008
0.058738
0.058578
0.054454
0.047419
0.038441
0.028028
0.016002
0.001300
-0.018194
-0.045748
-0.085720
-0.143180
-0.222100
-0.320203
-0.432144
-0.552388
-0.675246
-0.795754
-0.910124
-1.015844
-1.111538
-1.196738
-1.271615
-1.336753
-1.392970
-1.424175
-1.510154
-1.456669
-1.394421
-1.322448
-1.239920
-1.146287
-1.041481
-0.926163
-0.802007
-0.671944
-0.540279
-0.412550
-0.294990
-0.194083
-0.115831
-0.060715
-0.023354
0.001594
0.018639
0.031066
0.040889
0.048976
0.055236
0.058842
0.058639
0.054550
0.047616
0.038777
0.028474
0.016411
0.001348
-0.019073
-0.048420
-0.091382
-0.153315
-0.238279
-0.343540
-0.463177
-0.591210
-0.721601
-0.849149
-0.969931
-1.081373
-1.182101
-1.271675
-1.350320
-1.418683
-1.477646
-1.510154
-1.597086
-1.541110
-1.475931
-1.400522
-1.313989
-1.215723
-1.105605
-0.984273
-0.853417
-0.716045
-0.576625
-0.440963
-0.315674
-0.207753
-0.123818
-0.064662
-0.024714
0.001672
0.019348
0.031905
0.041595
0.049454
0.055503
0.058968
0.058715
0.054667
0.047845
0.039155
0.028965
0.016855
0.001399
-0.020006
-0.051240
-0.097323
-0.163888
-0.255061
-0.367628
-0.495076
-0.630982
-0.768961
-0.903581
-1.030787
-1.147954
-1.253706
-1.347641
-1.430040
-1.501611
-1.563304
-1.597086
-1.684946
-1.626492
-1.558394
-1.479562
-1.389035
-1.286142
-1.170713
-1.043359
-0.905780
-0.761057
-0.613817
-0.470129
-0.336988
-0.221905
-0.132132
-0.068793
-0.026146
0.001755
0.020104
0.032809
0.042366
0.049988
0.055809
0.059120
0.058811
0.054808
0.048109
0.039578
0.029503
0.017332
0.001454
-0.020994
-0.054208
-0.103540
-0.174893
-0.272435
-0.392449
-0.527821
-0.671680
-0.817300
-0.959021
-1.092665
-1.215556
-1.326325
-1.424609
-1.510745
-1.585510
-1.649916
-1.684946
-1.773710
-1.712789
-1.641785
-1.559540
-1.465030
-1.357516
-1.236777
-1.103392
-0.959069
-0.806956
-0.651833
-0.500030
-0.358918
-0.236530
-0.140768
-0.073106
-0.027648
0.001842
0.020908
0.033778
0.043204
0.050578
0.056157
0.059300
0.058927
0.054974
0.048409
0.040045
0.030086
0.017844
0.001512
-0.022037
-0.057323
-0.110032
-0.186323
-0.290391
-0.417989
-0.561391
-0.713280
-0.866591
-1.015442
-1.155535
-1.284151
-1.399930
-1.502550
-1.592410
-1.670351
-1.737455
-1.773710
-1.863351
-1.799976
-1.726077
-1.640432
-1.541948
-1.429821
-1.303772
-1.164348
-1.013259
-0.853719
-0.690653
-0.530648
-0.381452
-0.251621
-0.149722
-0.077601
-0.029222
0.001934
0.021759
0.034812
0.044108
0.051226
0.056548
0.059509
0.059067
0.055169
0.048747
0.040558
0.030715
0.018390
0.001573
-0.023135
-0.060586
-0.116797
-0.198174
-0.308919
-0.444231
-0.595767
-0.755760
-0.916809
-1.072818
-1.219371
-1.353712
-1.474493
-1.581438
-1.675007
-1.756110
-1.825898
-1.863351
-1.953846
-1.888028
-1.811246
-1.722213
-1.619764
-1.503029
-1.371673
-1.226202
-1.068329
-0.901324
-0.730258
-0.561969
-0.404577
-0.267170
-0.158990
-0.082276
-0.030867
0.002030
0.022657
0.035911
0.045079
0.051933
0.056985
0.059751
0.059232
0.055393
0.049123
0.041118
0.031391
0.018971
0.001638
-0.024288
-0.063996
-0.123833
-0.210442
-0.328009
-0.471163
-0.630931
-0.799099
-0.967933
-1.131125
-1.284149
-1.424213
-1.549989
-1.661247
-1.758510
-1.842761
-1.915218
-1.953846
-2.045172
-1.976922
-1.897268
-1.804857
-1.698453
-1.577118
-1.440455
-1.288931
-1.124254
-0.949751
-0.770630
-0.593976
-0.428283
-0.283170
-0.168568
-0.087130
-0.032583
0.002131
0.023603
0.037076
0.046116
0.052699
0.057468
0.060027
0.059426
0.055648
0.049540
0.041724
0.032114
0.019586
0.001707
-0.025496
-0.067554
-0.131139
-0.223120
-0.347652
-0.498770
-0.666866
-0.843276
-1.019939
-1.190338
-1.349842
-1.495630
-1.626392
-1.741951
-1.842896
-1.930280
-2.005392
-2.045172
-2.137304
-2.066634
-1.984120
-1.888341
-1.777992
-1.652064
-1.510096
-1.352512
-1.181015
-0.998981
-0.811751
-0.626656
-0.452558
-0.299613
-0.178454
-0.092162
-0.034370
0.002237
0.024596
0.038306
0.047221
0.053525
0.058000
0.060339
0.059650
0.055938
0.049998
0.042378
0.032883
0.020236
0.001778
-0.026760
-0.071258
-0.138713
-0.236204
-0.367839
-0.527041
-0.703556
-0.888273
-1.072806
-1.250435
-1.416428
-1.567938
-1.703679
-1.823528
-1.928141
-2.018643
-2.096396
-2.137304
-2.230222
-2.157141
-2.071779
-1.972644
-1.858360
-1.727844
-1.580573
-1.416925
-1.238592
-1.048994
-0.853604
-0.659994
-0.477392
-0.316492
-0.188642
-0.097371
-0.036227
0.002347
0.025638
0.039602
0.048394
0.054411
0.058581
0.060689
0.059907
0.056263
0.050499
0.043080
0.033700
0.020921
0.001854
-0.028080
-0.075110
-0.146553
-0.249690
-0.388561
-0.555962
-0.740985
-0.934072
-1.126515
-1.311396
-1.483885
-1.641115
-1.781827
-1.905953
-2.014220
-2.107827
-2.188207
-2.230222
-2.323904
-2.248423
-2.160223
-2.057743
-1.939532
-1.804437
-1.651866
-1.482149
-1.296963
-1.099773
-0.896175
-0.693977
-0.502775
-0.333801
-0.199131
-0.102756
-0.038156
0.002462
0.026729
0.040965
0.049635
0.055358
0.059212
0.061080
0.060198
0.056625
0.051043
0.043830
0.034564
0.021641
0.001933
-0.029455
-0.079108
-0.154657
-0.263573
-0.409812
-0.585522
-0.779139
-0.980656
-1.181047
-1.373199
-1.552191
-1.715139
-1.860813
-1.989205
-2.101112
-2.197810
-2.280803
-2.323904
-2.418327
-2.340458
-2.249431
-2.143617
-2.021490
-1.881822
-1.723954
-1.548164
-1.356112
-1.151300
-0.939447
-0.728593
-0.528697
-0.351533
-0.209916
-0.108315
-0.040155
0.002581
0.027868
0.042395
0.050945
0.056368
0.059894
0.061512
0.060526
0.057025
0.051631
0.044629
0.035476
0.022396
0.002015
-0.030886
-0.083253
-0.163025
-0.277849
-0.431582
-0.615710
-0.818003
-1.028008
-1.236382
-1.435824
-1.621326
-1.789988
-1.940616
-2.073262
-2.188796
-2.288571
-2.374164
-2.418327
-2.513473
-2.433226
-2.339383
-2.230245
-2.104212
-1.959980
-1.796818
-1.614952
-1.416020
-1.203560
-0.983407
-0.763830
-0.555148
-0.369683
-0.220995
-0.114048
-0.042225
0.002706
0.029056
0.043893
0.052324
0.057439
0.060630
0.061987
0.060892
0.057466
0.052265
0.045477
0.036436
0.023187
0.002101
-0.032374
-0.087545
-0.171653
-0.292513
-0.453864
-0.646515
-0.857564
-1.076112
-1.292504
-1.499254
-1.691270
-1.865643
-2.021216
-2.158102
-2.277250
-2.380088
-2.468267
-2.513473
-2.609321
-2.526706
-2.430059
-2.317608
-2.187679
-2.038890
-1.870438
-1.682493
-1.476670
-1.256536
-1.028040
-0.799676
-0.582121
-0.388243
-0.232364
-0.119953
-0.044365
0.002835
0.030294
0.045459
0.053773
0.058575
0.061419
0.062507
0.061299
0.057948
0.052945
0.046376
0.037446
0.024015
0.002190
-0.033919
-0.091982
-0.180541
-0.307561
-0.476652
-0.677927
-0.897808
-1.124952
-1.349395
-1.563468
-1.762003
-1.942083
-2.102591
-2.243707
-2.366455
-2.472341
-2.563094
-2.609321
-2.705852
-2.620880
-2.521439
-2.405687
-2.271872
-2.118533
-1.944796
-1.750771
-1.538045
-1.310213
-1.073334
-0.836119
-0.609606
-0.407210
-0.244020
-0.126030
-0.046576
0.002969
0.031583
0.047094
0.055293
0.059774
0.062263
0.063074
0.061747
0.058474
0.053673
0.047326
0.038504
0.024878
0.002284
-0.035520
-0.096566
-0.189686
-0.322989
-0.499937
-0.709935
-0.938724
-1.174515
-1.407039
-1.628451
-1.833507
-2.019289
-2.184723
-2.330056
-2.456389
-2.565311
-2.658624
-2.705852
-2.803047
-2.715729
-2.613505
-2.494462
-2.356772
-2.198893
-2.019875
-1.819768
-1.600130
-1.364577
-1.119274
-0.873150
-0.637595
-0.426576
-0.255959
-0.132276
-0.048857
0.003107
0.032921
0.048799
0.056884
0.061038
0.063162
0.063689
0.062238
0.059043
0.054448
0.048327
0.039612
0.025779
0.002380
-0.037178
-0.101296
-0.199088
-0.338792
-0.523713
-0.742531
-0.980299
-1.224786
-1.465420
-1.694185
-1.905765
-2.097244
-2.267593
-2.417130
-2.547036
-2.658979
-2.754838
-2.803047
-2.900888
-2.811234
-2.706238
-2.583916
-2.442361
-2.279951
-2.095658
-1.889468
-1.662908
-1.419613
-1.165848
-0.910757
-0.666080
-0.446337
-0.268180
-0.138691
-0.051209
0.003251
0.034310
0.050574
0.058548
0.062368
0.064119
0.064353
0.062775
0.059659
0.055273
0.049380
0.040771
0.026717
0.002481
-0.038893
-0.106171
-0.208743
-0.354967
-0.547974
-0.775704
-1.022521
-1.275751
-1.524524
-1.760653
-1.978759
-2.175929
-2.351183
-2.504911
-2.638375
-2.753326
-2.851719
-2.900888
-2.999358
-2.907378
-2.799622
-2.674032
-2.528622
-2.361689
-2.172127
-1.959856
-1.726365
-1.475308
-1.213045
-0.948931
-0.695054
-0.466487
-0.280678
-0.145274
-0.053630
0.003399
0.035751
0.052421
0.060285
0.063765
0.065134
0.065067
0.063358
0.060321
0.056148
0.050486
0.041981
0.027693
0.002585
-0.040666
-0.111191
-0.218651
-0.371511
-0.572712
-0.809447
-1.065380
-1.327398
-1.584334
-1.827840
-2.052473
-2.255328
-2.435476
-2.593381
-2.730390
-2.848334
-2.949247
-2.999358
-3.098439
-3.004144
-2.893638
-2.764792
-2.615538
-2.444092
-2.249267
-2.030915
-1.790486
-1.531648
-1.260853
-0.987662
-0.724509
-0.487021
-0.293452
-0.152023
-0.056121
0.003552
0.037243
0.054340
0.062097
0.065230
0.066208
0.065834
0.063989
0.061032
0.057074
0.051645
0.043242
0.028706
0.002693
-0.042496
-0.116356
-0.228809
-0.388418
-0.597922
-0.843749
-1.108863
-1.379712
-1.644838
-1.895731
-2.126890
-2.335422
-2.520454
-2.682524
-2.823063
-2.943986
-3.047407
-3.098439
-3.198115
-3.101515
-2.988271
-2.856179
-2.703094
-2.527144
-2.327062
-2.102630
-1.855258
-1.588621
-1.309261
-1.026940
-0.754437
-0.507934
-0.306498
-0.158938
-0.058682
0.003709
0.038787
0.056332
0.063985
0.066763
0.067342
0.066653
0.064670
0.061792
0.058052
0.052859
0.044557
0.029758
0.002805
-0.044383
-0.121665
-0.239216
-0.405686
-0.623597
-0.878603
-1.152961
-1.432683
-1.706021
-1.964310
-2.201994
-2.416197
-2.606100
-2.772321
-2.916377
-3.040266
-3.146181
-3.198115
-3.298370
-3.199476
-3.083504
-2.948179
-2.791272
-2.610829
-2.405497
-2.174988
-1.920667
-1.646213
-1.358257
-1.066756
-0.784832
-0.529221
-0.319813
-0.166017
-0.061312
0.003872
0.040383
0.058398
0.065949
0.068367
0.068538
0.067528
0.065401
0.062603
0.059083
0.054129
0.045924
0.030850
0.002920
-0.046329
-0.127118
-0.249871
-0.423310
-0.649732
-0.914000
-1.197664
-1.486298
-1.767870
-2.033563
-2.277772
-2.497637
-2.692400
-2.862758
-3.010315
-3.137156
-3.245552
-3.298370
-3.399187
-3.298010
-3.179322
-3.040775
-2.880058
-2.695132
-2.484558
-2.247974
-1.986699
-1.704414
-1.407831
-1.107102
-0.815686
-0.550878
-0.333395
-0.173259
-0.064012
0.004039
0.042032
0.060538
0.067990
0.070042
0.069797
0.068459
0.066185
0.063465
0.060168
0.055456
0.047346
0.031981
0.003039
-0.048332
-0.132715
-0.260771
-0.441288
-0.676321
-0.949932
-1.242961
-1.540545
-1.830372
-2.103476
-2.354207
-2.579726
-2.779336
-2.953818
-3.104863
-3.234641
-3.345505
-3.399187
-3.500553
-3.397102
-3.275710
-3.133952
-2.969437
-2.780038
-2.564229
-2.321575
-2.053341
-1.763211
-1.457972
-1.147968
-0.846993
-0.572901
-0.347242
-0.180663
-0.066780
0.004212
0.043735
0.062754
0.070111
0.071790
0.071120
0.069447
0.067022
0.064381
0.061308
0.056839
0.048823
0.033151
0.003162
-0.050393
-0.138455
-0.271915
-0.459615
-0.703358
-0.986392
-1.288842
-1.595413
-1.893514
-2.174036
-2.431286
-2.662449
-2.866895
-3.045486
-3.200004
-3.332706
-3.446024
-3.500553
-3.602451
-3.496737
-3.372652
-3.227696
-3.059395
-2.865533
-2.644499
-2.395777
-2.120582
-1.822594
-1.508671
-1.189347
-0.878748
-0.595283
-0.361350
-0.188229
-0.069618
0.004389
0.045491
0.065047
0.072312
0.073612
0.072509
0.070493
0.067914
0.065352
0.062505
0.058282
0.050356
0.034363
0.003289
-0.052513
-0.144338
-0.283302
-0.478289
-0.730838
-1.023373
-1.335299
-1.650892
-1.957285
-2.245230
-2.508994
-2.745793
-2.955061
-3.137747
-3.295723
-3.431335
-3.547094
-3.602451
-3.704868
-3.596902
-3.470135
-3.321992
-3.149916
-2.951603
-2.725352
-2.470567
-2.188410
-1.882550
-1.559918
-1.231231
-0.910942
-0.618022
-0.375717
-0.195954
-0.072524
0.004571
0.047300
0.067418
0.074595
0.075509
0.073964
0.071600
0.068862
0.066378
0.063760
0.059784
0.051945
0.035615
0.003420
-0.054690
-0.150364
-0.294929
-0.497305
-0.758755
-1.060866
-1.382322
-1.706970
-2.021671
-2.317044
-2.587319
-2.829743
-3.043820
-3.230587
-3.392007
-3.530514
-3.648701
-3.704868
-3.807790
-3.697581
-3.568144
-3.416826
-3.240988
-3.038235
-2.806776
-2.545934
-2.256811
-1.943069
-1.611704
-1.273610
-0.943571
-0.641113
-0.390340
-0.203838
-0.075499
0.004758
0.049164
0.069867
0.076960
0.077483
0.075488
0.072769
0.069868
0.067461
0.065074
0.061347
0.053593
0.036908
0.003555
-0.056926
-0.156531
-0.306795
-0.516661
-0.787104
-1.098864
-1.429902
-1.763637
-2.086663
-2.389466
-2.666247
-2.914286
-3.133159
-3.323991
-3.488840
-3.630228
-3.750831
-3.807790
-3.911202
-3.798762
-3.666666
-3.512185
-3.332597
-3.125415
-2.888757
-2.621864
-2.325776
-2.004141
-1.664018
-1.316479
-0.976627
-0.664552
-0.405219
-0.211880
-0.078542
0.004949
0.051083
0.072395
0.079410
0.079535
0.077082
0.074000
0.070933
0.068603
0.066447
0.062972
0.055299
0.038244
0.003694
-0.059220
-0.162840
-0.318898
-0.536354
-0.815880
-1.137362
-1.478031
-1.820883
-2.152248
-2.462485
-2.745765
-2.999408
-3.223063
-3.417947
-3.586209
-3.730464
-3.853469
-3.911202
-4.015092
-3.900431
-3.765687
-3.608056
-3.424730
-3.213131
-2.971285
-2.698345
-2.395292
-2.065755
-1.716853
-1.359828
-1.010107
-0.688335
-0.420349
-0.220078
-0.081653
0.005146
0.053057
0.075003
0.081946
0.081668
0.078747
0.075296
0.072058
0.069804
0.067882
0.064660
0.057064
0.039622
0.003836
-0.061573
-0.169290
-0.331238
-0.556381
-0.845079
-1.176351
-1.526701
-1.878699
-2.218416
-2.536087
-2.825861
-3.085097
-3.313520
-3.512439
-3.684100
-3.831209
-3.956602
-4.015092
-4.119446
-4.002576
-3.865195
-3.704426
-3.517375
-3.301371
-3.054346
-2.775367
-2.465350
-2.127902
-1.770199
-1.403652
-1.044003
-0.712458
-0.435728
-0.228432
-0.084831
0.005348
0.055086
0.077693
0.084569
0.083882
0.080484
0.076658
0.073245
0.071066
0.069381
0.066413
0.058891
0.041043
0.003983
-0.063984
-0.175880
-0.343812
-0.576737
-0.874694
-1.215825
-1.575902
-1.937074
-2.285156
-2.610263
-2.906523
-3.171339
-3.404516
-3.607456
-3.782502
-3.932448
-4.060217
-4.119446
-4.224253
-4.105183
-3.965178
-3.801283
-3.610518
-3.390122
-3.137929
-2.852918
-2.535937
-2.190572
-1.824049
-1.447942
-1.078310
-0.736917
-0.451355
-0.236941
-0.088078
0.005554
0.057171
0.080465
0.087280
0.086179
0.082297
0.078087
0.074495
0.072391
0.070943
0.068232
0.060779
0.042508
0.004134
-0.066454
-0.182611
-0.356619
-0.597422
-0.904723
-1.255779
-1.625627
-1.995999
-2.352457
-2.684999
-2.987739
-3.258124
-3.496040
-3.702986
-3.881399
-4.034170
-4.164302
-4.224253
-4.329499
-4.208240
-4.065622
-3.898614
-3.704149
-3.479373
-3.222023
-2.930988
-2.607045
-2.253755
-1.878392
-1.492692
-1.113023
-0.761708
-0.467227
-0.245604
-0.091392
0.005765
0.059311
0.083321
0.090081
0.088561
0.084186
0.079585
0.075810
0.073780
0.072571
0.070118
0.062730
0.044016
0.004289
-0.068982
-0.189482
-0.369657
-0.618430
-0.935160
-1.296205
-1.675869
-2.055466
-2.420309
-2.760287
-3.069498
-3.345439
-3.588079
-3.799014
-3.980782
-4.136362
-4.268844
-4.329499
-4.435174
-4.311736
-4.166516
-3.996407
-3.798255
-3.569111
-3.306615
-3.009564
-2.678663
-2.317443
-1.933223
-1.537895
-1.148136
-0.786828
-0.483343
-0.254420
-0.094773
0.005982
0.061508
0.086260
0.092974
0.091030
0.086152
0.081154
0.077192
0.075235
0.074267
0.072072
0.064744
0.045569
0.004447
-0.071569
-0.196491
-0.382925
-0.639761
-0.966000
-1.337097
-1.726619
-2.115465
-2.488703
-2.836114
-3.151787
-3.433271
-3.680622
-3.895531
-4.080636
-4.239012
-4.373830
-4.435174
-4.541265
-4.415659
-4.267850
-4.094652
-3.892826
-3.659327
-3.391696
-3.088637
-2.750781
-2.381625
-1.988532
-1.583545
-1.183645
-0.812273
-0.499699
-0.263387
-0.098220
0.006203
0.063762
0.089285
0.095960
0.093587
0.088199
0.082796
0.078641
0.076757
0.076031
0.074097
0.066823
0.047166
0.004610
-0.074214
-0.203640
-0.396422
-0.661410
-0.997239
-1.378450
-1.777870
-2.175988
-2.557629
-2.912471
-3.234597
-3.521611
-3.773656
-3.992523
-4.180952
-4.342108
-4.479249
-4.541265
-4.647761
-4.519997
-4.369610
-4.193336
-3.987849
-3.750008
-3.477255
-3.168197
-2.823389
-2.446295
-2.044311
-1.629634
-1.219544
-0.838040
-0.516294
-0.272506
-0.101735
0.006429
0.066072
0.092395
0.099040
0.096234
0.090327
0.084511
0.080160
0.078347
0.077865
0.076193
0.068969
0.048810
0.004777
-0.076919
-0.210927
-0.410147
-0.683376
-1.028873
-1.420258
-1.829616
-2.237026
-2.627078
-2.989348
-3.317917
-3.610447
-3.867170
-4.089980
-4.281716
-4.445639
-4.585091
-4.647761
-4.754652
-4.624741
-4.471787
-4.292450
-4.083315
-3.841145
-3.563281
-3.248234
-2.896479
-2.511442
-2.100555
-1.676157
-1.255829
-0.864125
-0.533126
-0.281775
-0.105317
0.006660
0.068440
0.095593
0.102217
0.098974
0.092539
0.086302
0.081750
0.080008
0.079772
0.078362
0.071181
0.050499
0.004949
-0.079682
-0.218353
-0.424097
-0.705655
-1.060898
-1.462514
-1.881848
-2.298571
-2.697039
-3.066734
-3.401736
-3.699769
-3.961154
-4.187891
-4.382918
-4.549594
-4.691342
-4.754652
-4.861925
-4.729878
-4.574369
-4.391982
-4.179212
-3.932727
-3.649765
-3.328737
-2.970041
-2.577059
-2.157254
-1.723107
-1.292494
-0.890525
-0.550193
-0.291193
-0.108964
0.006895
0.070866
0.098878
0.105491
0.101808
0.094836
0.088171
0.083412
0.081740
0.081752
0.080606
0.073461
0.052234
0.005124
-0.082504
-0.225916
-0.438272
-0.728245
-1.093310
-1.505214
-1.934559
-2.360615
-2.767505
-3.144619
-3.486044
-3.789565
-4.055597
-4.286244
-4.484548
-4.653961
-4.797994
-4.861925
-4.969572
-4.835399
-4.677347
-4.491921
-4.275531
-4.024743
-3.736695
-3.409699
-3.044066
-2.643137
-2.214401
-1.770479
-1.329536
-0.917237
-0.567493
-0.300759
-0.112678
0.007136
0.073349
0.102252
0.108865
0.104737
0.097221
0.090119
0.085149
0.083546
0.083808
0.082925
0.075810
0.054017
0.005304
-0.085385
-0.233616
-0.452670
-0.751143
-1.126104
-1.548352
-1.987745
-2.423150
-2.838467
-3.222996
-3.570831
-3.879825
-4.150489
-4.385029
-4.586594
-4.758731
-4.905034
-4.969572
-5.077582
-4.941293
-4.780710
-4.592259
-4.372261
-4.117185
-3.824064
-3.491109
-3.118546
-2.709669
-2.271991
-1.818266
-1.366949
-0.944257
-0.585024
-0.310473
-0.116458
0.007382
0.075890
0.105716
0.112339
0.107765
0.099695
0.092149
0.086963
0.085428
0.085941
0.085323
0.078229
0.055846
0.005487
-0.088324
-0.241453
-0.467290
-0.774348
-1.159278
-1.591922
-2.041396
-2.486168
-2.909915
-3.301853
-3.656088
-3.970540
-4.245819
-4.484237
-4.689047
-4.863892
-5.012454
-5.077582
-5.185945
-5.047551
-4.884448
-4.692985
-4.469392
-4.210042
-3.911861
-3.572958
-3.193471
-2.776646
-2.330015
-1.866463
-1.404729
-0.971583
-0.602785
-0.320333
-0.120304
0.007633
0.078490
0.109270
0.115916
0.110892
0.102260
0.094262
0.088854
0.087387
0.088152
0.087799
0.080720
0.057724
0.005675
-0.091323
-0.249426
-0.482131
-0.797856
-1.192826
-1.635920
-2.095508
-2.549663
-2.981842
-3.381183
-3.741805
-4.061701
-4.341577
-4.583856
-4.791895
-4.969436
-5.120242
-5.185945
-5.294651
-5.154163
-4.988552
-4.794089
-4.566916
-4.303305
-4.000078
-3.655237
-3.268834
-2.844061
-2.388468
-1.915064
-1.442871
-0.999211
-0.620773
-0.330340
-0.124216
0.007888
0.081148
0.112915
0.119596
0.114122
0.104919
0.096460
0.090826
0.089424
0.090444
0.090355
0.083283
0.059650
0.005868
-0.094381
-0.257536
-0.497192
-0.821666
-1.226745
-1.680340
-2.150073
-2.613625
-3.054239
-3.460976
-3.827973
-4.153296
-4.437754
-4.683877
-4.895130
-5.075351
-5.228389
-5.294651
-5.403692
-5.261119
-5.093012
-4.895562
-4.664823
-4.396965
-4.088705
-3.737939
-3.344627
-2.911907
-2.447342
-1.964064
-1.481372
-1.027138
-0.638987
-0.340492
-0.128193
0.008149
0.083865
0.116653
0.123382
0.117455
0.107674
0.098746
0.092879
0.091543
0.092819
0.092994
0.085919
0.061625
0.006064
-0.097497
-0.265781
-0.512471
-0.845774
-1.261032
-1.725177
-2.205085
-2.678049
-3.127099
-3.541224
-3.914583
-4.245318
-4.534340
-4.784291
-4.998742
-5.181628
-5.336886
-5.403692
-5.513057
-5.368411
-5.197819
-4.997396
-4.763103
-4.491013
-4.177733
-3.821054
-3.420842
-2.980176
-2.506630
-2.013457
-1.520227
-1.055362
-0.657425
-0.350788
-0.132235
0.008414
0.086642
0.120485
0.127275
0.120894
0.110526
0.101120
0.095016
0.093745
0.095278
0.095717
0.088630
0.063648
0.006265
-0.100673
-0.274162
-0.527968
-0.870179
-1.295683
-1.770427
-2.260540
-2.742927
-3.200414
-3.621919
-4.001626
-4.337756
-4.631326
-4.885089
-5.102722
-5.288259
-5.445723
-5.513057
-5.622739
-5.476030
-5.302965
-5.099580
-4.861748
-4.585440
-4.267155
-3.904575
-3.497471
-3.048862
-2.566328
-2.063238
-1.559431
-1.083880
-0.676085
-0.361227
-0.136342
0.008684
0.089478
0.124410
0.131276
0.124441
0.113479
0.103586
0.097239
0.096031
0.097823
0.098525
0.091416
0.065722
0.006470
-0.103908
-0.282678
-0.543681
-0.894878
-1.330694
-1.816084
-2.316429
-2.808253
-3.274175
-3.703051
-4.089094
-4.430603
-4.728704
-4.986260
-5.207060
-5.395234
-5.554891
-5.622739
-5.732728
-5.583966
-5.408440
-5.202107
-4.960750
-4.680238
-4.356961
-3.988493
-3.574505
-3.117956
-2.626428
-2.113401
-1.598982
-1.112688
-0.694966
-0.371810
-0.140515
0.008960
0.092374
0.128430
0.135387
0.128098
0.116533
0.106146
0.099550
0.098404
0.100456
0.101421
0.094279
0.067846
0.006679
-0.107201
-0.291328
-0.559608
-0.919869
-1.366063
-1.862144
-2.372748
-2.874018
-3.348376
-3.784614
-4.176977
-4.523850
-4.826463
-5.087797
-5.311748
-5.502544
-5.664381
-5.732728
-5.843016
-5.692211
-5.514235
-5.304968
-5.060099
-4.775398
-4.447145
-4.072800
-3.651939
-3.187453
-2.686925
-2.163942
-1.638875
-1.141785
-0.714067
-0.382535
-0.144752
0.009240
0.095330
0.132546
0.139611
0.131867
0.119693
0.108802
0.101951
0.100866
0.103180
0.104405
0.097220
0.070020
0.006893
-0.110554
-0.300113
-0.575750
-0.945151
-1.401785
-1.908602
-2.429492
-2.940218
-3.423009
-3.866600
-4.265269
-4.617487
-4.924596
-5.189691
-5.416776
-5.610181
-5.774186
-5.843016
-5.953594
-5.800758
-5.620344
-5.408154
-5.159788
-4.870912
-4.537697
-4.157489
-3.729765
-3.257346
-2.747813
-2.214856
-1.679106
-1.171166
-0.733385
-0.393401
-0.149054
0.009525
0.098346
0.136759
0.143947
0.135749
0.122958
0.111555
0.104444
0.103419
0.105995
0.107479
0.100240
0.072245
0.007111
-0.113966
-0.309032
-0.592105
-0.970721
-1.437857
-1.955454
-2.486653
-3.006846
-3.498066
-3.949000
-4.353960
-4.711508
-5.023095
-5.291933
-5.522138
-5.718136
-5.884295
-5.953594
-6.064456
-5.909597
-5.726758
-5.511658
-5.259809
-4.966773
-4.628609
-4.242553
-3.807975
-3.327628
-2.809085
-2.266137
-1.719671
-1.200831
-0.752919
-0.404408
-0.153420
0.009815
0.101423
0.141069
0.148398
0.139749
0.126333
0.114409
0.107031
0.106064
0.108904
0.110645
0.103339
0.074522
0.007334
-0.117438
-0.318085
-0.608672
-0.996576
-1.474277
-2.002696
-2.544228
-3.073894
-3.573542
-4.031807
-4.443044
-4.805903
-5.121951
-5.394516
-5.627823
-5.826401
-5.994702
-6.064456
-6.175592
-6.018722
-5.833468
-5.615472
-5.360154
-5.062973
-4.719876
-4.327983
-3.886563
-3.398293
-2.870737
-2.317782
-1.760567
-1.230776
-0.772668
-0.415556
-0.157851
0.010110
0.104560
0.145477
0.152965
0.143866
0.129820
0.117366
0.109714
0.108805
0.111909
0.113905
0.106520
0.076851
0.007560
-0.120968
-0.327271
-0.625450
-1.022716
-1.511041
-2.050322
-2.602210
-3.141357
-3.649429
-4.115014
-4.532511
-4.900665
-5.221156
-5.497430
-5.733825
-5.934968
-6.105399
-6.175592
-6.286996
-6.128125
-5.940467
-5.719588
-5.460815
-5.159503
-4.811488
-4.413774
-3.965521
-3.469334
-2.932762
-2.369785
-1.801790
-1.260999
-0.792629
-0.426842
-0.162346
0.010410
0.107759
0.149984
0.157650
0.148104
0.133420
0.120427
0.112496
0.111643
0.115013
0.117260
0.109782
0.079232
0.007792
-0.124558
-0.336591
-0.642437
-1.049138
-1.548146
-2.098330
-2.660595
-3.209230
-3.725720
-4.198614
-4.622356
-4.995787
-5.320703
-5.600669
-5.840135
-6.043829
-6.216377
-6.286996
-6.398660
-6.237797
-6.047748
-5.823999
-5.561784
-5.256358
-4.903439
-4.499917
-4.044844
-3.540746
-2.995155
-2.422142
-1.843336
-1.291497
-0.812803
-0.438268
-0.166905
0.010715
0.111018
0.154591
0.162454
0.152464
0.137136
0.123596
0.115379
0.114581
0.118216
0.120713
0.113128
0.081666
0.008027
-0.128207
-0.346043
-0.659634
-1.075840
-1.585589
-2.146714
-2.719376
-3.277505
-3.802409
-4.282600
-4.712570
-5.091260
-5.420583
-5.704225
-5.946747
-6.152977
-6.327629
-6.398660
-6.510576
-6.347733
-6.155304
-5.928697
-5.663055
-5.353528
-4.995722
-4.586407
-4.124525
-3.612522
-3.057911
-2.474848
-1.885202
-1.322267
-0.833187
-0.449832
-0.171528
0.011025
0.114340
0.159299
0.167379
0.156948
0.140970
0.126874
0.118365
0.117620
0.121521
0.124263
0.116557
0.084153
0.008268
-0.131916
-0.355628
-0.677039
-1.102820
-1.623366
-2.195471
-2.778550
-3.346177
-3.879490
-4.366964
-4.803147
-5.187078
-5.520790
-5.808089
-6.053651
-6.262404
-6.439147
-6.510576
-6.622738
-6.457924
-6.263127
-6.033675
-5.764621
-5.451009
-5.088330
-4.673235
-4.204557
-3.684656
-3.121025
-2.527899
-1.927385
-1.353308
-0.853779
-0.461534
-0.176215
0.011340
0.117723
0.164109
0.172426
0.161559
0.144925
0.130265
0.121457
0.120764
0.124931
0.127914
0.120072
0.086694
0.008512
-0.135684
-0.365345
-0.694651
-1.130077
-1.661476
-2.244596
-2.838111
-3.415240
-3.956955
-4.451700
-4.894079
-5.283233
-5.621315
-5.912256
-6.160842
-6.372103
-6.550925
-6.622738
-6.735138
-6.568364
-6.371210
-6.138926
-5.866474
-5.548791
-5.181256
-4.760397
-4.284934
-3.757144
-3.184492
-2.581290
-1.969881
-1.384618
-0.874579
-0.473373
-0.180965
0.011660
0.121168
0.169020
0.177597
0.166299
0.149004
0.133770
0.124657
0.124013
0.128447
0.131667
0.123673
0.089288
0.008761
-0.139511
-0.375194
-0.712469
-1.157608
-1.699914
-2.294086
-2.898055
-3.484689
-4.034799
-4.536802
-4.985359
-5.379718
-5.722153
-6.016717
-6.268312
-6.482067
-6.662956
-6.735138
-6.847771
-6.679046
-6.479547
-6.244444
-5.968607
-5.646870
-5.274493
-4.847885
-4.365650
-3.829978
-3.248305
-2.635018
-2.012687
-1.416193
-0.895585
-0.485348
-0.185779
0.011985
0.124675
0.174035
0.182893
0.171170
0.153208
0.137392
0.127967
0.127371
0.132071
0.135523
0.127361
0.091937
0.009015
-0.143398
-0.385176
-0.730493
-1.185412
-1.738680
-2.343937
-2.958376
-3.554519
-4.113016
-4.622262
-5.076982
-5.476526
-5.823296
-6.121466
-6.376053
-6.592288
-6.775232
-6.847771
-6.960629
-6.789964
-6.588130
-6.350222
-6.071015
-5.745238
-5.368035
-4.935693
-4.446699
-3.903154
-3.312462
-2.689078
-2.055800
-1.448031
-0.916796
-0.497459
-0.190657
0.012315
0.128244
0.179153
0.188316
0.176173
0.157540
0.141134
0.131390
0.130840
0.135805
0.139484
0.131137
0.094641
0.009273
-0.147344
-0.395288
-0.748722
-1.213488
-1.777768
-2.394145
-3.019070
-3.624723
-4.191600
-4.708076
-5.168939
-5.573651
-5.924737
-6.226497
-6.484060
-6.702761
-6.887747
-6.960629
-7.073706
-6.901110
-6.696955
-6.456253
-6.173690
-5.843889
-5.461875
-5.023814
-4.528076
-3.976666
-3.376956
-2.743466
-2.099216
-1.480131
-0.938211
-0.509705
-0.195598
0.012649
0.131877
0.184376
0.193866
0.181311
0.162003
0.144998
0.134929
0.134422
0.139652
0.143552
0.135002
0.097400
0.009536
-0.151350
-0.405533
-0.767154
-1.241833
-1.817178
-2.444706
-3.080132
-3.695297
-4.270545
-4.794235
-5.261225
-5.671086
-6.026470
-6.331801
-6.592326
-6.813479
-7.000494
-7.073706
-7.186996
-7.012480
-6.806013
-6.562531
-6.276626
-5.942816
-5.556008
-5.112244
-4.609773
-4.050509
-3.441782
-2.798178
-2.142932
-1.512490
-0.959828
-0.522087
-0.200602
0.012989
0.135572
0.189704
0.199546
0.186586
0.166598
0.148987
0.138585
0.138120
0.143614
0.147728
0.138958
0.100215
0.009803
-0.155416
-0.415908
-0.785789
-1.270445
-1.856906
-2.495617
-3.141559
-3.766235
-4.349845
-4.880735
-5.353834
-5.768825
-6.128488
-6.437374
-6.700844
-6.924435
-7.113468
-7.186996
-7.300493
-7.124066
-6.915300
-6.669050
-6.379817
-6.042013
-5.650428
-5.200976
-4.691787
-4.124678
-3.506938
-2.853211
-2.186945
-1.545106
-0.981646
-0.534602
-0.205670
0.013334
0.139331
0.195138
0.205357
0.191999
0.171329
0.153102
0.142361
0.141935
0.147692
0.152015
0.143004
0.103086
0.010075
-0.159541
-0.426414
-0.804626
-1.299324
-1.896949
-2.546875
-3.203344
-3.837532
-4.429494
-4.967570
-5.446759
-5.866861
-6.230785
-6.543208
-6.809608
-7.035623
-7.226661
-7.300493
-7.414191
-7.235863
-7.024808
-6.775804
-6.483258
-6.141475
-5.745128
-5.290003
-4.774111
-4.199167
-3.572416
-2.908559
-2.231253
-1.577978
-1.003664
-0.547251
-0.210800
0.013684
0.143152
0.200678
0.211300
0.197554
0.176198
0.157348
0.146261
0.145871
0.151889
0.156413
0.147142
0.106013
0.010351
-0.163726
-0.437051
-0.823664
-1.328467
-1.937305
-2.598475
-3.265485
-3.909183
-4.509488
-5.054732
-5.539994
-5.965188
-6.333354
-6.649297
-6.918612
-7.147037
-7.340068
-7.414191
-7.528083
-7.347865
-7.134533
-6.882786
-6.586941
-6.241196
-5.840102
-5.379322
-4.856740
-4.273971
-3.638215
-2.964220
-2.275852
-1.611102
-1.025880
-0.560034
-0.215993
0.014039
0.147038
0.206327
0.217377
0.203252
0.181207
0.161726
0.150285
0.149930
0.156207
0.160924
0.151374
0.108996
0.010632
-0.167971
-0.447818
-0.842903
-1.357873
-1.977972
-2.650414
-3.327977
-3.981184
-4.589821
-5.142218
-5.633533
-6.063800
-6.436190
-6.755636
-7.027849
-7.258671
-7.453683
-7.528083
-7.642166
-7.460066
-7.244468
-6.989992
-6.690862
-6.341169
-5.935345
-5.468925
-4.939668
-4.349086
-3.704327
-3.020190
-2.320739
-1.644476
-1.048294
-0.572949
-0.221249
0.014398
0.150987
0.212083
0.223588
0.209094
0.186358
0.166239
0.154438
0.154114
0.160648
0.165549
0.155699
0.112037
0.010917
-0.172276
-0.458716
-0.862341
-1.387541
-2.018947
-2.702688
-3.390815
-4.053529
-4.670487
-5.230021
-5.727371
-6.162692
-6.539287
-6.862218
-7.137315
-7.370519
-7.567500
-7.642166
-7.756432
-7.572461
-7.354608
-7.097415
-6.795014
-6.441389
-6.030852
-5.558808
-5.022891
-4.424506
-3.770751
-3.076465
-2.365912
-1.678100
-1.070905
-0.585996
-0.226568
0.014763
0.155000
0.217947
0.229936
0.215083
0.191655
0.170890
0.158721
0.158425
0.165214
0.170292
0.160120
0.115135
0.011208
-0.176640
-0.469743
-0.881979
-1.417468
-2.060227
-2.755296
-3.453996
-4.126214
-4.751481
-5.318136
-5.821502
-6.261857
-6.642638
-6.969038
-7.247002
-7.482575
-7.681513
-7.756432
-7.870876
-7.685044
-7.464947
-7.205051
-6.899393
-6.541851
-6.126616
-5.648966
-5.106403
-4.500228
-3.837480
-3.133042
-2.411367
-1.711971
-1.093710
-0.599175
-0.231950
0.015133
0.159077
0.223922
0.236421
0.221222
0.197099
0.175680
0.163137
0.162866
0.169907
0.175151
0.164636
0.118291
0.011502
-0.181064
-0.480901
-0.901814
-1.447654
-2.101810
-2.808232
-3.517515
-4.199234
-4.832798
-5.406556
-5.915919
-6.361289
-6.746239
-7.076090
-7.356906
-7.594834
-7.795717
-7.870876
-7.985494
-7.797810
-7.575481
-7.312893
-7.003992
-6.642549
-6.222634
-5.739392
-5.190199
-4.576246
-3.904512
-3.189916
-2.457102
-1.746086
-1.116709
-0.612486
-0.237394
0.015508
0.163219
0.230006
0.243045
0.227511
0.202694
0.180614
0.167690
0.167440
0.174730
0.180131
0.169249
0.121506
0.011802
-0.185549
-0.492188
-0.921847
-1.478096
-2.143694
-2.861494
-3.581368
-4.272585
-4.914434
-5.495278
-6.010619
-6.460984
-6.850083
-7.183368
-7.467021
-7.707291
-7.910107
-7.985494
-8.100281
-7.910754
-7.686203
-7.420936
-7.108807
-6.743478
-6.318898
-5.830082
-5.274275
-4.652555
-3.971841
-3.247084
-2.503115
-1.780445
-1.139902
-0.625927
-0.242900
0.015887
0.167426
0.236202
0.249809
0.233953
0.208440
0.185693
0.172380
0.172149
0.179684
0.185231
0.173959
0.124778
0.012106
-0.190093
-0.503604
-0.942077
-1.508794
-2.185877
-2.915079
-3.645552
-4.346261
-4.996382
-5.584296
-6.105595
-6.560936
-6.954165
-7.290867
-7.577341
-7.819940
-8.024678
-8.100281
-8.215230
-8.023870
-7.797109
-7.529176
-7.213832
-6.844632
-6.415404
-5.921031
-5.358625
-4.729151
-4.039464
-3.304544
-2.549401
-1.815044
-1.163286
-0.639498
-0.248469
0.016272
0.171697
0.242508
0.256715
0.240549
0.214342
0.190921
0.177211
0.176995
0.184771
0.190454
0.178768
0.128110
0.012415
-0.194697
-0.515150
-0.962503
-1.539745
-2.228355
-2.968984
-3.710063
-4.420259
-5.078639
-5.673604
-6.200842
-6.661139
-7.058480
-7.398582
-7.687862
-7.932775
-8.139423
-8.215230
-8.330338
-8.137154
-7.908193
-7.637606
-7.319062
-6.946008
-6.512148
-6.012234
-5.443245
-4.806031
-4.107377
-3.362291
-2.595960
-1.849883
-1.186861
-0.653199
-0.254100
0.016662
0.176033
0.248927
0.263763
0.247302
0.220400
0.196299
0.182186
0.181981
0.189994
0.195801
0.183676
0.131501
0.012728
-0.199361
-0.526825
-0.983125
-1.570949
-2.271128
-3.023205
-3.774897
-4.494574
-5.161200
-5.763198
-6.296355
-6.761589
-7.163023
-7.506507
-7.798578
-8.045793
-8.254339
-8.330338
-8.445599
-8.250601
-8.019451
-7.746223
-7.424493
-7.047599
-6.609124
-6.103686
-5.528130
-4.883188
-4.175576
-3.420322
-2.642787
-1.884960
-1.210625
-0.667029
-0.259793
0.017057
0.180435
0.255459
0.270956
0.254214
0.226619
0.201830
0.187308
0.187109
0.195354
0.201273
0.188685
0.134951
0.013047
-0.204086
-0.538628
-1.003941
-1.602404
-2.314192
-3.077739
-3.840049
-4.569202
-5.244059
-5.853073
-6.392129
-6.862279
-7.267788
-7.614638
-7.909484
-8.158987
-8.369420
-8.445599
-8.561009
-8.364207
-8.130879
-7.855022
-7.530119
-7.149401
-6.706328
-6.195383
-5.613276
-4.960620
-4.244057
-3.478634
-2.689881
-1.920272
-1.234578
-0.680988
-0.265548
0.017457
0.184902
0.262104
0.278293
0.261285
0.232999
0.207518
0.192578
0.192382
0.200854
0.206872
0.193794
0.138462
0.013370
-0.208870
-0.550561
-1.024951
-1.634109
-2.357545
-3.132584
-3.905517
-4.644139
-5.327213
-5.943224
-6.488159
-6.963206
-7.372771
-7.722969
-8.020576
-8.272353
-8.484661
-8.561009
-8.676563
-8.477966
-8.242471
-7.963997
-7.635935
-7.251409
-6.803754
-6.287319
-5.698678
-5.038321
-4.312816
-3.537224
-2.737239
-1.955818
-1.258719
-0.695076
-0.271366
0.017862
0.189435
0.268863
0.285777
0.268519
0.239543
0.213364
0.198000
0.197801
0.206495
0.212599
0.199006
0.142032
0.013698
-0.213715
-0.562622
-1.046154
-1.666062
-2.401185
-3.187736
-3.971297
-4.719380
-5.410657
-6.033645
-6.584440
-7.064364
-7.477966
-7.831495
-8.131848
-8.385886
-8.600058
-8.676563
-8.792257
-8.591873
-8.354222
-8.073144
-7.741938
-7.353618
-6.901398
-6.379491
-5.784332
-5.116288
-4.381850
-3.596088
-2.784858
-1.991596
-1.283046
-0.709292
-0.277245
0.018272
0.194033
0.275736
0.293409
0.275917
0.246254
0.219371
0.203576
0.203371
0.212280
0.218456
0.204320
0.145663
0.014030
-0.218620
-0.574811
-1.067549
-1.698262
-2.445111
-3.243192
-4.037385
-4.794921
-5.494386
-6.124334
-6.680967
-7.165748
-7.583368
-7.940213
-8.243295
-8.499582
-8.715606
-8.792257
-8.908086
-8.705926
-8.466129
-8.182459
-7.848122
-7.456024
-6.999255
-6.471893
-5.870232
-5.194517
-4.451154
-3.655224
-2.832736
-2.027605
-1.307559
-0.723635
-0.283186
0.018687
0.198698
0.282725
0.301189
0.283481
0.253134
0.225543
0.209308
0.209092
0.218211
0.224445
0.209738
0.149355
0.014367
-0.223585
-0.587128
-1.089137
-1.730707
-2.489319
-3.298950
-4.103777
-4.870759
-5.578396
-6.215284
-6.777736
-7.267354
-7.688974
-8.049116
-8.354914
-8.613436
-8.831301
-8.908086
-9.024046
-8.820119
-8.578187
-8.291937
-7.954483
-7.558623
-7.097322
-6.564521
-5.956376
-5.273003
-4.520726
-3.714628
-2.880871
-2.063842
-1.332256
-0.738105
-0.289188
0.019107
0.203428
0.289829
0.309119
0.291212
0.260185
0.231880
0.215200
0.214967
0.224289
0.230566
0.215261
0.153108
0.014709
-0.228611
-0.599573
-1.110916
-1.763397
-2.533807
-3.355007
-4.170471
-4.946889
-5.662682
-6.306491
-6.874741
-7.369177
-7.794778
-8.158201
-8.466699
-8.727444
-8.947139
-9.024046
-9.140134
-8.934448
-8.690391
-8.401573
-8.061016
-7.661409
-7.195593
-6.657372
-6.042759
-5.351743
-4.590561
-3.774297
-2.929259
-2.100306
-1.357136
-0.752702
-0.295252
0.019532
0.208226
0.297050
0.317201
0.299113
0.267410
0.238387
0.221254
0.220999
0.230517
0.236821
0.220888
0.156923
0.015056
-0.233697
-0.612146
-1.132886
-1.796329
-2.578575
-3.411359
-4.237462
-5.023307
-5.747241
-6.397952
-6.971980
-7.471212
-7.900776
-8.267463
-8.578647
-8.841601
-9.063114
-9.140134
-9.256344
-9.048909
-8.802738
-8.511365
-8.167718
-7.764379
-7.294064
-6.750440
-6.129377
-5.430733
-4.660656
-3.834228
-2.977900
-2.136995
-1.382199
-0.767425
-0.301378
0.019962
0.213089
0.304388
0.325434
0.307184
0.274810
0.245066
0.227473
0.227191
0.236897
0.243212
0.226622
0.160799
0.015408
-0.238843
-0.624846
-1.155045
-1.829503
-2.623619
-3.468005
-4.304747
-5.100010
-5.832069
-6.489661
-7.069446
-7.573455
-8.006963
-8.376898
-8.690752
-8.955902
-9.179223
-9.256344
-9.372673
-9.163497
-8.915223
-8.621306
-8.274584
-7.867529
-7.392732
-6.843721
-6.216225
-5.509969
-4.731008
-3.894418
-3.026789
-2.173908
-1.407444
-0.782273
-0.307565
0.020397
0.218020
0.311844
0.333821
0.315429
0.282388
0.251918
0.233859
0.233543
0.243430
0.249740
0.232462
0.164738
0.015764
-0.244050
-0.637673
-1.177394
-1.862917
-2.668937
-3.524941
-4.372324
-5.176994
-5.917160
-6.581614
-7.167136
-7.675902
-8.113335
-8.486500
-8.803011
-9.070345
-9.295462
-9.372673
-9.489117
-9.278210
-9.027843
-8.731394
-8.381610
-7.970853
-7.491591
-6.937212
-6.303300
-5.589447
-4.801613
-3.954864
-3.075926
-2.211043
-1.432869
-0.797247
-0.313813
0.020837
0.223017
0.319418
0.342363
0.323848
0.290147
0.258947
0.240414
0.240060
0.250118
0.256405
0.238410
0.168739
0.016126
-0.249317
-0.650628
-1.199931
-1.896570
-2.714528
-3.582164
-4.440188
-5.254255
-6.002511
-6.673807
-7.265045
-7.778548
-8.219888
-8.596267
-8.915419
-9.184924
-9.411827
-9.489117
-9.605672
-9.393043
-9.140593
-8.841625
-8.488792
-8.074349
-7.590638
-7.030908
-6.390598
-5.669163
-4.872468
-4.015563
-3.125307
-2.248398
-1.458474
-0.812346
-0.320123
0.021283
0.228082
0.327110
0.351059
0.332443
0.298088
0.266156
0.247142
0.246743
0.256963
0.263210
0.244466
0.172803
0.016492
-0.254644
-0.663710
-1.222656
-1.930461
-2.760390
-3.639673
-4.508336
-5.331789
-6.088119
-6.766237
-7.363169
-7.881389
-8.326617
-8.706194
-9.027972
-9.299636
-9.528313
-9.605672
-9.722335
-9.507991
-9.253469
-8.951993
-8.596125
-8.178012
-7.689869
-7.124806
-6.478115
-5.749114
-4.943569
-4.076513
-3.174931
-2.285972
-1.484257
-0.827570
-0.326494
0.021733
0.233213
0.334922
0.359913
0.341216
0.306214
0.273546
0.254045
0.253594
0.263968
0.270156
0.250632
0.176929
0.016863
-0.260032
-0.676919
-1.245569
-1.964588
-2.806520
-3.697463
-4.576765
-5.409593
-6.173978
-6.858898
-7.461504
-7.984421
-8.433519
-8.816277
-9.140667
-9.414476
-9.644917
-9.722335
-9.839101
-9.623053
-9.366468
-9.062496
-8.703607
-8.281838
-7.789280
-7.218901
-6.565847
-5.829297
-5.014914
-4.137710
-3.224794
-2.323763
-1.510218
-0.842917
-0.332926
0.022188
0.238413
0.342853
0.368924
0.350168
0.314527
0.281120
0.261125
0.260616
0.271134
0.277245
0.256907
0.181119
0.017239
-0.265481
-0.690254
-1.268668
-1.998951
-2.852916
-3.755533
-4.645472
-5.487663
-6.260086
-6.951786
-7.560046
-8.087639
-8.540589
-8.926511
-9.253499
-9.529441
-9.761636
-9.839101
-9.955968
-9.738223
-9.479586
-9.173130
-8.811233
-8.385824
-7.888866
-7.313190
-6.653790
-5.909707
-5.086498
-4.199152
-3.274895
-2.361769
-1.536355
-0.858388
-0.339418
0.022649
0.243679
0.350904
0.378094
0.359302
0.323028
0.288882
0.268385
0.267811
0.278463
0.284476
0.263292
0.185372
0.017620
-0.270990
-0.703715
-1.291954
-2.033547
-2.899577
-3.813880
-4.714454
-5.565995
-6.346438
-7.044899
-7.658790
-8.191040
-8.647824
-9.036893
-9.366465
-9.644528
-9.878465
-9.955968
-10.072930
-9.853498
-9.592820
-9.283891
-8.918999
-8.489965
-7.988625
-7.407668
-6.741941
-5.990341
-5.158318
-4.260836
-3.325232
-2.399989
-1.562669
-0.873982
-0.345972
0.023114
0.249014
0.359077
0.387424
0.368618
0.331721
0.296832
0.275828
0.275181
0.285956
0.291852
0.269789
0.189690
0.018006
-0.276560
-0.717303
-1.315425
-2.068376
-2.946500
-3.872502
-4.783707
-5.644586
-6.433031
-7.138231
-7.757733
-8.294621
-8.755218
-9.147420
-9.479561
-9.759731
-9.995400
-10.072930
-10.189986
-9.968875
-9.706165
-9.394776
-9.026903
-8.594258
-8.088553
-7.502333
-6.830296
-6.071195
-5.230372
-4.322759
-3.375802
-2.438422
-1.589157
-0.889699
-0.352586
0.023585
0.254416
0.367371
0.396914
0.378119
0.340607
0.304974
0.283455
0.282729
0.293616
0.299374
0.276398
0.194071
0.018396
-0.282190
-0.731016
-1.339080
-2.103436
-2.993685
-3.931395
-4.853229
-5.723433
-6.519861
-7.231780
-7.856872
-8.398375
-8.862770
-9.258086
-9.592782
-9.875049
-10.112439
-10.189986
-10.307132
-10.084351
-9.819619
-9.505780
-9.134939
-8.698699
-8.188645
-7.597180
-6.918851
-6.152267
-5.302657
-4.384918
-3.426603
-2.477065
-1.615819
-0.905539
-0.359262
0.024060
0.259886
0.375786
0.406566
0.387805
0.349688
0.313309
0.291270
0.290457
0.301444
0.307043
0.283119
0.198517
0.018792
-0.287881
-0.744856
-1.362920
-2.138726
-3.041127
-3.990557
-4.923016
-5.802531
-6.606924
-7.325540
-7.956201
-8.502301
-8.970474
-9.368890
-9.706126
-9.990476
-10.229577
-10.307132
-10.424364
-10.199921
-9.933177
-9.616901
-9.243105
-8.803284
-8.288898
-7.692206
-7.007604
-6.233552
-5.375168
-4.447311
-3.477634
-2.515917
-1.642654
-0.921500
-0.365997
0.024541
0.265425
0.384324
0.416381
0.397679
0.358966
0.321842
0.299275
0.298367
0.309442
0.314861
0.289954
0.203027
0.019192
-0.293633
-0.758821
-1.386943
-2.174245
-3.088827
-4.049985
-4.993065
-5.881879
-6.694216
-7.419510
-8.055718
-8.606394
-9.078327
-9.479826
-9.819589
-10.106011
-10.346812
-10.424364
-10.541679
-10.315583
-10.046837
-9.728134
-9.351397
-8.908011
-8.389308
-7.787407
-7.096549
-6.315048
-5.447904
-4.509934
-3.528891
-2.554977
-1.669660
-0.937583
-0.372793
0.025027
0.271032
0.392985
0.426360
0.407742
0.368443
0.330572
0.307472
0.306461
0.317612
0.322828
0.296903
0.207602
0.019598
-0.299445
-0.772911
-1.411149
-2.209992
-3.136781
-4.109678
-5.063374
-5.961471
-6.781735
-7.513683
-8.155418
-8.710651
-9.186325
-9.590891
-9.933167
-10.221648
-10.464139
-10.541679
-10.659074
-10.431333
-10.160595
-9.839478
-9.459811
-9.012875
-8.489873
-7.882780
-7.185685
-6.396751
-5.520861
-4.572786
-3.580372
-2.594243
-1.696838
-0.953786
-0.379650
0.025518
0.276707
0.401769
0.436503
0.417995
0.378122
0.339504
0.315864
0.314741
0.325956
0.330946
0.303966
0.212242
0.020008
-0.305318
-0.787127
-1.435537
-2.245965
-3.184989
-4.169633
-5.133939
-6.041305
-6.869476
-7.608058
-8.255298
-8.815068
-9.294466
-9.702082
-10.046856
-10.337385
-10.581556
-10.659074
-10.776546
-10.547168
-10.274448
-9.950927
-9.568345
-9.117873
-8.590588
-7.978322
-7.275007
-6.478658
-5.594036
-4.635864
-3.632076
-2.633714
-1.724186
-0.970111
-0.386566
0.026014
0.282451
0.410676
0.446812
0.428440
0.388004
0.348640
0.324452
0.323210
0.334475
0.339216
0.311145
0.216948
0.020423
-0.311251
-0.801467
-1.460107
-2.282163
-3.233448
-4.229846
-5.204757
-6.121378
-6.957436
-7.702631
-8.355354
-8.919641
-9.402744
-9.813396
-10.160655
-10.453219
-10.699060
-10.776546
-10.894092
-10.663086
-10.388393
-10.062479
-9.676995
-9.223002
-8.691450
-8.074028
-7.364513
-6.560766
-5.667426
-4.699165
-3.684001
-2.673388
-1.751704
-0.986555
-0.393543
0.026515
0.288263
0.419708
0.457287
0.439078
0.398092
0.357981
0.333240
0.331870
0.343170
0.347638
0.318440
0.221719
0.020844
-0.317245
-0.815932
-1.484857
-2.318585
-3.282156
-4.290317
-5.275826
-6.201686
-7.045612
-7.797398
-8.455583
-9.024366
-9.511158
-9.924828
-10.274558
-10.569147
-10.816647
-10.894092
-11.011708
-10.779082
-10.502426
-10.174131
-9.785758
-9.328258
-8.792456
-8.169896
-7.454198
-6.643071
-5.741027
-4.762686
-3.736144
-2.713263
-1.779389
-1.003120
-0.400580
0.027021
0.294145
0.428864
0.467930
0.449911
0.408386
0.367530
0.342230
0.340722
0.352045
0.356215
0.325851
0.226556
0.021269
-0.323300
-0.830522
-1.509788
-2.355230
-3.331111
-4.351041
-5.347142
-6.282227
-7.133999
-7.892355
-8.555981
-9.129241
-9.619703
-10.036376
-10.388564
-10.685164
-10.934313
-11.011708
-11.129393
-10.895154
-10.616544
-10.285880
-9.894630
-9.433639
-8.893603
-8.265922
-7.544060
-6.725571
-5.814839
-4.826425
-3.788503
-2.753338
-1.807242
-1.019803
-0.407677
0.027532
0.300095
0.438146
0.478741
0.460940
0.418890
0.377289
0.351424
0.349769
0.361099
0.364948
0.333380
0.231460
0.021699
-0.329415
-0.845236
-1.534898
-2.392097
-3.380312
-4.412018
-5.418703
-6.362996
-7.222596
-7.987499
-8.656545
-9.234262
-9.728375
-10.148037
-10.502668
-10.801268
-11.052057
-11.129393
-11.247142
-11.011299
-10.730745
-10.397723
-10.003609
-9.539140
-8.994887
-8.362102
-7.634095
-6.808262
-5.888856
-4.890380
-3.841076
-2.793612
-1.835261
-1.036606
-0.414834
0.028048
0.306114
0.447553
0.489722
0.472167
0.429605
0.387260
0.360824
0.359013
0.370335
0.373837
0.341026
0.236429
0.022134
-0.335591
-0.860074
-1.560188
-2.429184
-3.429757
-4.473243
-5.490506
-6.443991
-7.311397
-8.082826
-8.757271
-9.339426
-9.837173
-10.259806
-10.616867
-10.917456
-11.169875
-11.247142
-11.364952
-11.127515
-10.845026
-10.509655
-10.112690
-9.644759
-9.096305
-8.458435
-7.724301
-6.891141
-5.963077
-4.954547
-3.893861
-2.834083
-1.863446
-1.053527
-0.422050
0.028569
0.312203
0.457086
0.500872
0.483593
0.440532
0.397446
0.370433
0.368457
0.379755
0.382883
0.348791
0.241465
0.022575
-0.341827
-0.875035
-1.585655
-2.466489
-3.479443
-4.534716
-5.562548
-6.525208
-7.400401
-8.178334
-8.858156
-9.444728
-9.946092
-10.371682
-10.731159
-11.033725
-11.287764
-11.364952
-11.482823
-11.243797
-10.959383
-10.621676
-10.221872
-9.750493
-9.197853
-8.554916
-7.814673
-6.974205
-6.037498
-5.018925
-3.946857
-2.874749
-1.891795
-1.070566
-0.429326
0.029096
0.318361
0.466745
0.512194
0.495219
0.451674
0.407849
0.380252
0.378101
0.389360
0.392088
0.356675
0.246568
0.023020
-0.348124
-0.890121
-1.611300
-2.504013
-3.529370
-4.596433
-5.634826
-6.606646
-7.489604
-8.274019
-8.959197
-9.550167
-10.055129
-10.483660
-10.845540
-11.150072
-11.405721
-11.482823
-11.600749
-11.360144
-11.073814
-10.733781
-10.331151
-9.856338
-9.299530
-8.651543
-7.905210
-7.057451
-6.112118
-5.083510
-4.000060
-2.915609
-1.920308
-1.087722
-0.436661
0.029627
0.324588
0.476531
0.523687
0.507047
0.463032
0.418470
0.390285
0.387947
0.399151
0.401453
0.364678
0.251737
0.023470
-0.354482
-0.905329
-1.637123
-2.541753
-3.579534
-4.658393
-5.707337
-6.688299
-7.579002
-8.369877
-9.060390
-9.655738
-10.164281
-10.595737
-10.960008
-11.266494
-11.523743
-11.600749
-11.718729
-11.476552
-11.188316
-10.845967
-10.440524
-9.962292
-9.401331
-8.748312
-7.995908
-7.140877
-6.186932
-5.148301
-4.053469
-2.956662
-1.948984
-1.104996
-0.444056
0.030163
0.330884
0.486444
0.535353
0.519078
0.474609
0.429313
0.400533
0.397999
0.409131
0.410978
0.372802
0.256974
0.023925
-0.360900
-0.920661
-1.663121
-2.579709
-3.629936
-4.720592
-5.780078
-6.770166
-7.668593
-8.465906
-9.161732
-9.761438
-10.273546
-10.707912
-11.074559
-11.382988
-11.641827
-11.718729
-11.836761
-11.593019
-11.302885
-10.958233
-10.549989
-10.068351
-9.503254
-8.845220
-8.086763
-7.224478
-6.261939
-5.213295
-4.107082
-2.997906
-1.977821
-1.122386
-0.451510
0.030705
0.337250
0.496484
0.547192
0.531313
0.486406
0.440379
0.410998
0.408258
0.419300
0.420665
0.381047
0.262278
0.024386
-0.367379
-0.936115
-1.689295
-2.617879
-3.680571
-4.783029
-5.853048
-6.852243
-7.758372
-8.562102
-9.263220
-9.867265
-10.382919
-10.820180
-11.189191
-11.499551
-11.759972
-11.836761
-11.954840
-11.709542
-11.417521
-11.070574
-10.659542
-10.174513
-9.605295
-8.942265
-8.177773
-7.308253
-6.337135
-5.278489
-4.160897
-3.039339
-2.006820
-1.139892
-0.459023
0.031251
0.343686
0.506653
0.559205
0.543754
0.498424
0.451669
0.421682
0.418725
0.429661
0.430515
0.389412
0.267650
0.024851
-0.373918
-0.951692
-1.715644
-2.656262
-3.731440
-4.845701
-5.926242
-6.934528
-7.848338
-8.658461
-9.364850
-9.973215
-10.492397
-10.932538
-11.303900
-11.616181
-11.878173
-11.954840
-12.072966
-11.826119
-11.532218
-11.182989
-10.769180
-10.280775
-9.707452
-9.039442
-8.268935
-7.392198
-6.412518
-5.343881
-4.214912
-3.080961
-2.035978
-1.157515
-0.466595
0.031803
0.350191
0.516949
0.571394
0.556401
0.510666
0.463187
0.432588
0.429403
0.440213
0.440528
0.397900
0.273089
0.025321
-0.380518
-0.967391
-1.742167
-2.694856
-3.782539
-4.908606
-5.999659
-7.017017
-7.938487
-8.754982
-9.466620
-10.079285
-10.601979
-11.044985
-11.418684
-11.732874
-11.996429
-12.072966
-12.191135
-11.942747
-11.646976
-11.295474
-10.878902
-10.387134
-9.809722
-9.136751
-8.360246
-7.476311
-6.488084
-5.409469
-4.269125
-3.122769
-2.065295
-1.175252
-0.474226
0.032360
0.356766
0.527374
0.583758
0.569256
0.523133
0.474935
0.443718
0.440293
0.450960
0.450707
0.406510
0.278596
0.025797
-0.387178
-0.983212
-1.768863
-2.733661
-3.833867
-4.971741
-6.073296
-7.099708
-8.028816
-8.851660
-9.568527
-10.185472
-10.711661
-11.157516
-11.533540
-11.849629
-12.114737
-12.191135
-12.309345
-12.059424
-11.761791
-11.408027
-10.988703
-10.493587
-9.912102
-9.234186
-8.451704
-7.560589
-6.563833
-5.475250
-4.323534
-3.164762
-2.094771
-1.193104
-0.481916
0.032921
0.363411
0.537928
0.596299
0.582321
0.535827
0.486913
0.455074
0.451398
0.461903
0.461050
0.415243
0.284172
0.026277
-0.393898
-0.999154
-1.795733
-2.772675
-3.885423
-5.035105
-6.147149
-7.182597
-8.119322
-8.948493
-9.670567
-10.291774
-10.821440
-11.270130
-11.648465
-11.966442
-12.233093
-12.309345
-12.427593
-12.176146
-11.876661
-11.520645
-11.098582
-10.600131
-10.014589
-9.331746
-8.543304
-7.645028
-6.639760
-5.541222
-4.378137
-3.206939
-2.124403
-1.211071
-0.489664
0.033488
0.370126
0.548611
0.609016
0.595596
0.548749
0.499125
0.466657
0.462719
0.473042
0.471561
0.424099
0.289815
0.026763
-0.400679
-1.015218
-1.822774
-2.811897
-3.937204
-5.098694
-6.221217
-7.265682
-8.210001
-9.045478
-9.772738
-10.398186
-10.931312
-11.382822
-11.763457
-12.083310
-12.351497
-12.427593
-12.545877
-12.292912
-11.991583
-11.633326
-11.208535
-10.706763
-10.117180
-9.429428
-8.635045
-7.729627
-6.715863
-5.607382
-4.432932
-3.249298
-2.154192
-1.229152
-0.497470
0.034060
0.376911
0.559424
0.621912
0.609083
0.561901
0.511571
0.478470
0.474257
0.484380
0.482239
0.433079
0.295527
0.027254
-0.407520
-1.031403
-1.849987
-2.851326
-3.989209
-5.162507
-6.295496
-7.348959
-8.300852
-9.142611
-9.875036
-10.504707
-11.041276
-11.495592
-11.878513
-12.200232
-12.469944
-12.545877
-12.664195
-12.409719
-12.106555
-11.746067
-11.318561
-10.813482
-10.219873
-9.527229
-8.726923
-7.814382
-6.792140
-5.673729
-4.487917
-3.291838
-2.184136
-1.247346
-0.505335
0.034637
0.383766
0.570367
0.634986
0.622783
0.575285
0.524255
0.490515
0.486016
0.495918
0.493086
0.442184
0.301308
0.027749
-0.414422
-1.047709
-1.877371
-2.890961
-4.041436
-5.226542
-6.369984
-7.432426
-8.391870
-9.239890
-9.977459
-10.611334
-11.151329
-11.608435
-11.993630
-12.317205
-12.588433
-12.664195
-12.782544
-12.526564
-12.221575
-11.858866
-11.428656
-10.920283
-10.322665
-9.625146
-8.818936
-7.899290
-6.868588
-5.740259
-4.543089
-3.334557
-2.214234
-1.265652
-0.513258
0.035218
0.390691
0.581439
0.648240
0.636696
0.588902
0.537177
0.502793
0.497996
0.507656
0.504102
0.451413
0.307157
0.028250
-0.421383
-1.064136
-1.904924
-2.930799
-4.093883
-5.290795
-6.444679
-7.516081
-8.483054
-9.337312
-10.080003
-10.718063
-11.261468
-11.721350
-12.108806
-12.434225
-12.706961
-12.782544
-12.900922
-12.643446
-12.336639
-11.971720
-11.538817
-11.027166
-10.425552
-9.723177
-8.911081
-7.984350
-6.945204
-5.806971
-4.598448
-3.377454
-2.244486
-1.284072
-0.521239
0.035805
0.397686
0.592642
0.661674
0.650825
0.602754
0.550340
0.515307
0.510199
0.519597
0.515288
0.460768
0.313075
0.028756
-0.428405
-1.080683
-1.932647
-2.970841
-4.146548
-5.355265
-6.519577
-7.599920
-8.574399
-9.434873
-10.182666
-10.824891
-11.371689
-11.834333
-12.224038
-12.551292
-12.825526
-12.900922
-13.019327
-12.760362
-12.451746
-12.084626
-11.649044
-11.134126
-10.528534
-9.821318
-9.003356
-8.069558
-7.021986
-5.873862
-4.653991
-3.420527
-2.274890
-1.302603
-0.529277
0.036397
0.404751
0.603976
0.675288
0.665170
0.616843
0.563746
0.528059
0.522626
0.531742
0.526646
0.470248
0.319063
0.029267
-0.435487
-1.097349
-1.960538
-3.011084
-4.199429
-5.419949
-6.594676
-7.683940
-8.665904
-9.532572
-10.285445
-10.931817
-11.481991
-11.947382
-12.339324
-12.668402
-12.944126
-13.019327
-13.137756
-12.877309
-12.566893
-12.197582
-11.759332
-11.241162
-10.631606
-9.919567
-9.095757
-8.154911
-7.098932
-5.940929
-4.709717
-3.463775
-2.305445
-1.321246
-0.537374
0.036994
0.411886
0.615441
0.689083
0.679732
0.631169
0.577396
0.541050
0.535281
0.544092
0.538175
0.479855
0.325119
0.029783
-0.442629
-1.114135
-1.988597
-3.051528
-4.252525
-5.484846
-6.669974
-7.768139
-8.757565
-9.630404
-10.388337
-11.038837
-11.592371
-12.060495
-12.454661
-12.785552
-13.062757
-13.137756
-13.256208
-12.994286
-12.682078
-12.310587
-11.869679
-11.348270
-10.734766
-10.017922
-9.188282
-8.240408
-7.176038
-6.008171
-4.765622
-3.507196
-2.336151
-1.339999
-0.545527
0.037596
0.419092
0.627036
0.703061
0.694512
0.645734
0.591292
0.554282
0.548163
0.556648
0.549877
0.489589
0.331245
0.030304
-0.449830
-1.131040
-2.016823
-3.092171
-4.305834
-5.549952
-6.745468
-7.852513
-8.849380
-9.728368
-10.491340
-11.145949
-11.702826
-12.173668
-12.570047
-12.902741
-13.181419
-13.256208
-13.374680
-13.111291
-12.797299
-12.423637
-11.980084
-11.455449
-10.838012
-10.116379
-9.280928
-8.326044
-7.253302
-6.075586
-4.821706
-3.550789
-2.367007
-1.358864
-0.553739
0.038203
0.426368
0.638764
0.717221
0.709512
0.660540
0.605436
0.567757
0.561276
0.569411
0.561753
0.499449
0.337440
0.030830
-0.457092
-1.148065
-2.045216
-3.133012
-4.359354
-5.615266
-6.821156
-7.937061
-8.941345
-9.826460
-10.594450
-11.253150
-11.813354
-12.286900
-12.685480
-13.019967
-13.300108
-13.374680
-13.493170
-13.228320
-12.912553
-12.536730
-12.090543
-11.562696
-10.941341
-10.214937
-9.373693
-8.411819
-7.330722
-6.143170
-4.877966
-3.594553
-2.398011
-1.377838
-0.562007
0.038815
0.433714
0.650623
0.731564
0.724732
0.675589
0.619829
0.581477
0.574619
0.582383
0.573804
0.509437
0.343705
0.031361
-0.464413
-1.165207
-2.073773
-3.174049
-4.413083
-5.680786
-6.897034
-8.021780
-9.033459
-9.924678
-10.697665
-11.360437
-11.923951
-12.400189
-12.800957
-13.137226
-13.418823
-13.493170
-13.611676
-13.345372
-13.027838
-12.649864
-12.201055
-11.670008
-11.044751
-10.313592
-9.466575
-8.497729
-7.408296
-6.210923
-4.934401
-3.638485
-2.429163
-1.396921
-0.570332
0.039432
0.441130
0.662613
0.746090
0.740173
0.690881
0.634474
0.595444
0.588196
0.595566
0.586029
0.519553
0.350039
0.031897
-0.471795
-1.182468
-2.102496
-3.215282
-4.467019
-5.746508
-6.973100
-8.106666
-9.125717
-10.023018
-10.800983
-11.467807
-12.034616
-12.513530
-12.916475
-13.254518
-13.537561
-13.611676
-13.730195
-13.462445
-13.143153
-12.763036
-12.311616
-11.777384
-11.148239
-10.412342
-9.559569
-8.583771
-7.486020
-6.278840
-4.991008
-3.682585
-2.460461
-1.416114
-0.578714
0.040054
0.448616
0.674736
0.760801
0.755837
0.706418
0.649372
0.609659
0.602007
0.608959
0.598431
0.529797
0.356443
0.032438
-0.479235
-1.199847
-2.131382
-3.256709
-4.521161
-5.812432
-7.049352
-8.191717
-9.218118
-10.121479
-10.904400
-11.575259
-12.145347
-12.626924
-13.032033
-13.371838
-13.656320
-13.730195
-13.848727
-13.579537
-13.258494
-12.876245
-12.422226
-11.884820
-11.251803
-10.511185
-9.652675
-8.669944
-7.563893
-6.346921
-5.047785
-3.726851
-2.491905
-1.435414
-0.587153
0.040680
0.456173
0.686991
0.775696
0.771724
0.722201
0.664525
0.624124
0.616055
0.622565
0.611010
0.540170
0.362917
0.032985
-0.486736
-1.217343
-2.160432
-3.298328
-4.575507
-5.878554
-7.125788
-8.276931
-9.310659
-10.220058
-11.007914
-11.682790
-12.256140
-12.740365
-13.147628
-13.489186
-13.775098
-13.848727
-13.967268
-13.696645
-13.373859
-12.989489
-12.532880
-11.992315
-11.355440
-10.610118
-9.745889
-8.756244
-7.641912
-6.415163
-5.104732
-3.771281
-2.523493
-1.454823
-0.595649
0.041312
0.463800
0.699379
0.790777
0.787835
0.738232
0.679933
0.638841
0.630339
0.636384
0.623766
0.550671
0.369461
0.033536
-0.494295
-1.234957
-2.189644
-3.340139
-4.630054
-5.944873
-7.202404
-8.362305
-9.403337
-10.318751
-11.111522
-11.790397
-12.366993
-12.853854
-13.263258
-13.606559
-13.893893
-13.967268
-14.085818
-13.813769
-13.489248
-13.102764
-12.643578
-12.099866
-11.459148
-10.709139
-9.839210
-8.842669
-7.720074
-6.483564
-5.161845
-3.815874
-2.555225
-1.474339
-0.604200
0.041949
0.471497
0.711899
0.806044
0.804172
0.754512
0.695600
0.653812
0.644863
0.650418
0.636700
0.561302
0.376075
0.034093
-0.501914
-1.252687
-2.219017
-3.382140
-4.684802
-6.011386
-7.279199
-8.447835
-9.496149
-10.417557
-11.215222
-11.898077
-12.477904
-12.967387
-13.378921
-13.723956
-14.012703
-14.085818
-14.204373
-13.930904
-13.604657
-13.216070
-12.754317
-12.207470
-11.562924
-10.808245
-9.932633
-8.929218
-7.798378
-6.552121
-5.219123
-3.860629
-2.587100
-1.493962
-0.612808
0.042591
0.479265
0.724552
0.821497
0.820734
0.771043
0.711526
0.669037
0.659628
0.664668
0.649813
0.572063
0.382760
0.034655
-0.509593
-1.270533
-2.248551
-3.424330
-4.739748
-6.078091
-7.356169
-8.533521
-9.589094
-10.516472
-11.319012
-12.005829
-12.588870
-13.080962
-13.494614
-13.841373
-14.131525
-14.204373
-14.322932
-14.048051
-13.720085
-13.329403
-12.865094
-12.315126
-11.666767
-10.907434
-10.026158
-9.015886
-7.876820
-6.620833
-5.276564
-3.905543
-2.619116
-1.513691
-0.621471
0.043237
0.487103
0.737338
0.837136
0.837524
0.787825
0.727713
0.684520
0.674634
0.679135
0.663106
0.582954
0.389514
0.035221
-0.517330
-1.288495
-2.278245
-3.466707
-4.794890
-6.144985
-7.433313
-8.619358
-9.682167
-10.615494
-11.422888
-12.113649
-12.699890
-13.194576
-13.610336
-13.958809
-14.250359
-14.322932
-14.441494
-14.165206
-13.835529
-13.442762
-12.975909
-12.422832
-11.770673
-11.006703
-10.119782
-9.102672
-7.955399
-6.689697
-5.334166
-3.950616
-2.651273
-1.533526
-0.630191
0.043889
0.495010
0.750258
0.852963
0.854541
0.804859
0.744163
0.700260
0.689884
0.693819
0.676580
0.593975
0.396339
0.035793
-0.525126
-1.306573
-2.308098
-3.509271
-4.850227
-6.212067
-7.510627
-8.705344
-9.775367
-10.714621
-11.526848
-12.221536
-12.810960
-13.308229
-13.726084
-14.076262
-14.369201
-14.441494
-14.560056
-14.282368
-13.950987
-13.556145
-13.086757
-12.530584
-11.874642
-11.106051
-10.213501
-9.189574
-8.034112
-6.758710
-5.391927
-3.995847
-2.683569
-1.553466
-0.638966
0.044546
0.502988
0.763310
0.868977
0.871787
0.822148
0.760877
0.716261
0.705379
0.708723
0.690234
0.605127
0.403234
0.036370
-0.532982
-1.324766
-2.338110
-3.552019
-4.905757
-6.279335
-7.588110
-8.791478
-9.868690
-10.813849
-11.630891
-12.329486
-12.922079
-13.421916
-13.841857
-14.193729
-14.488050
-14.560056
-14.678616
-14.399535
-14.066459
-13.669549
-13.197639
-12.638382
-11.978669
-11.205474
-10.307315
-9.276588
-8.112957
-6.827872
-5.449846
-4.041232
-2.716004
-1.573510
-0.647796
0.045207
0.511037
0.776496
0.885180
0.889263
0.839692
0.777856
0.732523
0.721120
0.723847
0.704070
0.616410
0.410200
0.036952
-0.540896
-1.343074
-2.368279
-3.594951
-4.961478
-6.346786
-7.665759
-8.877755
-9.962135
-10.913178
-11.735012
-12.437499
-13.033245
-13.535637
-13.957651
-14.311210
-14.606905
-14.678616
-14.797172
-14.516705
-14.181941
-13.782973
-13.308550
-12.746222
-12.082754
-11.304970
-10.401220
-9.363714
-8.191932
-6.897179
-5.507919
-4.086772
-2.748577
-1.593659
-0.656681
0.045873
0.519155
0.789815
0.901571
0.906968
0.857493
0.795102
0.749048
0.737108
0.739192
0.718089
0.627824
0.417236
0.037539
-0.548869
-1.361496
-2.398604
-3.638064
-5.017387
-6.414417
-7.743571
-8.964174
-10.055699
-11.012602
-11.839211
-12.545570
-13.144454
-13.649389
-14.073466
-14.428701
-14.725762
-14.797172
-14.915724
-14.633876
-14.297431
-13.896415
-13.419490
-12.854103
-12.186894
-11.404538
-10.495215
-9.450947
-8.271033
-6.966630
-5.566147
-4.132464
-2.781286
-1.613911
-0.665622
0.046545
0.527343
0.803267
0.918151
0.924905
0.875551
0.812617
0.765837
0.753345
0.754758
0.732290
0.639370
0.424343
0.038131
-0.556900
-1.380032
-2.429085
-3.681359
-5.073484
-6.482228
-7.821545
-9.050733
-10.149379
-11.112122
-11.943484
-12.653699
-13.255706
-13.763170
-14.189299
-14.546201
-14.844620
-14.915724
-15.034269
-14.751046
-14.412929
-14.009873
-13.530456
-12.962022
-12.291087
-11.504175
-10.589296
-9.538287
-8.350260
-7.036222
-5.624525
-4.178307
-2.814131
-1.634265
-0.674617
0.047221
0.535601
0.816854
0.934920
0.943073
0.893868
0.830401
0.782893
0.769832
0.770548
0.746675
0.651048
0.431520
0.038728
-0.564990
-1.398681
-2.459721
-3.724832
-5.129767
-6.550215
-7.899677
-9.137428
-10.243173
-11.211733
-12.047829
-12.761883
-13.366997
-13.876978
-14.305148
-14.663708
-14.963478
-15.034269
-15.152805
-14.868214
-14.528432
-14.123344
-13.641446
-13.069978
-12.395330
-11.603879
-10.683462
-9.625730
-8.429609
-7.105953
-5.683054
-4.224300
-2.847110
-1.654722
-0.683666
0.047902
0.543929
0.830574
0.951879
0.961474
0.912445
0.848457
0.800215
0.786571
0.786562
0.761244
0.662857
0.438768
0.039330
-0.573138
-1.417443
-2.490511
-3.768484
-5.186233
-6.618376
-7.977965
-9.224257
-10.337079
-11.311434
-12.152244
-12.870119
-13.478325
-13.990811
-14.421011
-14.781221
-15.082333
-15.152805
-15.271330
-14.985378
-14.643937
-14.236827
-13.752459
-13.177968
-12.499621
-11.703646
-10.777710
-9.713275
-8.509079
-7.175822
-5.741730
-4.270441
-2.880222
-1.675281
-0.692770
0.048588
0.552327
0.844428
0.969027
0.980109
0.931282
0.866785
0.817807
0.803563
0.802801
0.775997
0.674799
0.446086
0.039938
-0.581344
-1.436318
-2.521453
-3.812312
-5.242880
-6.686709
-8.056407
-9.311218
-10.431093
-11.411222
-12.256727
-12.978405
-13.589690
-14.104667
-14.536886
-14.898736
-15.201185
-15.271330
-15.389844
-15.102536
-14.759445
-14.350321
-13.863492
-13.285991
-12.603959
-11.803477
-10.872038
-9.800918
-8.588666
-7.245825
-5.800552
-4.316728
-2.913467
-1.695941
-0.701928
0.049278
0.560795
0.858415
0.986366
0.998977
0.950382
0.885387
0.835669
0.820808
0.819266
0.790936
0.686873
0.453476
0.040550
-0.589608
-1.455305
-2.552548
-3.856316
-5.299708
-6.755212
-8.135001
-9.398309
-10.525214
-11.511095
-12.361275
-13.086739
-13.701087
-14.218543
-14.652771
-15.016253
-15.320030
-15.389844
-15.508343
-15.219686
-14.874952
-14.463823
-13.974543
-13.394044
-12.708341
-11.903367
-10.966444
-9.888659
-8.668370
-7.315961
-5.859519
-4.363160
-2.946843
-1.716701
-0.711139
0.049974
0.569332
0.872537
1.003896
1.018080
0.969745
0.904265
0.853802
0.838308
0.835957
0.806061
0.699080
0.460936
0.041167
-0.597930
-1.474403
-2.583794
-3.900493
-5.356713
-6.823883
-8.213744
-9.485526
-10.619438
-11.611050
-12.465886
-13.195120
-13.812516
-14.332439
-14.768665
-15.133770
-15.438867
-15.508343
-15.626828
-15.336827
-14.990456
-14.577331
-14.085611
-13.502125
-12.812765
-12.003315
-11.060926
-9.976494
-8.748187
-7.386228
-5.918627
-4.409736
-2.980349
-1.737561
-0.720405
0.050674
0.577939
0.886792
1.021616
1.037418
0.989371
0.923418
0.872209
0.856065
0.852876
0.821371
0.711420
0.468466
0.041790
-0.606310
-1.493613
-2.615191
-3.944843
-5.413895
-6.892720
-8.292634
-9.572867
-10.713764
-11.711085
-12.570557
-13.303544
-13.923974
-14.446351
-14.884566
-15.251284
-15.557695
-15.626828
-15.745295
-15.453957
-15.105957
-14.690844
-14.196693
-13.610233
-12.917230
-12.103319
-11.155481
-10.064421
-8.828116
-7.456623
-5.977876
-4.456454
-3.013985
-1.758521
-0.729723
0.051380
0.586616
0.901182
1.039528
1.056992
1.009263
0.942850
0.890889
0.874079
0.870023
0.836869
0.723893
0.476068
0.042417
-0.614747
-1.512933
-2.646737
-3.989363
-5.471251
-6.961720
-8.371668
-9.660331
-10.808190
-11.811198
-12.675287
-13.412010
-14.035460
-14.560278
-15.000471
-15.368795
-15.676512
-15.745295
-15.863743
-15.571074
-15.221452
-14.804359
-14.307789
-13.718365
-13.021732
-12.203377
-11.250107
-10.152439
-8.908154
-7.527145
-6.037263
-4.503312
-3.047748
-1.779579
-0.739095
0.052089
0.595362
0.915705
1.057631
1.076802
1.029421
0.962560
0.909845
0.892352
0.887400
0.852554
0.736500
0.483740
0.043049
-0.623242
-1.532364
-2.678431
-4.034053
-5.528779
-7.030881
-8.450844
-9.747914
-10.902712
-11.911387
-12.780074
-13.520515
-14.146970
-14.674219
-15.116379
-15.486300
-15.795315
-15.863743
-15.982172
-15.688177
-15.336940
-14.917876
-14.418895
-13.826520
-13.126271
-12.303487
-11.344802
-10.240544
-8.988299
-7.597791
-6.096787
-4.550309
-3.081639
-1.800735
-0.748520
0.052804
0.604177
0.930362
1.075926
1.096850
1.049846
0.982551
0.929078
0.910884
0.905007
0.868427
0.749240
0.491483
0.043687
-0.631793
-1.551904
-2.710273
-4.078911
-5.586478
-7.100201
-8.530160
-9.835614
-10.997328
-12.011648
-12.884914
-13.629058
-14.258504
-14.788170
-15.232288
-15.603797
-15.914105
-15.982172
-16.100578
-15.805264
-15.452419
-15.031392
-14.530010
-13.934695
-13.230844
-12.403646
-11.439565
-10.328735
-9.068548
-7.668560
-6.156445
-4.597443
-3.115656
-1.821988
-0.757997
0.053524
0.613062
0.945153
1.094412
1.117135
1.070538
1.002822
0.948589
0.929677
0.922845
0.884487
0.762113
0.499297
0.044329
-0.640402
-1.571553
-2.742262
-4.123936
-5.644346
-7.169678
-8.609613
-9.923429
-11.092037
-12.111981
-12.989806
-13.737636
-14.370059
-14.902131
-15.348197
-15.721285
-16.032878
-16.100578
-16.218961
-15.922333
-15.567887
-15.144905
-14.641133
-14.042890
-13.335448
-12.503852
-11.534392
-10.417010
-9.148901
-7.739449
-6.216237
-4.644714
-3.149797
-1.843339
-0.767527
0.054248
0.622016
0.960078
1.113091
1.137658
1.091499
1.023377
0.968380
0.948732
0.940914
0.900737
0.775120
0.507181
0.044977
-0.649068
-1.591311
-2.774396
-4.169126
-5.702380
-7.239310
-8.689201
-10.011356
-11.186835
-12.212382
-13.094748
-13.846248
-14.481634
-15.016100
-15.464102
-15.838762
-16.151633
-16.218961
-16.337320
-16.039383
-15.683343
-15.258415
-14.752261
-14.151101
-13.440084
-12.604104
-11.629282
-10.505366
-9.229354
-7.810456
-6.276159
-4.692118
-3.184062
-1.864785
-0.777109
0.054977
0.631038
0.975137
1.131962
1.158420
1.112730
1.044214
0.988450
0.968050
0.959216
0.917175
0.788261
0.515136
0.045629
-0.657790
-1.611178
-2.806674
-4.214480
-5.760580
-7.309094
-8.768922
-10.099394
-11.281721
-12.312849
-13.199738
-13.954891
-14.593226
-15.130074
-15.580004
-15.956227
-16.270369
-16.337320
-16.455652
-16.156413
-15.798785
-15.371918
-14.863393
-14.259327
-13.544747
-12.704400
-11.724232
-10.593802
-9.309906
-7.881580
-6.336210
-4.739656
-3.218450
-1.886327
-0.786743
0.055711
0.640130
0.990329
1.151026
1.179422
1.134232
1.065337
1.008803
0.987632
0.977751
0.933803
0.801537
0.523162
0.046286
-0.666569
-1.631151
-2.839097
-4.259996
-5.818942
-7.379029
-8.848773
-10.187539
-11.376692
-12.413380
-13.304773
-14.063563
-14.704834
-15.244052
-15.695900
-16.073678
-16.389083
-16.455652
-16.573956
-16.273420
-15.914212
-15.485414
-14.974527
-14.367567
-13.649437
-12.804737
-11.819241
-10.682314
-9.390554
-7.952818
-6.396389
-4.787325
-3.252959
-1.907964
-0.796428
0.056449
0.649290
1.005655
1.170282
1.200663
1.156004
1.086745
1.029438
1.007479
0.996520
0.950620
0.814946
0.531258
0.046949
-0.675404
-1.651232
-2.871662
-4.305673
-5.877466
-7.449112
-8.928753
-10.275790
-11.471745
-12.513974
-13.409852
-14.172263
-14.816455
-15.358032
-15.811788
-16.191113
-16.507776
-16.573956
-16.692230
-16.390403
-16.029622
-15.598901
-15.085661
-14.475817
-13.754151
-12.905113
-11.914306
-10.770902
-9.471297
-8.024167
-6.456693
-4.835123
-3.287589
-1.929694
-0.806165
0.057192
0.658519
1.021115
1.189731
1.222144
1.178049
1.108440
1.050357
1.027591
1.015523
0.967628
0.828490
0.539425
0.047616
-0.684296
-1.671420
-2.904369
-4.351510
-5.936149
-7.519341
-9.008859
-10.364144
-11.566880
-12.614628
-13.514972
-14.280988
-14.928088
-15.472013
-15.927667
-16.308531
-16.626444
-16.692230
-16.810474
-16.507362
-16.145013
-15.712378
-15.196794
-14.584078
-13.858888
-13.005527
-12.009426
-10.859563
-9.552131
-8.095627
-6.517121
-4.883050
-3.322338
-1.951519
-0.815953
0.057940
0.667817
1.036709
1.209372
1.243866
1.200366
1.130423
1.071561
1.047971
1.034762
0.984826
0.842167
0.547663
0.048288
-0.693243
-1.691713
-2.937216
-4.397504
-5.994989
-7.589714
-9.089088
-10.452598
-11.662093
-12.715339
-13.620131
-14.389736
-15.039731
-15.585992
-16.043535
-16.425930
-16.745087
-16.810474
-16.928686
-16.624293
-16.260383
-15.825842
-15.307924
-14.692347
-13.963645
-13.105977
-12.104599
-10.948294
-9.633056
-8.167195
-6.577671
-4.931104
-3.357205
-1.973436
-0.825792
0.058693
0.677183
1.052436
1.229207
1.265829
1.222958
1.152695
1.093052
1.068618
1.054236
1.002215
0.855980
0.555971
0.048966
-0.702246
-1.712112
-2.970204
-4.443655
-6.053985
-7.660229
-9.169438
-10.541152
-11.757382
-12.816105
-13.725328
-14.498507
-15.151382
-15.699968
-16.159390
-16.543308
-16.863702
-16.928686
-17.046864
-16.741197
-16.375733
-15.939292
-15.419049
-14.800622
-14.068422
-13.206461
-12.199822
-11.037095
-9.714069
-8.238870
-6.638340
-4.979283
-3.392189
-1.995445
-0.835681
0.059450
0.686617
1.068296
1.249235
1.288033
1.245823
1.175257
1.114829
1.089534
1.073947
1.019795
0.869926
0.564349
0.049648
-0.711305
-1.732616
-3.003330
-4.489961
-6.113135
-7.730884
-9.249908
-10.629801
-11.852745
-12.916925
-13.830560
-14.607297
-15.263040
-15.813939
-16.275232
-16.660664
-16.982289
-17.046864
-17.165007
-16.858070
-16.491059
-16.052726
-15.530168
-14.908901
-14.173215
-13.306976
-12.295093
-11.125962
-9.795167
-8.310648
-6.699128
-5.027585
-3.427289
-2.017546
-0.845621
0.060211
0.696119
1.084290
1.269456
1.310479
1.268963
1.198109
1.136894
1.110720
1.093895
1.037567
0.884008
0.572798
0.050335
-0.720419
-1.753224
-3.036593
-4.536420
-6.172437
-7.801676
-9.330495
-10.718545
-11.948179
-13.017797
-13.935825
-14.716104
-15.374702
-15.927904
-16.391057
-16.777997
-17.100846
-17.165007
-17.283114
-16.974913
-16.606360
-16.166144
-15.641279
-15.017183
-14.278025
-13.407521
-12.390411
-11.214895
-9.876350
-8.382528
-6.760032
-5.076010
-3.462504
-2.039737
-0.855611
0.060978
0.705689
1.100416
1.289870
1.333167
1.292380
1.221253
1.159249
1.132175
1.114080
1.055530
0.898224
0.581318
0.051027
-0.729588
-1.773936
-3.069994
-4.583031
-6.231888
-7.872604
-9.411196
-10.807381
-12.043684
-13.118718
-14.041122
-14.824928
-15.486367
-16.041861
-16.506865
-16.895304
-17.219372
-17.283114
-17.401183
-17.091724
-16.721635
-16.279543
-15.752381
-15.125466
-14.382847
-13.508095
-12.485774
-11.303890
-9.957615
-8.454509
-6.821050
-5.124555
-3.497833
-2.062019
-0.865650
0.061749
0.715327
1.116676
1.310478
1.356098
1.316072
1.244689
1.181894
1.153902
1.134504
1.073685
0.912574
0.589907
0.051724
-0.738811
-1.794751
-3.103529
-4.629793
-6.291488
-7.943664
-9.492009
-10.896306
-12.139256
-13.219686
-14.146448
-14.933766
-15.598034
-16.155807
-16.622654
-17.012585
-17.337864
-17.401183
-17.519212
-17.208500
-16.836883
-16.392922
-15.863471
-15.233749
-14.487682
-13.608695
-12.581179
-11.392946
-10.038959
-8.526587
-6.882181
-5.173219
-3.533275
-2.084390
-0.875739
0.062524
0.725032
1.133068
1.331279
1.379271
1.340041
1.268419
1.204829
1.175902
1.155167
1.092033
0.927059
0.598567
0.052426
-0.748090
-1.815668
-3.137200
-4.676704
-6.351234
-8.014857
-9.572933
-10.985319
-12.234893
-13.320699
-14.251802
-15.042616
-15.709699
-16.269743
-16.738423
-17.129838
-17.456322
-17.519212
-17.637202
-17.325241
-16.952102
-16.506279
-15.974549
-15.342029
-14.592527
-13.709319
-12.676626
-11.482061
-10.120382
-8.598762
-6.943423
-5.222001
-3.568827
-2.106849
-0.885878
0.063304
0.734805
1.149594
1.352273
1.402688
1.364288
1.292443
1.228057
1.198173
1.176069
1.110573
0.941679
0.607297
0.053132
-0.757423
-1.836688
-3.171004
-4.723762
-6.411124
-8.086178
-9.653965
-11.074417
-12.330594
-13.421756
-14.357182
-15.151477
-15.821363
-16.383665
-16.854169
-17.247062
-17.574745
-17.637202
-17.755149
-17.441946
-17.067290
-16.619614
-16.085612
-15.450306
-14.697380
-13.809966
-12.772111
-11.571232
-10.201880
-8.671032
-7.004774
-5.270898
-3.604490
-2.129397
-0.896065
0.064089
0.744645
1.166251
1.373461
1.426348
1.388813
1.316763
1.251577
1.220719
1.197210
1.129305
0.956433
0.616096
0.053844
-0.766810
-1.857809
-3.204940
-4.770966
-6.471156
-8.157626
-9.735103
-11.163598
-12.426355
-13.522853
-14.462585
-15.260346
-15.933022
-16.497573
-16.969893
-17.364254
-17.693130
-17.755149
-17.873054
-17.558613
-17.182447
-16.732924
-16.196660
-15.558577
-14.802240
-13.910633
-12.867633
-11.660459
-10.283452
-8.743393
-7.066233
-5.319911
-3.640262
-2.152032
-0.906300
0.064878
0.754552
1.183041
1.394841
1.450251
1.413617
1.341378
1.275391
1.243538
1.218592
1.148231
0.971322
0.624966
0.054560
-0.776252
-1.879030
-3.239008
-4.818315
-6.531329
-8.229199
-9.816345
-11.252860
-12.522176
-13.623990
-14.568010
-15.369223
-16.044676
-16.611465
-17.085591
-17.481415
-17.811477
-17.873054
-17.990914
-17.675241
-17.297570
-16.846208
-16.307690
-15.666841
-14.907105
-14.011320
-12.963190
-11.749739
-10.365097
-8.815845
-7.127796
-5.369036
-3.676142
-2.174754
-0.916584
0.065671
0.764526
1.199964
1.416415
1.474398
1.438700
1.366289
1.299500
1.266633
1.240214
1.167349
0.986345
0.633905
0.055281
-0.785747
-1.900352
-3.273206
-4.865806
-6.591641
-8.300895
-9.897688
-11.342201
-12.618054
-13.725164
-14.673455
-15.478104
-16.156323
-16.725339
-17.201263
-17.598541
-17.929784
-17.990914
-18.108729
-17.791828
-17.412659
-16.959465
-16.418702
-15.775097
-15.011973
-14.112024
-13.058781
-11.839070
-10.446811
-8.888386
-7.189464
-5.418272
-3.712129
-2.197561
-0.926916
0.066470
0.774566
1.217018
1.438183
1.498790
1.464063
1.391498
1.323903
1.290003
1.262078
1.186661
1.001503
0.642915
0.056007
-0.795295
-1.921774
-3.307533
-4.913439
-6.652089
-8.372712
-9.979130
-11.431618
-12.713986
-13.826374
-14.778918
-15.586990
-16.267961
-16.839194
-17.316906
-17.715633
-18.048050
-18.108729
-18.226497
-17.908373
-17.527712
-17.072693
-16.529693
-15.883342
-15.116843
-14.212744
-13.154403
-11.928450
-10.528593
-8.961013
-7.251233
-5.467619
-3.748222
-2.220453
-0.937296
0.067272
0.784673
1.234203
1.460143
1.523425
1.489706
1.417005
1.348603
1.313650
1.284183
1.206166
1.016796
0.651993
0.056738
-0.804897
-1.943294
-3.341988
-4.961212
-6.712672
-8.444647
-10.060670
-11.521110
-12.809972
-13.927617
-14.884397
-15.695877
-16.379588
-16.953028
-17.432521
-17.832688
-18.166274
-18.226497
-18.344217
-18.024875
-17.642728
-17.185891
-16.640663
-15.991576
-15.221713
-14.313478
-13.250055
-12.017878
-10.610442
-9.033725
-7.313102
-5.517073
-3.784419
-2.243430
-0.947723
0.068079
0.794847
1.251521
1.482296
1.548305
1.515629
1.442811
1.373600
1.337573
1.306530
1.225864
1.032223
0.661142
0.057474
-0.814552
-1.964912
-3.376571
-5.009123
-6.773389
-8.516699
-10.142304
-11.610675
-12.906008
-14.028891
-14.989892
-15.804764
-16.491204
-17.066840
-17.548105
-17.949705
-18.284454
-18.344217
-18.461888
-18.141333
-17.757706
-17.299058
-16.751610
-16.099797
-15.326582
-14.414224
-13.345735
-12.107351
-10.692355
-9.106519
-7.375070
-5.566635
-3.820719
-2.266491
-0.958197
0.068890
0.805086
1.268969
1.504642
1.573429
1.541833
1.468916
1.398894
1.361774
1.329119
1.245756
1.047784
0.670359
0.058214
-0.824260
-1.986628
-3.411279
-5.057170
-6.834236
-8.588865
-10.224032
-11.700310
-13.002094
-14.130195
-15.095399
-15.913650
-16.602806
-17.180628
-17.663657
-18.066683
-18.402589
-18.461888
-18.579508
-18.257745
-17.872643
-17.412192
-16.862532
-16.208003
-15.431448
-14.514981
-13.441441
-12.196868
-10.774331
-9.179395
-7.437135
-5.616302
-3.857121
-2.289634
-0.968718
0.069706
0.815391
1.286549
1.527181
1.598798
1.568319
1.495321
1.424487
1.386253
1.351951
1.265842
1.063479
0.679646
0.058959
-0.834020
-2.008441
-3.446112
-5.105353
-6.895213
-8.661144
-10.305851
-11.790013
-13.098226
-14.231527
-15.200917
-16.022532
-16.714392
-17.294391
-17.779175
-18.183621
-18.520678
-18.579508
-18.697077
-18.374111
-17.987540
-17.525291
-16.973429
-16.316193
-15.536309
-14.615746
-13.537172
-12.286427
-10.856367
-9.252350
-7.499294
-5.666072
-3.893625
-2.312860
-0.979285
0.070526
0.825762
1.304259
1.549913
1.624411
1.595087
1.522027
1.450378
1.411011
1.375026
1.286121
1.079309
0.689002
0.059709
-0.843832
-2.030350
-3.481068
-5.153670
-6.956317
-8.733534
-10.387758
-11.879782
-13.194403
-14.332885
-15.306444
-16.131410
-16.825962
-17.408127
-17.894658
-18.300516
-18.638719
-18.697077
-18.814592
-18.490428
-18.102395
-17.638355
-17.084298
-16.424365
-15.641164
-14.716519
-13.632925
-12.376026
-10.938462
-9.325382
-7.561546
-5.715945
-3.930228
-2.336167
-0.989899
0.071351
0.836198
1.322100
1.572837
1.650270
1.622137
1.549033
1.476569
1.436048
1.398343
1.306595
1.095272
0.698427
0.060464
-0.853697
-2.052355
-3.516148
-5.202118
-7.017546
-8.806031
-10.469752
-11.969616
-13.290624
-14.434266
-15.411979
-16.240281
-16.937514
-17.521836
-18.010105
-18.417369
-18.756712
-18.814592
-18.932054
-18.606696
-18.217205
-17.751383
-17.195138
-16.532518
-15.746012
-14.817297
-13.728699
-12.465663
-11.020613
-9.398489
-7.623889
-5.765919
-3.966930
-2.359555
-1.000558
0.072179
0.846699
1.340071
1.595954
1.676373
1.649469
1.576342
1.503060
1.461365
1.421905
1.327262
1.111370
0.707920
0.061223
-0.863613
-2.074455
-3.551348
-5.250697
-7.078900
-8.878636
-10.551831
-12.059512
-13.386885
-14.535670
-15.517520
-16.349145
-17.049047
-17.635515
-18.125515
-18.534178
-18.874654
-18.932054
-19.049461
-18.722914
-18.331971
-17.864372
-17.305948
-16.640651
-15.850850
-14.918080
-13.824493
-12.555337
-11.102820
-9.471670
-7.686323
-5.815992
-4.003729
-2.383022
-1.011263
0.073013
0.857265
1.358172
1.619262
1.702721
1.677084
1.603952
1.529852
1.486961
1.445710
1.348122
1.127601
0.717482
0.061987
-0.873580
-2.096648
-3.586669
-5.299406
-7.140375
-8.951344
-10.633992
-12.149468
-13.483185
-14.637094
-15.623065
-16.457998
-17.160558
-17.749163
-18.240886
-18.650941
-18.992546
-19.049461
-19.166812
-18.839081
-18.446691
-17.977322
-17.416727
-16.748762
-15.955677
-15.018864
-13.920304
-12.645045
-11.185079
-9.544923
-7.748844
-5.866162
-4.040624
-2.406569
-1.022012
0.073850
0.867896
1.376402
1.642763
1.729313
1.704982
1.631866
1.556945
1.512839
1.469759
1.369177
1.143966
0.727113
0.062756
-0.883599
-2.118936
-3.622109
-5.348241
-7.201969
-9.024155
-10.716234
-12.239482
-13.579523
-14.738537
-15.728613
-16.566841
-17.272046
-17.862779
-18.356216
-18.767657
-19.110385
-19.166812
-19.284105
-18.955194
-18.561364
-18.090232
-17.527473
-16.856849
-16.060492
-15.119650
-14.016131
-12.734786
-11.267391
-9.618245
-7.811451
-5.916429
-4.077615
-2.430194
-1.032807
0.074692
0.878591
1.394762
1.666455
1.756151
1.733163
1.660082
1.584340
1.538997
1.494053
1.390426
1.160465
0.736812
0.063529
-0.893669
-2.141316
-3.657667
-5.397203
-7.263682
-9.097066
-10.798555
-12.329553
-13.675897
-14.839997
-15.834161
-16.675671
-17.383511
-17.976361
-18.471505
-18.884325
-19.228171
-19.284105
-19.401340
-19.071254
-18.675989
-18.203099
-17.638185
-16.964912
-16.165294
-15.220435
-14.111973
-12.824559
-11.349751
-9.691636
-7.874142
-5.966790
-4.114700
-2.453897
-1.043646
0.075537
0.889351
1.413251
1.690339
1.783233
1.761628
1.688602
1.612037
1.565437
1.518590
1.411868
1.177097
0.746579
0.064307
-0.903789
-2.163789
-3.693342
-5.446288
-7.325512
-9.170075
-10.880952
-12.419678
-13.772303
-14.941472
-15.939709
-16.784487
-17.494950
-18.089909
-18.586752
-19.000944
-19.345902
-19.401340
-19.518516
-19.187259
-18.790564
-18.315924
-17.748862
-17.072949
-16.270080
-15.321218
-14.207827
-12.914361
-11.432160
-9.765093
-7.936917
-6.017244
-4.151877
-2.477677
-1.054529
0.076387
0.900174
1.431869
1.714414
1.810561
1.790376
1.717426
1.640037
1.592158
1.543372
1.433504
1.193862
0.756414
0.065090
-0.913960
-2.186353
-3.729133
-5.495497
-7.387455
-9.243181
-10.963423
-12.509855
-13.868742
-15.042961
-16.045254
-16.893287
-17.606362
-18.203420
-18.701954
-19.117512
-19.463577
-19.518516
-19.635630
-19.303208
-18.905088
-18.428704
-17.859502
-17.180958
-16.374850
-15.421997
-14.303692
-13.004190
-11.514615
-9.838615
-7.999772
-6.067790
-4.189146
-2.501532
-1.065456
0.077242
0.911061
1.450615
1.738680
1.838132
1.819408
1.746555
1.668341
1.619162
1.568399
1.455334
1.210760
0.766317
0.065877
-0.924180
-2.209008
-3.765038
-5.544826
-7.449511
-9.316381
-11.045967
-12.600082
-13.965210
-15.144461
-16.150796
-17.002070
-17.717745
-18.316894
-18.817111
-19.234029
-19.581196
-19.635630
-19.752684
-19.419099
-19.019560
-18.541439
-17.970105
-17.288938
-16.479602
-15.522770
-14.399566
-13.094046
-11.597113
-9.912199
-8.062707
-6.118426
-4.226505
-2.525463
-1.076426
0.078100
0.922011
1.469488
1.763136
1.865949
1.848725
1.775988
1.696948
1.646448
1.593671
1.477358
1.227790
0.776288
0.066669
-0.934451
-2.231753
-3.801057
-5.594275
-7.511678
-9.389674
-11.128581
-12.690358
-14.061706
-15.245971
-16.256332
-17.110835
-17.829100
-18.430329
-18.932222
-19.350493
-19.698756
-19.752684
-19.869674
-19.534932
-19.133980
-18.654127
-18.080668
-17.396889
-16.584335
-15.623537
-14.495449
-13.183927
-11.679655
-9.985844
-8.125719
-6.169151
-4.263953
-2.549469
-1.087440
0.078963
0.933025
1.488490
1.787783
1.894010
1.878325
1.805726
1.725859
1.674018
1.619188
1.499575
1.244954
0.786326
0.067465
-0.944771
-2.254587
-3.837187
-5.643843
-7.573953
-9.463056
-11.211264
-12.780681
-14.158229
-15.347489
-16.361861
-17.219579
-17.940423
-18.543724
-19.047285
-19.466904
-19.816258
-19.869674
-19.986601
-19.650706
-19.248345
-18.766767
-18.191191
-17.504808
-16.689047
-15.724296
-14.591338
-13.273830
-11.762237
-10.059549
-8.188807
-6.219963
-4.301489
-2.573548
-1.098496
0.079829
0.944101
1.507619
1.812620
1.922315
1.908210
1.835769
1.755074
1.701870
1.644950
1.521985
1.262249
0.796431
0.068266
-0.955140
-2.277510
-3.873429
-5.693526
-7.636336
-9.536528
-11.294014
-12.871048
-14.254776
-15.449014
-16.467381
-17.328302
-18.051714
-18.657077
-19.162299
-19.583259
-19.933699
-19.986601
-20.103464
-19.766420
-19.362655
-18.879358
-18.301673
-17.612694
-16.793737
-15.825045
-14.687231
-13.363754
-11.844859
-10.133312
-8.251969
-6.270860
-4.339112
-2.597701
-1.109595
0.080700
0.955240
1.526874
1.837647
1.950864
1.938379
1.866119
1.784595
1.730005
1.670956
1.544589
1.279677
0.806603
0.069072
-0.965558
-2.300520
-3.909781
-5.743325
-7.698823
-9.610086
-11.376828
-12.961458
-14.351346
-15.550544
-16.572891
-17.437001
-18.162971
-18.770388
-19.277264
-19.699558
-20.051079
-20.103464
-20.220260
-19.882072
-19.476909
-18.991900
-18.412111
-17.720547
-16.898403
-15.925783
-14.783128
-13.453698
-11.927518
-10.207130
-8.315205
-6.321842
-4.376821
-2.621925
-1.120735
0.081575
0.966441
1.546256
1.862863
1.979658
1.968832
1.896773
1.814421
1.758424
1.697208
1.567386
1.297237
0.816842
0.069881
-0.976024
-2.323618
-3.946241
-5.793237
-7.761414
-9.683728
-11.459705
-13.051909
-14.447937
-15.652078
-16.678390
-17.545677
-18.274193
-18.883655
-19.392177
-19.815800
-20.168397
-20.220260
-20.336990
-19.997662
-19.591106
-19.104389
-18.522506
-17.828364
-17.003044
-16.026508
-14.879026
-13.543660
-12.010212
-10.281002
-8.378511
-6.372906
-4.414614
-2.646221
-1.131918
0.082454
0.977704
1.565764
1.888268
2.008695
1.999570
1.927734
1.844552
1.787127
1.723705
1.590377
1.314928
0.827147
0.070696
-0.986539
-2.346802
-3.982808
-5.843260
-7.824107
-9.757453
-11.542643
-13.142399
-14.544547
-15.753613
-16.783875
-17.654326
-18.385379
-18.996877
-19.507038
-19.931983
-20.285651
-20.336990
-20.453653
-20.113188
-19.705244
-19.216827
-18.632856
-17.936145
-17.107659
-16.127220
-14.974925
-13.633638
-12.092941
-10.354927
-8.441886
-6.424052
-4.452490
-2.670588
-1.143141
0.083336
0.989029
1.585398
1.913862
2.037976
2.030592
1.959002
1.874988
1.816113
1.750448
1.613559
1.332751
0.837519
0.071515
-0.997101
-2.370072
-4.019482
-5.893394
-7.886899
-9.831259
-11.625639
-13.232927
-14.641174
-15.855148
-16.889345
-17.762949
-18.496527
-19.110053
-19.621845
-20.048108
-20.402841
-20.453653
-20.570246
-20.228650
-19.819323
-19.329211
-18.743159
-18.043888
-17.212247
-16.227915
-15.070822
-13.723631
-12.175702
-10.428903
-8.505329
-6.475277
-4.490449
-2.695024
-1.154406
0.084223
1.000415
1.605157
1.939644
2.067500
2.061898
1.990575
1.905731
1.845384
1.777435
1.636935
1.350705
0.847957
0.072338
-1.007711
-2.393427
-4.056261
-5.943636
-7.949788
-9.905143
-11.708693
-13.323490
-14.737817
-15.956682
-16.994800
-17.871543
-18.607636
-19.223182
-19.736598
-20.164171
-20.519966
-20.570246
-20.686770
-20.344047
-19.933341
-19.441541
-18.853415
-18.151592
-17.316806
-16.328595
-15.166716
-13.813637
-12.258494
-10.502928
-8.568838
-6.526580
-4.528488
-2.719529
-1.165711
0.085114
1.011863
1.625041
1.965614
2.097267
2.093489
2.022456
1.936780
1.874939
1.804667
1.660503
1.368790
0.858461
0.073166
-1.018368
-2.416866
-4.093144
-5.993985
-8.012774
-9.979105
-11.791802
-13.414086
-14.834475
-16.058214
-17.100237
-17.980107
-18.718706
-19.336261
-19.851295
-20.280173
-20.637025
-20.686770
-20.803224
-20.459377
-20.047298
-19.553815
-18.963623
-18.259257
-17.421335
-16.429256
-15.262607
-13.903654
-12.341315
-10.577000
-8.632412
-6.577961
-4.566607
-2.744103
-1.177056
0.086008
1.023371
1.645049
1.991772
2.127277
2.125364
2.054642
1.968135
1.904778
1.832145
1.684264
1.387005
0.869031
0.073998
-1.029073
-2.440388
-4.130129
-6.044440
-8.075855
-10.053142
-11.874964
-13.504715
-14.931145
-16.159740
-17.205655
-18.088640
-18.829734
-19.449291
-19.965935
-20.396113
-20.754015
-20.803224
-20.919606
-20.574640
-20.161192
-19.666032
-19.073781
-18.366880
-17.525833
-16.529897
-15.358491
-13.993682
-12.424164
-10.651118
-8.696049
-6.629416
-4.604804
-2.768744
-1.188441
0.086907
1.034939
1.665181
2.018116
2.157530
2.157523
2.087136
1.999796
1.934902
1.859867
1.708216
1.405350
0.879666
0.074834
-1.039824
-2.463993
-4.167216
-6.094999
-8.139027
-10.127252
-11.958177
-13.595374
-15.027826
-16.261261
-17.311052
-18.197140
-18.940719
-19.562270
-20.080518
-20.511989
-20.870938
-20.919606
-21.035916
-20.689834
-20.275023
-19.778192
-19.183888
-18.474460
-17.630299
-16.630518
-15.454368
-14.083719
-12.507039
-10.725280
-8.759746
-6.680946
-4.643078
-2.793451
-1.199866
0.087809
1.046568
1.685436
2.044647
2.188024
2.189966
2.119937
2.031764
1.965310
1.887834
1.732360
1.423825
0.890366
0.075675
-1.050621
-2.487679
-4.204403
-6.145660
-8.202291
-10.201433
-12.041441
-13.686061
-15.124516
-16.362774
-17.416428
-18.305607
-19.051661
-19.675197
-20.195042
-20.627800
-20.987791
-21.035916
-21.152153
-20.804959
-20.388789
-19.890293
-19.293943
-18.581997
-17.734730
-16.731117
-15.550237
-14.173762
-12.589938
-10.799485
-8.823504
-6.732547
-4.681429
-2.818225
-1.211330
0.088716
1.058256
1.705814
2.071364
2.218761
2.222693
2.153044
2.064039
1.996002
1.916046
1.756695
1.442430
0.901132
0.076521
-1.061464
-2.511447
-4.241690
-6.196422
-8.265643
-10.275683
-12.124751
-13.776775
-15.221214
-16.464278
-17.521781
-18.414039
-19.162558
-19.788071
-20.309505
-20.743546
-21.104575
-21.152153
-21.268315
-20.920014
-20.502490
-20.002334
-19.403945
-18.689489
-17.839127
-16.831692
-15.646096
-14.263811
-12.672860
-10.873731
-8.887319
-6.784220
-4.719855
-2.843063
-1.222832
0.089626
1.070004
1.726315
2.098267
2.249739
2.255703
2.186458
2.096621
2.026979
1.944502
1.781222
1.461164
0.911962
0.077370
-1.072352
-2.535295
-4.279074
-6.247282
-8.329082
-10.350002
-12.208108
-13.867514
-15.317917
-16.565771
-17.627109
-18.522434
-19.273408
-19.900891
-20.423908
-20.859225
-21.221286
-21.268315
-21.384403
-21.034998
-20.616124
-20.114315
-19.513894
-18.796936
-17.943487
-16.932242
-15.741944
-14.353864
-12.755803
-10.948016
-8.951191
-6.835962
-4.758354
-2.867966
-1.234373
0.090540
1.081811
1.746938
2.125354
2.280958
2.288997
2.220179
2.129509
2.058240
1.973203
1.805940
1.480027
0.922856
0.078224
-1.083286
-2.559222
-4.316554
-6.298241
-8.392607
-10.424386
-12.291510
-13.958276
-15.414625
-16.667253
-17.732411
-18.630792
-19.384212
-20.013655
-20.538249
-20.974837
-21.337926
-21.384403
-21.500414
-21.149910
-20.729692
-20.226234
-19.623787
-18.904335
-18.047810
-17.032767
-15.837779
-14.443920
-12.838766
-11.022339
-9.015118
-6.887773
-4.796926
-2.892931
-1.245951
0.091457
1.093677
1.767682
2.152627
2.312418
2.322575
2.254206
2.162704
2.089786
2.002148
1.830848
1.499019
0.933815
0.079082
-1.094265
-2.583229
-4.354130
-6.349296
-8.456216
-10.498834
-12.374953
-14.049060
-15.511336
-16.768721
-17.837686
-18.739111
-19.494966
-20.126363
-20.652526
-21.090380
-21.454493
-21.500414
-21.616349
-21.264749
-20.843190
-20.338090
-19.733625
-19.011686
-18.152094
-17.133264
-15.933600
-14.533977
-12.921748
-11.096699
-9.079099
-6.939650
-4.835570
-2.917960
-1.257568
0.092379
1.105601
1.788548
2.180083
2.344118
2.356435
2.288541
2.196207
2.121616
2.031337
1.855946
1.518139
0.944837
0.079944
-1.105289
-2.607313
-4.391800
-6.400445
-8.519906
-10.573344
-12.458438
-14.139864
-15.608049
-16.870174
-17.942932
-18.847390
-19.605672
-20.239013
-20.766740
-21.205854
-21.570986
-21.616349
-21.732206
-21.379514
-20.956620
-20.449882
-19.843405
-19.118989
-18.256339
-17.233732
-16.029405
-14.624034
-13.004746
-11.171093
-9.143131
-6.991592
-4.874283
-2.943050
-1.269221
0.093304
1.117584
1.809533
2.207723
2.376058
2.390578
2.323182
2.230015
2.153730
2.060769
1.881235
1.537386
0.955923
0.080810
-1.116356
-2.631474
-4.429563
-6.451687
-8.583676
-10.647915
-12.541961
-14.230686
-15.704761
-16.971611
-18.048149
-18.955627
-19.716326
-20.351605
-20.880888
-21.321257
-21.687404
-21.732206
-21.847985
-21.494205
-21.069980
-20.561610
-19.953127
-19.226240
-18.360543
-17.334171
-16.125194
-14.714089
-13.087759
-11.245520
-9.207214
-7.043599
-4.913066
-2.968201
-1.280912
0.094232
1.129624
1.830639
2.235546
2.408237
2.425003
2.358129
2.264131
2.186129
2.090445
1.906713
1.556761
0.967073
0.081681
-1.127468
-2.655712
-4.467418
-6.503020
-8.647525
-10.722545
-12.625521
-14.321525
-15.801471
-17.073030
-18.153334
-19.063822
-19.826929
-20.464137
-20.994971
-21.436589
-21.803746
-21.847985
-21.963685
-21.608820
-21.183268
-20.673272
-20.062790
-19.333441
-18.464705
-17.434579
-16.220965
-14.804141
-13.170786
-11.319978
-9.271345
-7.095667
-4.951917
-2.993413
-1.292639
0.095165
1.141721
1.851864
2.263551
2.440655
2.459711
2.393383
2.298553
2.218811
2.120365
1.932380
1.576263
0.978286
0.082556
-1.138622
-2.680025
-4.505364
-6.554444
-8.711450
-10.797231
-12.709117
-14.412379
-15.898178
-17.174431
-18.258487
-19.171974
-19.937479
-20.576609
-21.108987
-21.551849
-21.920012
-21.963685
