-0.219377
-0.214611
-0.209145
-0.202916
-0.195866
-0.187940
-0.179084
-0.169233
-0.158300
-0.146163
-0.132648
-0.117532
-0.100561
-0.081731
-0.061678
-0.040959
-0.019751
0.001651
0.022828
0.043212
0.062054
0.078376
0.090919
0.098073
0.098073
0.090919
0.078376
0.062054
0.043212
0.022828
0.001651
-0.019750
-0.040951
-0.061647
-0.081638
-0.100342
-0.117112
-0.131955
-0.145152
-0.156964
-0.167605
-0.177230
-0.185943
-0.193812
-0.200882
-0.207193
-0.212784
-0.217702
-0.219377
-0.392362
-0.383123
-0.372438
-0.360168
-0.346193
-0.330424
-0.312813
-0.293346
-0.272037
-0.248883
-0.223824
-0.196679
-0.167132
-0.135156
-0.101674
-0.067408
-0.032481
0.002714
0.037524
0.071030
0.101999
0.128828
0.149446
0.161204
0.161204
0.149446
0.128828
0.101999
0.071029
0.037523
0.002713
-0.032469
-0.067343
-0.101456
-0.134578
-0.165932
-0.194639
-0.220815
-0.244923
-0.267276
-0.288027
-0.307209
-0.324794
-0.340748
-0.355059
-0.367759
-0.378918
-0.388641
-0.392362
-0.551132
-0.537671
-0.522053
-0.504055
-0.483484
-0.460196
-0.434124
-0.405284
-0.373780
-0.339763
-0.303367
-0.264604
-0.223278
-0.179487
-0.134440
-0.088896
-0.042775
0.003571
0.049369
0.093440
0.134177
0.169469
0.196590
0.212058
0.212058
0.196590
0.169468
0.134176
0.093437
0.049362
0.003570
-0.042729
-0.088684
-0.133797
-0.177946
-0.220359
-0.260025
-0.297075
-0.331965
-0.364872
-0.395750
-0.424436
-0.450752
-0.474574
-0.495866
-0.514678
-0.531136
-0.545414
-0.551132
-0.703072
-0.685605
-0.665302
-0.641857
-0.614998
-0.584518
-0.550311
-0.512401
-0.470954
-0.426250
-0.378616
-0.328299
-0.275320
-0.220031
-0.164017
-0.108096
-0.051908
0.004329
0.059815
0.113190
0.162526
0.205270
0.238120
0.256855
0.256855
0.238120
0.205269
0.162522
0.113178
0.059795
0.004325
-0.051797
-0.107620
-0.162694
-0.217096
-0.270135
-0.320633
-0.368586
-0.414308
-0.457750
-0.498636
-0.536616
-0.571390
-0.602780
-0.630748
-0.655385
-0.676878
-0.695478
-0.703072
-0.851318
-0.830016
-0.805223
-0.776548
-0.743640
-0.706220
-0.664135
-0.617396
-0.566206
-0.510952
-0.452136
-0.390244
-0.325561
-0.258777
-0.191959
-0.126042
-0.060374
0.005028
0.069415
0.131310
0.188521
0.238092
0.276192
0.297922
0.297922
0.276192
0.238088
0.188508
0.131280
0.069367
0.005019
-0.060156
-0.125173
-0.189704
-0.254080
-0.317705
-0.379142
-0.438133
-0.494759
-0.548712
-0.599488
-0.646572
-0.689574
-0.728284
-0.762685
-0.792915
-0.819233
-0.841969
-0.851318
-0.997443
-0.972437
-0.943302
-0.909563
-0.870783
-0.826610
-0.776832
-0.721435
-0.660641
-0.594922
-0.524939
-0.451413
-0.374918
-0.296542
-0.218918
-0.143176
-0.068383
0.005684
0.078394
0.148220
0.212753
0.268677
0.311666
0.336185
0.336184
0.311664
0.268668
0.212724
0.148155
0.078300
0.005668
-0.068009
-0.141779
-0.215493
-0.289763
-0.364069
-0.436622
-0.506808
-0.574425
-0.638887
-0.699474
-0.755528
-0.806588
-0.852436
-0.893084
-0.928733
-0.959715
-0.986441
-0.997443
-1.142319
-1.113711
-1.080349
-1.041671
-0.997154
-0.946367
-0.889031
-0.825095
-0.754789
-0.678651
-0.597488
-0.512249
-0.423815
-0.333712
-0.245214
-0.159721
-0.076042
0.006306
0.086863
0.164118
0.235497
0.297363
0.344929
0.372062
0.372061
0.344924
0.297342
0.235436
0.163992
0.086698
0.006281
-0.075458
-0.157657
-0.240394
-0.324570
-0.409703
-0.493567
-0.575110
-0.653812
-0.728804
-0.799155
-0.864086
-0.923084
-0.975934
-1.022692
-1.063626
-1.099147
-1.129750
-1.142319
-1.286466
-1.254339
-1.216841
-1.173323
-1.123174
-1.065877
-1.001084
-0.928695
-0.848936
-0.762400
-0.670026
-0.572991
-0.472484
-0.370509
-0.271039
-0.175812
-0.083416
0.006901
0.094891
0.179119
0.256908
0.324340
0.376198
0.405784
0.405782
0.376187
0.324297
0.256795
0.178902
0.094623
0.006861
-0.082567
-0.172947
-0.264613
-0.358752
-0.454879
-0.550246
-0.643306
-0.733189
-0.818741
-0.898836
-0.972582
-1.039429
-1.099178
-1.151939
-1.198052
-1.238013
-1.272403
-1.286466
-1.430212
-1.394633
-1.353073
-1.304796
-1.249098
-1.185376
-1.113202
-1.032424
-0.943252
-0.846325
-0.742704
-0.633784
-0.521075
-0.407080
-0.296525
-0.191549
-0.090556
0.007470
0.102529
0.193313
0.277101
0.349742
0.405624
0.437513
0.437508
0.405601
0.349663
0.276907
0.192964
0.102122
0.007413
-0.089384
-0.187750
-0.288299
-0.392485
-0.499777
-0.606834
-0.711559
-0.812717
-0.908869
-0.998697
-1.081213
-1.155842
-1.222410
-1.281088
-1.332296
-1.376616
-1.414717
-1.430212
-1.573771
-1.534797
-1.489238
-1.436268
-1.375092
-1.305012
-1.225520
-1.136402
-1.037847
-0.930526
-0.815617
-0.694729
-0.569694
-0.443534
-0.321773
-0.207010
-0.097502
0.008019
0.109820
0.206775
0.296173
0.373682
0.433330
0.467377
0.467368
0.433287
0.373547
0.295861
0.206245
0.109233
0.007941
-0.095949
-0.202151
-0.311570
-0.425904
-0.544533
-0.663455
-0.779983
-0.892504
-0.999292
-1.098852
-1.190105
-1.272462
-1.345784
-1.410309
-1.466539
-1.515150
-1.556900
-1.573771
-1.717288
-1.674969
-1.625465
-1.567860
-1.501264
-1.424884
-1.338126
-1.240710
-1.132792
-1.015072
-0.888834
-0.755898
-0.618420
-0.479957
-0.346867
-0.222262
-0.104290
0.008550
0.116805
0.219573
0.314213
0.396261
0.459426
0.495492
0.495476
0.459351
0.396042
0.313738
0.218808
0.115994
0.008446
-0.102299
-0.216223
-0.334524
-0.459119
-0.589250
-0.720200
-0.848659
-0.972624
-1.090086
-1.199378
-1.299342
-1.389382
-1.469402
-1.539712
-1.600905
-1.653747
-1.699090
-1.717288
-1.860862
-1.815241
-1.761840
-1.699652
-1.627688
-1.545059
-1.451080
-1.345400
-1.228137
-1.100010
-0.962405
-0.817346
-0.667314
-0.516416
-0.371874
-0.237359
-0.110949
0.009065
0.123521
0.231775
0.331305
0.417575
0.484015
0.521965
0.521938
0.483893
0.417240
0.330614
0.230710
0.122440
0.008931
-0.108467
-0.230031
-0.357247
-0.492219
-0.634012
-0.777141
-0.917647
-1.053130
-1.181302
-1.300327
-1.408979
-1.506662
-1.593332
-1.669374
-1.735474
-1.792496
-1.841383
-1.860862
-2.004562
-1.955679
-1.898424
-1.831698
-1.754413
-1.665581
-1.564422
-1.450508
-1.323915
-1.185374
-1.036366
-0.879114
-0.716427
-0.552968
-0.396852
-0.252349
-0.117508
0.009568
0.130003
0.243440
0.347531
0.437717
0.507197
0.546897
0.546853
0.507007
0.437223
0.346561
0.242009
0.128602
0.009400
-0.114482
-0.243630
-0.379809
-0.525280
-0.678886
-0.834337
-0.986995
-1.134063
-1.272974
-1.401734
-1.519054
-1.624346
-1.717619
-1.799345
-1.870303
-1.931456
-1.983843
-2.004562
-2.148435
-2.096327
-2.035258
-1.964036
-1.881474
-1.786480
-1.678178
-1.556058
-1.420149
-1.271189
-1.110744
-0.941235
-0.765795
-0.589656
-0.421846
-0.267274
-0.123991
0.010060
0.136282
0.254627
0.362967
0.456775
0.529063
0.570383
0.570314
0.528780
0.456073
0.361650
0.252758
0.134512
0.009854
-0.120370
-0.257069
-0.402272
-0.558362
-0.723929
-0.891830
-1.056739
-1.215452
-1.365130
-1.503626
-1.629593
-1.742459
-1.842295
-1.929659
-2.005430
-2.070671
-2.126517
-2.148435
-2.292516
-2.237216
-2.172370
-2.096691
-2.008891
-1.907775
-1.792366
-1.662067
-1.516856
-1.357470
-1.185558
-1.003732
-0.815451
-0.626517
-0.446896
-0.282167
-0.130417
0.010544
0.142388
0.265392
0.377687
0.474832
0.549705
0.592514
0.592410
0.549297
0.473867
0.375947
0.263009
0.140199
0.010296
-0.126156
-0.270392
-0.424688
-0.591519
-0.769184
-0.949658
-1.126906
-1.297319
-1.457788
-1.606016
-1.740612
-1.861020
-1.967380
-2.060340
-2.140881
-2.210168
-2.269434
-2.292516
-2.436825
-2.378366
-2.309777
-2.229678
-2.136680
-2.029478
-1.906995
-1.768544
-1.614044
-1.444228
-1.260822
-1.066625
-0.865417
-0.663582
-0.472035
-0.297059
-0.136804
0.011020
0.148346
0.275784
0.391761
0.491972
0.569208
0.613377
0.613227
0.568638
0.490679
0.389517
0.272809
0.145689
0.010726
-0.131860
-0.283636
-0.447101
-0.624793
-0.814688
-1.007849
-1.197517
-1.379678
-1.550958
-1.708917
-1.852120
-1.980040
-2.092886
-2.191401
-2.276672
-2.349966
-2.412617
-2.436825
-2.581378
-2.519789
-2.447491
-2.363008
-2.264846
-2.151596
-2.022071
-1.875493
-1.711719
-1.531472
-1.336547
-1.129927
-0.915714
-0.700873
-0.497289
-0.311974
-0.143170
0.011492
0.154182
0.285852
0.405255
0.508270
0.587655
0.633055
0.632844
0.586880
0.506581
0.402421
0.282206
0.151007
0.011148
-0.137501
-0.296833
-0.469549
-0.658221
-0.860471
-1.066423
-1.268587
-1.462542
-1.644649
-1.812334
-1.964124
-2.099524
-2.218819
-2.322850
-2.412811
-2.490076
-2.556077
-2.581378
-2.726183
-2.661493
-2.585517
-2.496684
-2.393395
-2.274130
-2.137595
-1.982917
-1.809884
-1.619204
-1.412739
-1.193649
-0.966356
-0.738410
-0.522682
-0.326933
-0.149526
0.011959
0.159917
0.295639
0.418231
0.523802
0.605124
0.651626
0.651338
0.604097
0.521640
0.414718
0.291242
0.156177
0.011563
-0.143096
-0.310011
-0.492064
-0.691831
-0.906557
-1.125400
-1.340129
-1.545916
-1.738864
-1.916268
-2.076623
-2.219473
-2.345181
-2.454691
-2.549304
-2.630504
-2.699821
-2.726183
-2.871243
-2.803480
-2.723858
-2.630706
-2.522324
-2.397079
-2.253565
-2.090812
-1.908536
-1.707424
-1.489401
-1.257798
-1.017355
-0.776210
-0.548231
-0.341955
-0.155885
0.012424
0.165571
0.305186
0.430747
0.538637
0.621692
0.669169
0.668784
0.620360
0.535922
0.426464
0.299958
0.161221
0.011972
-0.148660
-0.323195
-0.514674
-0.725649
-0.952964
-1.184792
-1.412150
-1.629805
-1.833604
-2.020719
-2.189618
-2.339886
-2.471971
-2.586922
-2.686152
-2.771252
-2.843853
-2.871243
-3.016559
-2.945751
-2.862511
-2.765074
-2.651631
-2.520439
-2.369979
-2.199176
-2.007673
-1.796133
-1.566534
-1.322379
-1.068718
-0.814285
-0.573953
-0.357054
-0.162256
0.012888
0.171161
0.314530
0.442859
0.552842
0.637431
0.685754
0.685253
0.635736
0.549490
0.437711
0.308393
0.166157
0.012376
-0.154205
-0.336406
-0.537400
-0.759694
-0.999709
-1.244609
-1.484655
-1.714209
-1.928869
-2.125684
-2.303103
-2.460758
-2.599185
-2.719541
-2.823351
-2.912317
-2.988173
-3.016559
-3.162130
-3.088301
-3.001473
-2.899782
-2.781312
-2.644205
-2.486829
-2.308003
-2.107292
-1.885328
-1.644139
-1.387393
-1.120453
-0.852645
-0.599860
-0.372244
-0.168650
0.013351
0.176705
0.323705
0.454617
0.566481
0.652409
0.701453
0.700813
0.650289
0.562402
0.448509
0.316581
0.171004
0.012777
-0.159743
-0.349661
-0.560262
-0.793985
-1.046804
-1.304858
-1.557648
-1.799130
-2.024655
-2.231158
-2.417073
-2.582084
-2.726819
-2.852543
-2.960898
-3.053697
-3.132776
-3.162130
-3.307950
-3.231127
-3.140738
-3.034824
-2.911359
-2.768371
-2.604109
-2.417288
-2.207386
-1.975003
-1.722213
-1.452843
-1.172564
-0.891297
-0.625963
-0.387536
-0.175072
0.013814
0.182215
0.332742
0.466069
0.579612
0.666694
0.716332
0.715527
0.664083
0.574715
0.458906
0.324555
0.175778
0.013175
-0.165284
-0.362976
-0.583277
-0.828535
-1.094258
-1.365546
-1.631130
-1.884564
-2.120957
-2.337135
-2.531522
-2.703857
-2.854863
-2.985920
-3.098786
-3.195386
-3.277659
-3.307950
-3.454015
-3.374223
-3.280301
-3.170192
-3.041764
-2.892927
-2.721812
-2.527021
-2.307948
-2.065154
-1.800754
-1.518728
-1.225054
-0.930248
-0.652269
-0.402938
-0.181530
0.014278
0.187705
0.341668
0.477258
0.592293
0.680347
0.730456
0.729461
0.677177
0.586485
0.468945
0.332347
0.180493
0.013572
-0.170837
-0.376365
-0.606459
-0.863355
-1.142078
-1.426674
-1.705099
-1.970508
-2.217771
-2.443609
-2.646440
-2.826067
-2.983311
-3.119665
-3.237008
-3.337377
-3.422816
-3.454015
-3.600318
-3.517581
-3.420153
-3.305880
-3.172520
-3.017865
-2.839927
-2.637195
-2.408971
-2.155775
-1.879756
-1.585045
-1.277923
-0.969502
-0.678787
-0.418458
-0.188028
0.014744
0.193186
0.350509
0.488224
0.604574
0.693427
0.743886
0.742673
0.689627
0.597761
0.478669
0.339983
0.185164
0.013969
-0.176409
-0.389838
-0.629818
-0.898454
-1.190271
-1.488245
-1.779555
-2.056958
-2.315089
-2.550570
-2.761821
-2.948707
-3.112153
-3.253770
-3.375555
-3.479662
-3.568238
-3.600318
-3.746851
-3.661192
-3.560285
-3.441877
-3.303616
-3.143176
-2.958447
-2.747800
-2.510447
-2.246859
-1.959216
-1.651794
-1.331173
-1.009063
-0.705521
-0.434102
-0.194573
0.015211
0.198668
0.359289
0.499005
0.616506
0.705993
0.756681
0.755221
0.701489
0.608593
0.488116
0.347491
0.189802
0.014365
-0.182007
-0.403407
-0.653364
-0.933839
-1.238840
-1.550259
-1.854495
-2.143908
-2.412904
-2.658011
-2.877653
-3.071767
-3.241379
-3.388224
-3.514419
-3.622233
-3.713917
-3.746851
-3.893606
-3.805049
-3.700689
-3.578174
-3.435043
-3.268850
-3.077360
-2.858828
-2.612368
-2.338399
-2.039127
-1.718971
-1.384803
-1.048932
-0.732475
-0.449877
-0.201167
0.015682
0.204160
0.368027
0.509634
0.628134
0.718096
0.768898
0.767161
0.712815
0.619026
0.497323
0.354893
0.194418
0.014762
-0.187636
-0.417078
-0.677106
-0.969517
-1.287788
-1.612715
-1.929915
-2.231353
-2.511209
-2.765922
-2.993928
-3.195235
-3.370979
-3.523017
-3.653589
-3.765080
-3.859846
-3.893606
-4.040574
-3.949142
-3.841355
-3.714762
-3.566791
-3.394876
-3.196657
-2.970268
-2.714723
-2.430387
-2.119484
-1.786571
-1.438811
-1.089111
-0.759655
-0.465786
-0.207814
0.016156
0.209670
0.376743
0.520143
0.639502
0.729789
0.780590
0.778546
0.723654
0.629106
0.506323
0.362211
0.199022
0.015160
-0.193303
-0.430860
-0.701051
-1.005492
-1.337116
-1.675612
-2.005811
-2.319285
-2.609994
-2.874294
-3.110634
-3.319101
-3.500943
-3.658139
-3.793055
-3.908193
-4.006014
-4.040574
-4.187745
-4.093461
-3.982272
-3.851630
-3.698850
-3.521244
-3.316327
-3.082110
-2.817504
-2.522814
-2.200281
-1.854590
-1.493196
-1.129600
-0.787061
-0.481833
-0.214518
0.016633
0.215204
0.385454
0.530561
0.650648
0.741117
0.791809
0.789428
0.734055
0.638871
0.515148
0.369465
0.203624
0.015561
-0.199010
-0.444758
-0.725203
-1.041768
-1.386826
-1.738948
-2.082178
-2.407698
-2.709252
-2.983117
-3.227762
-3.443356
-3.631259
-3.793579
-3.932807
-4.051562
-4.152411
-4.187745
-4.335111
-4.237997
-4.123432
-3.988767
-3.831207
-3.647944
-3.436360
-3.194345
-2.920702
-2.615673
-2.281509
-1.923025
-1.547956
-1.170399
-0.814696
-0.498020
-0.221280
0.017113
0.220769
0.394174
0.540914
0.661610
0.752128
0.802604
0.799854
0.744062
0.648363
0.523827
0.376674
0.208230
0.015963
-0.204762
-0.458778
-0.749567
-1.078346
-1.436916
-1.802719
-2.159010
-2.496584
-2.808973
-3.092380
-3.345300
-3.567986
-3.761917
-3.929327
-4.072835
-4.195178
-4.299029
-4.335111
-4.482662
-4.382740
-4.264823
-4.126163
-3.963854
-3.774963
-3.556745
-3.306961
-3.024306
-2.708954
-2.363163
-1.991869
-1.603086
-1.211508
-0.842561
-0.514351
-0.228103
0.017598
0.226371
0.402917
0.551224
0.672422
0.762862
0.813021
0.809871
0.753720
0.657616
0.532387
0.383855
0.212849
0.016368
-0.210563
-0.472924
-0.774146
-1.115229
-1.487386
-1.866923
-2.236302
-2.585936
-2.909148
-3.202075
-3.463238
-3.692982
-3.892905
-4.065370
-4.213127
-4.339029
-4.445856
-4.482662
-4.630388
-4.527680
-4.406435
-4.263808
-4.096779
-3.902292
-3.677472
-3.419949
-3.128308
-2.802649
-2.445236
-2.061116
-1.658584
-1.252926
-0.870657
-0.530828
-0.234988
0.018087
0.232013
0.411695
0.561515
0.683116
0.773360
0.823105
0.819525
0.763068
0.666666
0.540854
0.391021
0.217486
0.016776
-0.216415
-0.487200
-0.798945
-1.152417
-1.538234
-1.931555
-2.314048
-2.675745
-3.009767
-3.312189
-3.581565
-3.818333
-4.024212
-4.201700
-4.353673
-4.483105
-4.592884
-4.630388
-4.778280
-4.672807
-4.548259
-4.401691
-4.229972
-4.029920
-3.798528
-3.533297
-3.232696
-2.896750
-2.527719
-2.130763
-1.714446
-1.294650
-0.898984
-0.547451
-0.241937
0.018581
0.237701
0.420520
0.571806
0.693720
0.783660
0.832898
0.828858
0.772147
0.675545
0.549250
0.398187
0.222148
0.017187
-0.222320
-0.501608
-0.823964
-1.189911
-1.589459
-1.996611
-2.392241
-2.766003
-3.110822
-3.422713
-3.700270
-3.944026
-4.155827
-4.338303
-4.494462
-4.627397
-4.740100
-4.778280
-4.926327
-4.818111
-4.690284
-4.539802
-4.363421
-4.157836
-3.919905
-3.646996
-3.337461
-2.991247
-2.610605
-2.200802
-1.770668
-1.336679
-0.927543
-0.564222
-0.248952
0.019079
0.243438
0.429401
0.582115
0.704263
0.793796
0.842439
0.837910
0.780992
0.684282
0.557598
0.405366
0.226840
0.017602
-0.228281
-0.516152
-0.849206
-1.227712
-1.641059
-2.062086
-2.470874
-2.856703
-3.212303
-3.533637
-3.819343
-4.070052
-4.287740
-4.475171
-4.635484
-4.771893
-4.887497
-4.926327
-5.074522
-4.963582
-4.832499
-4.678130
-4.497117
-4.286029
-4.041590
-3.761035
-3.442594
-3.086132
-2.693886
-2.271227
-1.827247
-1.379010
-0.956332
-0.581141
-0.256033
0.019582
0.249228
0.438346
0.592458
0.714769
0.803801
0.851768
0.846720
0.789640
0.692907
0.565916
0.412568
0.231565
0.018021
-0.234300
-0.530833
-0.874671
-1.265817
-1.693030
-2.127977
-2.549942
-2.947835
-3.314199
-3.644950
-3.938771
-4.196399
-4.419938
-4.612291
-4.776727
-4.916583
-5.035063
-5.074522
-5.222853
-5.109211
-4.974896
-4.816665
-4.631049
-4.414489
-4.163575
-3.875404
-3.548085
-3.181395
-2.777555
-2.342033
-1.884178
-1.421643
-0.985351
-0.598210
-0.263182
0.020090
0.255073
0.447364
0.602850
0.725262
0.813705
0.860918
0.855323
0.798123
0.701445
0.574223
0.419805
0.236329
0.018443
-0.240378
-0.545653
-0.900361
-1.304227
-1.745371
-2.194277
-2.629437
-3.039392
-3.416502
-3.756641
-4.058545
-4.323056
-4.552411
-4.749653
-4.918182
-5.061457
-5.182790
-5.222853
-5.371312
-5.254988
-5.117464
-4.955398
-4.765206
-4.543205
-4.285848
-3.990093
-3.653924
-3.277028
-2.861605
-2.413213
-1.941456
-1.464573
-1.014599
-0.615428
-0.270398
0.020603
0.260976
0.456461
0.613304
0.735761
0.823539
0.869924
0.863756
0.806473
0.709922
0.582536
0.427085
0.241135
0.018870
-0.246516
-0.560614
-0.926276
-1.342941
-1.798076
-2.260982
-2.709352
-3.131364
-3.519202
-3.868701
-4.178653
-4.450012
-4.685149
-4.887246
-5.059839
-5.206506
-5.330666
-5.371312
-5.519890
-5.400904
-5.260193
-5.094318
-4.899580
-4.672168
-4.408399
-4.105092
-3.760101
-3.373021
-2.946026
-2.484761
-1.999076
-1.507798
-1.044076
-0.632796
-0.277682
0.021121
0.266938
0.465645
0.623834
0.746288
0.833327
0.878819
0.872051
0.814718
0.718360
0.590871
0.434417
0.245986
0.019301
-0.252716
-0.575717
-0.952416
-1.381956
-1.851145
-2.328086
-2.789679
-3.223744
-3.622290
-3.981119
-4.299086
-4.577257
-4.818141
-5.025060
-5.201686
-5.351718
-5.478683
-5.519890
-5.668577
-5.546949
-5.403074
-5.233415
-5.034158
-4.801366
-4.531218
-4.220390
-3.866608
-3.469367
-3.030813
-2.556670
-2.057036
-1.551316
-1.073779
-0.650313
-0.285035
0.021645
0.272963
0.474920
0.634449
0.756860
0.843096
0.887630
0.880239
0.822887
0.726781
0.599241
0.441810
0.250886
0.019737
-0.258979
-0.590963
-0.978781
-1.421272
-1.904572
-2.395584
-2.870413
-3.316523
-3.725756
-4.093886
-4.419833
-4.704781
-4.951376
-5.163086
-5.343715
-5.497086
-5.626831
-5.668577
-5.817365
-5.693114
-5.546098
-5.372679
-5.168933
-4.930791
-4.654295
-4.335978
-3.973433
-3.566056
-3.115956
-2.628935
-2.115328
-1.595122
-1.103707
-0.667979
-0.292458
0.022173
0.279052
0.484291
0.645161
0.767494
0.852868
0.896388
0.888349
0.831006
0.735204
0.607660
0.449269
0.255836
0.020177
-0.265306
-0.606352
-1.005370
-1.460886
-1.958354
-2.463471
-2.951546
-3.409693
-3.829590
-4.206991
-4.540884
-4.832572
-5.084845
-5.301312
-5.485915
-5.642598
-5.775102
-5.817365
-5.966245
-5.839391
-5.689256
-5.512103
-5.303893
-5.060433
-4.777620
-4.451847
-4.080569
-3.663079
-3.201449
-2.701549
-2.173950
-1.639216
-1.133860
-0.685794
-0.299950
0.022707
0.285206
0.493763
0.655978
0.778204
0.862665
0.905118
0.896409
0.839099
0.743650
0.616140
0.456801
0.260840
0.020622
-0.271696
-0.621884
-1.032183
-1.500797
-2.012488
-2.531740
-3.033071
-3.503245
-3.933784
-4.320425
-4.662228
-4.960622
-5.218537
-5.439729
-5.628277
-5.788246
-5.923485
-5.966245
-6.115209
-5.985770
-5.832538
-5.651675
-5.439031
-5.190281
-4.901184
-4.567987
-4.188007
-3.760429
-3.287283
-2.774505
-2.232895
-1.683592
-1.164235
-0.703757
-0.307511
0.023247
0.291427
0.503340
0.666908
0.789006
0.872507
0.913845
0.904444
0.847189
0.752134
0.624692
0.464413
0.265900
0.021072
-0.278152
-0.637561
-1.059220
-1.541001
-2.066969
-2.600387
-3.114981
-3.597171
-4.038328
-4.434177
-4.783856
-5.088919
-5.352442
-5.578328
-5.770791
-5.934021
-6.071972
-6.115209
-6.264248
-6.132244
-5.975935
-5.791388
-5.574336
-5.320327
-5.024978
-4.684388
-4.295736
-3.858097
-3.373452
-2.847798
-2.292160
-1.728248
-1.194830
-0.721869
-0.315141
0.023792
0.297715
0.513026
0.677960
0.799911
0.882413
0.922592
0.912480
0.855299
0.760674
0.633327
0.472109
0.271017
0.021527
-0.284673
-0.653381
-1.086479
-1.581498
-2.121794
-2.669406
-3.197268
-3.691462
-4.143213
-4.548239
-4.905758
-5.217454
-5.486551
-5.717098
-5.913449
-6.079914
-6.220555
-6.264248
-6.413354
-6.278803
-6.119440
-5.931232
-5.709800
-5.450561
-5.148992
-4.801042
-4.403749
-3.956074
-3.459947
-2.921422
-2.351739
-1.773180
-1.225645
-0.740127
-0.322842
0.024342
0.304072
0.522824
0.689140
0.810932
0.892401
0.931381
0.920540
0.863447
0.769283
0.642053
0.479894
0.276192
0.021986
-0.291259
-0.669346
-1.113960
-1.622284
-2.176958
-2.738791
-3.279926
-3.786112
-4.248431
-4.662600
-5.027925
-5.346218
-5.620854
-5.856031
-6.056240
-6.225916
-6.369225
-6.413354
-6.562520
-6.425441
-6.263044
-6.071200
-5.845414
-5.580975
-5.273216
-4.917939
-4.512036
-4.054353
-3.546762
-2.995368
-2.411628
-1.818386
-1.256676
-0.758532
-0.330611
0.024898
0.310499
0.532737
0.700454
0.822080
0.902485
0.940233
0.928644
0.871653
0.777977
0.650879
0.487773
0.281429
0.022451
-0.297912
-0.685455
-1.141661
-1.663358
-2.232458
-2.808536
-3.362947
-3.881110
-4.353972
-4.777253
-5.150346
-5.475201
-5.755342
-5.995118
-6.199158
-6.372018
-6.517974
-6.562520
-6.711737
-6.572148
-6.406739
-6.211282
-5.981169
-5.711560
-5.397643
-5.035070
-4.620589
-4.152924
-3.633889
-3.069633
-2.471822
-1.863862
-1.287922
-0.777083
-0.338450
0.025460
0.316997
0.542767
0.711908
0.833365
0.912682
0.949165
0.936813
0.879934
0.786767
0.659813
0.495750
0.286728
0.022921
-0.304631
-0.701708
-1.169581
-1.704716
-2.288290
-2.878636
-3.446325
-3.976451
-4.459829
-4.892187
-5.273013
-5.604394
-5.890007
-6.134350
-6.342192
-6.518213
-6.666794
-6.711737
-6.860999
-6.718917
-6.550516
-6.351470
-6.117057
-5.842306
-5.522264
-5.152428
-4.729400
-4.251781
-3.721321
-3.144210
-2.532315
-1.909605
-1.319381
-0.795778
-0.346359
0.026027
0.323566
0.552917
0.723508
0.844796
0.923006
0.958197
0.945065
0.888307
0.795666
0.668864
0.503827
0.292089
0.023396
-0.311416
-0.718104
-1.197719
-1.746356
-2.344449
-2.949086
-3.530053
-4.072125
-4.565991
-5.007393
-5.395917
-5.733788
-6.024838
-6.273718
-6.485335
-6.664493
-6.815677
-6.860999
-7.010298
-6.865742
-6.694369
-6.491757
-6.253070
-5.973207
-5.647069
-5.270004
-4.838460
-4.350916
-3.809050
-3.219091
-2.593104
-1.955611
-1.351052
-0.814617
-0.354336
0.026600
0.330206
0.563188
0.735258
0.856381
0.933468
0.967345
0.953419
0.896787
0.804685
0.678036
0.512010
0.297516
0.023876
-0.318268
-0.734643
-1.226074
-1.788275
-2.400931
-3.019879
-3.614124
-4.168124
-4.672452
-5.122864
-5.519049
-5.863374
-6.159829
-6.413214
-6.628579
-6.810848
-6.964616
-7.010298
-7.159627
-7.012613
-6.838289
-6.632135
-6.389199
-6.104253
-5.772052
-5.387789
-4.947762
-4.450320
-3.897071
-3.294273
-2.654183
-2.001877
-1.382931
-0.833600
-0.362382
0.027178
0.336919
0.573583
0.747162
0.868128
0.944081
0.976624
0.961892
0.905389
0.813834
0.687337
0.520299
0.303007
0.024361
-0.325187
-0.751326
-1.254645
-1.830472
-2.457733
-3.091011
-3.698531
-4.264442
-4.779202
-5.238590
-5.642400
-5.993144
-6.294969
-6.552830
-6.771915
-6.957273
-7.113603
-7.159627
-7.308980
-7.159526
-6.982270
-6.772595
-6.525438
-6.235437
-5.897203
-5.505775
-5.057296
-4.549986
-3.985375
-3.369748
-2.715548
-2.048400
-1.415018
-0.852724
-0.370497
0.027762
0.343704
0.584104
0.759225
0.880045
0.954857
0.986047
0.970497
0.914126
0.823123
0.696772
0.528699
0.308565
0.024852
-0.332172
-0.768150
-1.283429
-1.872943
-2.514849
-3.162475
-3.783268
-4.361071
-4.886233
-5.354563
-5.765962
-6.123089
-6.430252
-6.692558
-6.915336
-7.103759
-7.262631
-7.308980
-7.458349
-7.306472
-7.126305
-6.913132
-6.661778
-6.366751
-6.022516
-5.623954
-5.167057
-4.649907
-4.073957
-3.445510
-2.777194
-2.095176
-1.447310
-0.871990
-0.378680
0.028351
0.350563
0.594752
0.771450
0.892139
0.965805
0.995630
0.979250
0.923009
0.832561
0.706347
0.537212
0.314190
0.025348
-0.339224
-0.785117
-1.312426
-1.915685
-2.572277
-3.234267
-3.868328
-4.458003
-4.993539
-5.470775
-5.889726
-6.253201
-6.565668
-6.832390
-7.058835
-7.250300
-7.411693
-7.458349
-7.607728
-7.453445
-7.270385
-7.053738
-6.798213
-6.498187
-6.147981
-5.742319
-5.277035
-4.750075
-4.162809
-3.521555
-2.839117
-2.142203
-1.479805
-0.891396
-0.386932
0.028946
0.357495
0.605528
0.783840
0.904415
0.976935
1.005384
0.988164
0.932052
0.842155
0.716067
0.545841
0.319883
0.025849
-0.346343
-0.802224
-1.341634
-1.958696
-2.630012
-3.306381
-3.953704
-4.555231
-5.101110
-5.587218
-6.013684
-6.383473
-6.701211
-6.972319
-7.202404
-7.396887
-7.560783
-7.607728
-7.757111
-7.600438
-7.414506
-7.194405
-6.934734
-6.629739
-6.273593
-5.860862
-5.387223
-4.850484
-4.251924
-3.597875
-2.901311
-2.189476
-1.512502
-0.910941
-0.395251
0.029547
0.364500
0.616434
0.796399
0.916879
0.988255
1.015320
0.997251
0.941263
0.851913
0.725935
0.554586
0.325644
0.026356
-0.353528
-0.819473
-1.371051
-2.001973
-2.688050
-3.378811
-4.039391
-4.652748
-5.208939
-5.703883
-6.137829
-6.513895
-6.836873
-7.112336
-7.346036
-7.543515
-7.709893
-7.757111
-7.906492
-7.747446
-7.558660
-7.335128
-7.071336
-6.761398
-6.399342
-5.979576
-5.497615
-4.951126
-4.341298
-3.674466
-2.963773
-2.236992
-1.545397
-0.930625
-0.403638
0.030153
0.371580
0.627471
0.809129
0.929536
0.999774
1.025450
1.006522
0.950654
0.861844
0.735956
0.563451
0.331474
0.026868
-0.360781
-0.836862
-1.400676
-2.045514
-2.746387
-3.451553
-4.125381
-4.750546
-5.317018
-5.820764
-6.262153
-6.644462
-6.972646
-7.252436
-7.489725
-7.690177
-7.859018
-7.906492
-8.055865
-7.894462
-7.702840
-7.475900
-7.208010
-6.893159
-6.525223
-6.098453
-5.608203
-5.051995
-4.430922
-3.751323
-3.026497
-2.284749
-1.578489
-0.950446
-0.412093
0.030764
0.378733
0.638639
0.822033
0.942391
1.011500
1.035783
1.015989
0.960233
0.871952
0.746135
0.572436
0.337374
0.027385
-0.368099
-0.854390
-1.430509
-2.089316
-2.805019
-3.524601
-4.211669
-4.848619
-5.425341
-5.937852
-6.386648
-6.775164
-7.108523
-7.392611
-7.633463
-7.836867
-8.008151
-8.055865
-8.205224
-8.041480
-7.847042
-7.616713
-7.344752
-7.025013
-6.651229
-6.217487
-5.718979
-5.153083
-4.520791
-3.828438
-3.089480
-2.332743
-1.611777
-0.970403
-0.420614
0.031382
0.385961
0.649940
0.835113
0.955450
1.023439
1.046328
1.025662
0.970009
0.882244
0.756474
0.581545
0.343344
0.027908
-0.375485
-0.872057
-1.460546
-2.133376
-2.863942
-3.597949
-4.298248
-4.946959
-5.533899
-6.055140
-6.511307
-6.905996
-7.244497
-7.532855
-7.777245
-7.983577
-8.157287
-8.205224
-8.354564
-8.188495
-7.991259
-7.757563
-7.481554
-7.156955
-6.777351
-6.336670
-5.829938
-5.254384
-4.610898
-3.905808
-3.152717
-2.380971
-1.645257
-0.990495
-0.429202
0.032004
0.393263
0.661375
0.848371
0.968715
1.035599
1.057094
1.035549
0.979991
0.892725
0.766976
0.590778
0.349385
0.028436
-0.382936
-0.889863
-1.490786
-2.177691
-2.923151
-3.671594
-4.385112
-5.045561
-5.642687
-6.172621
-6.636122
-7.036950
-7.380561
-7.673160
-7.921063
-8.130303
-8.306419
-8.354564
-8.503880
-8.335501
-8.135484
-7.898443
-7.618410
-7.288978
-6.903585
-6.455996
-5.941073
-5.355892
-4.701238
-3.983426
-3.216203
-2.429430
-1.678929
-1.010721
-0.437856
0.032633
0.400640
0.672944
0.861810
0.982191
1.047984
1.068090
1.045660
0.990184
0.903402
0.777646
0.600136
0.355496
0.028969
-0.390454
-0.907806
-1.521229
-2.222259
-2.982645
-3.745529
-4.472255
-5.144417
-5.751696
-6.290288
-6.761087
-7.168019
-7.516709
-7.813521
-8.064912
-8.277039
-8.455542
-8.503880
-8.653166
-8.482492
-8.279714
-8.039347
-7.755314
-7.421077
-7.029923
-6.575458
-6.052376
-5.457599
-4.791805
-4.061288
-3.279935
-2.478116
-1.712789
-1.031081
-0.446577
0.033267
0.408092
0.684648
0.875431
0.995881
1.060601
1.079322
1.056001
1.000597
0.914278
0.788485
0.609621
0.361679
0.029508
-0.398038
-0.925886
-1.551872
-2.267077
-3.042417
-3.819750
-4.559672
-5.243522
-5.860920
-6.408134
-6.886195
-7.299197
-7.652934
-7.953932
-8.208786
-8.423778
-8.604650
-8.653166
-8.802417
-8.629465
-8.423942
-8.180271
-7.892260
-7.553244
-7.156360
-6.695050
-6.163842
-5.559501
-4.882592
-4.139389
-3.343908
-2.527026
-1.746837
-1.051573
-0.455363
0.033906
0.415618
0.696488
0.889236
1.009789
1.073455
1.090797
1.066581
1.011235
0.925359
0.799497
0.619235
0.367934
0.030052
-0.405687
-0.944102
-1.582714
-2.312143
-3.102465
-3.894251
-4.647357
-5.342867
-5.970352
-6.526151
-7.011439
-7.430476
-7.789231
-8.094385
-8.352680
-8.570515
-8.753739
-8.802417
-8.951629
-8.776412
-8.568162
-8.321207
-8.029243
-7.685473
-7.282888
-6.814766
-6.275464
-5.661591
-4.973594
-4.217722
-3.408118
-2.576158
-1.781070
-1.072196
-0.464214
0.034551
0.423218
0.708464
0.903227
1.023918
1.086550
1.102521
1.077406
1.022104
0.936648
0.810683
0.628978
0.374260
0.030601
-0.413403
-0.962453
-1.613754
-2.357455
-3.162785
-3.969029
-4.735303
-5.442449
-6.079987
-6.644335
-7.136812
-7.561851
-7.925592
-8.234876
-8.496586
-8.717245
-8.902803
-8.951629
-9.100797
-8.923331
-8.712371
-8.462151
-8.166257
-7.817760
-7.409503
-6.934599
-6.387236
-5.763862
-5.064806
-4.296284
-3.472561
-2.625508
-1.815485
-1.092949
-0.473131
0.035201
0.430894
0.720576
0.917405
1.038271
1.099892
1.114501
1.088483
1.033210
0.948149
0.822047
0.638851
0.380659
0.031156
-0.421184
-0.980940
-1.644989
-2.403008
-3.223373
-4.044078
-4.823505
-5.542259
-6.189816
-6.762677
-7.262308
-7.693316
-8.062012
-8.375399
-8.640502
-8.863963
-9.051837
-9.100797
-9.249916
-9.070215
-8.856563
-8.603099
-8.303297
-7.950099
-7.536198
-7.054544
-6.499153
-5.866310
-5.156222
-4.375069
-3.537233
-2.675073
-1.850083
-1.113831
-0.482112
0.035857
0.438644
0.732827
0.931771
1.052850
1.113484
1.126742
1.099817
1.044559
0.959866
0.833590
0.648855
0.387130
0.031717
-0.429031
-0.999561
-1.676419
-2.448801
-3.284225
-4.119393
-4.911959
-5.642292
-6.299835
-6.881172
-7.387922
-7.824864
-8.198485
-8.515949
-8.784420
-9.010664
-9.200837
-9.249916
-9.398982
-9.217061
-9.000733
-8.744044
-8.440357
-8.082484
-7.662968
-7.174595
-6.611208
-5.968928
-5.247836
-4.454073
-3.602129
-2.724851
-1.884859
-1.134842
-0.491158
0.036518
0.446469
0.745214
0.946328
1.067657
1.127331
1.139250
1.111414
1.056153
0.971802
0.845314
0.658992
0.393675
0.032283
-0.436943
-1.018315
-1.708041
-2.494832
-3.345338
-4.194970
-5.000658
-5.742543
-6.410036
-6.999813
-7.513646
-7.956490
-8.335006
-8.656519
-8.928335
-9.157342
-9.349797
-9.398982
-9.547991
-9.363864
-9.144877
-8.884983
-8.577433
-8.214909
-7.789808
-7.294747
-6.723395
-6.071711
-5.339644
-4.533291
-3.667246
-2.774838
-1.919813
-1.155979
-0.500267
0.037185
0.454369
0.757740
0.961075
1.082696
1.141436
1.152027
1.123279
1.067999
0.983961
0.857221
0.669261
0.400292
0.032854
-0.444920
-1.037202
-1.739855
-2.541098
-3.406708
-4.270804
-5.089596
-5.843005
-6.520414
-7.118596
-7.639475
-8.088187
-8.471569
-8.797105
-9.072244
-9.303994
-9.498714
-9.547991
-9.696939
-9.510620
-9.288990
-9.025909
-8.714519
-8.347371
-7.916711
-7.414993
-6.835710
-6.174653
-5.431639
-4.612717
-3.732580
-2.825032
-1.954942
-1.177243
-0.509441
0.037857
0.462344
0.770405
0.976015
1.097969
1.155802
1.165080
1.135417
1.080100
0.996345
0.869313
0.679665
0.406982
0.033431
-0.452962
-1.056222
-1.771859
-2.587596
-3.468331
-4.346891
-5.178770
-5.943673
-6.630964
-7.237512
-7.765404
-8.219951
-8.608169
-8.937702
-9.216141
-9.450615
-9.647584
-9.696939
-9.845822
-9.657324
-9.433068
-9.166820
-8.851611
-8.479863
-8.043673
-7.535328
-6.948147
-6.277748
-5.523818
-4.692348
-3.798127
-2.875429
-1.990246
-1.198632
-0.518678
0.038535
0.470394
0.783208
0.991148
1.113477
1.170432
1.178412
1.147832
1.092459
1.008957
0.881591
0.690203
0.413745
0.034013
-0.461069
-1.075372
-1.804052
-2.634323
-3.530205
-4.423226
-5.268173
-6.044541
-6.741679
-7.356558
-7.891426
-8.351777
-8.744801
-9.078305
-9.360022
-9.597200
-9.796401
-9.845822
-9.994635
-9.803974
-9.577107
-9.307711
-8.988704
-8.612381
-8.170689
-7.655748
-7.060700
-6.380993
-5.616174
-4.772179
-3.863884
-2.926027
-2.025720
-1.220145
-0.527978
0.039218
0.478518
0.796150
1.006475
1.129222
1.185330
1.192027
1.160527
1.105081
1.021800
0.894057
0.700876
0.420583
0.034600
-0.469240
-1.094654
-1.836431
-2.681279
-3.592324
-4.499805
-5.357800
-6.145604
-6.852553
-7.475727
-8.017536
-8.483658
-8.881459
-9.218910
-9.503882
-9.743745
-9.945162
-9.994635
-10.143377
-9.950564
-9.721103
-9.448576
-9.125794
-8.744920
-8.297753
-7.776247
-7.173364
-6.484381
-5.708704
-4.852206
-3.929846
-2.976823
-2.061365
-1.241782
-0.537340
0.039906
0.486717
0.809232
1.021997
1.145207
1.200498
1.205929
1.173507
1.117969
1.034875
0.906713
0.711685
0.427493
0.035193
-0.477476
-1.114065
-1.868996
-2.728459
-3.654687
-4.576623
-5.447647
-6.246856
-6.963582
-7.595014
-8.143730
-8.615589
-9.018139
-9.359511
-9.647717
-9.890247
-10.093863
-10.143377
-10.292042
-10.097091
-9.865052
-9.589414
-9.262877
-8.877477
-8.424862
-7.896820
-7.286135
-6.587908
-5.801402
-4.932423
-3.996010
-3.027814
-2.097179
-1.263540
-0.546765
0.040600
0.494990
0.822454
1.037715
1.161432
1.215939
1.220120
1.186776
1.131125
1.048186
0.919559
0.722631
0.434478
0.035791
-0.485776
-1.133606
-1.901745
-2.775862
-3.717290
-4.653677
-5.537709
-6.348292
-7.074759
-7.714413
-8.270001
-8.747567
-9.154837
-9.500104
-9.791522
-10.036700
-10.242501
-10.292042
-10.440627
-10.243552
-10.008950
-9.730218
-9.399948
-9.010045
-8.552011
-8.017462
-7.399007
-6.691568
-5.894263
-5.012828
-4.062373
-3.078998
-2.133158
-1.285421
-0.556252
0.041299
0.503338
0.835815
1.053630
1.177900
1.231656
1.234604
1.200336
1.144552
1.061734
0.932598
0.733713
0.441536
0.036395
-0.494139
-1.153276
-1.934677
-2.823485
-3.780129
-4.730961
-5.627980
-6.449907
-7.186080
-7.833920
-8.396345
-8.879585
-9.291547
-9.640685
-9.935294
-10.183102
-10.391071
-10.440627
-10.589130
-10.389944
-10.152794
-9.870986
-9.537003
-9.142622
-8.679194
-8.138170
-7.511976
-6.795357
-5.987283
-5.093415
-4.128930
-3.130371
-2.169303
-1.307421
-0.565801
0.042003
0.511761
0.849316
1.069743
1.194612
1.247650
1.249383
1.214190
1.158254
1.075522
0.945830
0.744934
0.448669
0.037004
-0.502567
-1.173073
-1.967789
-2.871326
-3.843201
-4.808473
-5.718457
-6.551696
-7.297539
-7.953528
-8.522756
-9.011640
-9.428266
-9.781250
-10.079029
-10.329448
-10.539571
-10.589130
-10.737547
-10.536262
-10.296579
-10.011713
-9.674038
-9.275202
-8.806408
-8.258937
-7.625036
-6.899270
-6.080457
-5.174181
-4.195678
-3.181932
-2.205610
-1.329541
-0.575411
0.042713
0.520258
0.862958
1.086054
1.211570
1.263923
1.264461
1.228341
1.172232
1.089550
0.959256
0.756292
0.455875
0.037618
-0.511059
-1.192998
-2.001082
-2.919383
-3.906502
-4.886206
-5.809134
-6.653654
-7.409131
-8.073234
-8.649231
-9.143727
-9.564989
-9.921795
-10.222722
-10.475736
-10.687997
-10.737547
-10.885874
-10.682504
-10.440303
-10.152397
-9.811050
-9.407782
-8.933648
-8.379760
-7.738184
-7.003303
-6.173781
-5.255121
-4.262615
-3.233677
-2.242078
-1.351780
-0.585083
0.043428
0.528829
0.876741
1.102564
1.228774
1.280478
1.279840
1.242793
1.186489
1.103821
0.972877
0.767789
0.463156
0.038238
-0.519613
-1.213049
-2.034553
-2.967653
-3.970030
-4.964159
-5.900007
-6.755776
-7.520852
-8.193033
-8.775764
-9.275841
-9.701711
-10.062316
-10.366371
-10.621961
-10.836345
-10.885874
-11.034110
-10.828667
-10.583963
-10.293033
-9.948034
-9.540358
-9.060910
-8.500635
-7.851414
-7.107451
-6.267251
-5.336232
-4.329735
-3.285604
-2.278706
-1.374136
-0.594815
0.044148
0.537475
0.890664
1.119274
1.246227
1.297317
1.295521
1.257546
1.201027
1.118337
0.986695
0.779426
0.470511
0.038863
-0.528231
-1.233227
-2.068201
-3.016134
-4.033781
-5.042326
-5.991071
-6.858057
-7.632697
-8.312919
-8.902350
-9.407978
-9.838429
-10.202808
-10.509971
-10.768120
-10.984612
-11.034110
-11.182251
-10.974747
-10.727555
-10.433618
-10.084988
-9.672926
-9.188190
-8.621557
-7.964723
-7.211709
-6.360863
-5.417509
-4.397037
-3.337710
-2.315491
-1.396609
-0.604607
0.044873
0.546195
0.904728
1.136184
1.263928
1.314441
1.311508
1.272604
1.215848
1.133098
1.000710
0.791201
0.477941
0.039494
-0.536912
-1.253530
-2.102025
-3.064824
-4.097753
-5.120704
-6.082322
-6.960493
-7.744660
-8.432888
-9.028986
-9.540133
-9.975139
-10.343269
-10.653520
-10.914210
-11.132796
-11.182251
-11.330295
-11.120742
-10.871075
-10.574150
-10.221907
-9.805483
-9.315485
-8.742521
-8.078107
-7.316074
-6.454611
-5.498948
-4.464516
-3.389992
-2.352433
-1.419197
-0.614460
0.045604
0.554990
0.918933
1.153295
1.281880
1.331852
1.327802
1.287968
1.230953
1.148107
1.014924
0.803117
0.485445
0.040130
-0.545656
-1.273957
-2.136023
-3.113721
-4.161941
-5.199289
-6.173755
-7.063079
-7.856737
-8.552936
-9.155667
-9.672304
-10.111837
-10.483695
-10.797013
-11.060228
-11.280894
-11.330295
-11.478238
-11.266649
-11.014523
-10.714624
-10.358788
-9.938024
-9.442790
-8.863525
-8.191560
-7.420541
-6.548492
-5.580547
-4.532169
-3.442449
-2.389528
-1.441901
-0.624372
0.046340
0.563858
0.933279
1.170607
1.300084
1.349552
1.344406
1.303642
1.246346
1.163365
1.029336
0.815172
0.493023
0.040771
-0.554463
-1.294508
-2.170194
-3.162821
-4.226343
-5.278077
-6.265367
-7.165810
-7.968925
-8.673058
-9.282390
-9.804485
-10.248520
-10.624083
-10.940448
-11.206171
-11.428902
-11.478238
-11.626079
-11.412465
-11.157893
-10.855038
-10.495629
-10.070547
-9.570102
-8.984564
-8.305079
-7.525106
-6.642502
-5.662300
-4.599994
-3.495078
-2.426777
-1.464718
-0.634344
0.047081
0.572801
0.947766
1.188121
1.318540
1.367541
1.361320
1.319625
1.262026
1.178873
1.043949
0.827368
0.500676
0.041417
-0.563331
-1.315183
-2.204536
-3.212124
-4.290956
-5.357065
-6.357153
-7.268682
-8.081217
-8.793250
-9.409148
-9.936674
-10.385183
-10.764428
-11.083822
-11.352036
-11.576818
-11.626079
-11.773815
-11.558188
-11.301184
-10.995389
-10.632426
-10.203048
-9.697417
-9.105634
-8.418660
-7.629765
-6.736638
-5.744205
-4.667987
-3.547875
-2.464176
-1.487649
-0.644375
0.047828
0.581817
0.962394
1.205837
1.337249
1.385822
1.378547
1.335921
1.277997
1.194632
1.058762
0.839706
0.508404
0.042069
-0.572263
-1.335980
-2.239048
-3.261627
-4.355776
-5.436248
-6.449109
-7.371692
-8.193611
-8.913508
-9.535940
-10.068865
-10.521823
-10.904728
-11.227131
-11.497820
-11.724639
-11.773815
-11.921443
-11.703815
-11.444392
-11.135674
-10.769175
-10.335523
-9.824732
-9.226732
-8.532300
-7.734515
-6.830894
-5.826258
-4.736145
-3.600840
-2.501725
-1.510691
-0.654465
0.048580
0.590907
0.977164
1.223757
1.356213
1.404396
1.396089
1.352530
1.294259
1.210643
1.073776
0.852184
0.516207
0.042727
-0.581256
-1.356900
-2.273730
-3.311327
-4.420802
-5.515623
-6.541231
-7.474834
-8.306101
-9.033827
-9.662761
-10.201057
-10.658438
-11.044979
-11.370372
-11.643520
-11.872363
-11.921443
-12.068961
-11.849343
-11.587516
-11.275891
-10.905874
-10.467970
-9.952042
-9.347854
-8.645994
-7.839350
-6.925268
-5.908455
-4.804464
-3.653969
-2.539422
-1.533845
-0.664613
0.049336
0.600071
0.992075
1.241879
1.375432
1.423264
1.413946
1.369455
1.310813
1.226908
1.088993
0.864804
0.524084
0.043389
-0.590311
-1.377940
-2.308579
-3.361223
-4.486029
-5.595187
-6.633515
-7.578104
-8.418684
-9.154204
-9.789607
-10.333244
-10.795023
-11.185180
-11.513544
-11.789135
-12.019988
-12.068961
-12.216368
-11.994771
-11.730553
-11.416036
-11.042521
-10.600385
-10.079346
-9.468996
-8.759739
-7.944268
-7.019756
-5.990793
-4.872942
-3.707260
-2.577265
-1.557110
-0.674820
0.050098
0.609309
1.007128
1.260205
1.394906
1.442427
1.432120
1.386696
1.327662
1.243427
1.104412
0.877566
0.532036
0.044057
-0.599428
-1.399102
-2.343594
-3.411313
-4.551455
-5.674935
-6.725957
-7.681499
-8.531355
-9.274635
-9.916474
-10.465424
-10.931575
-11.325326
-11.656642
-11.934660
-12.167510
-12.216368
-12.363660
-12.140097
-11.873500
-11.556106
-11.179111
-10.732766
-10.206640
-9.590156
-8.873530
-8.049265
-7.114353
-6.073268
-4.941576
-3.760711
-2.615252
-1.580484
-0.685084
0.050865
0.618620
1.022322
1.278735
1.414638
1.461886
1.450612
1.404256
1.344806
1.260201
1.120034
0.890469
0.540062
0.044730
-0.608606
-1.420383
-2.378774
-3.461593
-4.617077
-5.754865
-6.818553
-7.785014
-8.644112
-9.395115
-10.043359
-10.597593
-11.068092
-11.465414
-11.799665
-12.080095
-12.314928
-12.363660
-12.510837
-12.285317
-12.016356
-11.696101
-11.315643
-10.865109
-10.333920
-9.711329
-8.987366
-8.154337
-7.209057
-6.155877
-5.010363
-3.814319
-2.653383
-1.603966
-0.695407
0.051638
0.628004
1.037658
1.297470
1.434627
1.481643
1.469425
1.422134
1.362246
1.277232
1.135860
0.903515
0.548164
0.045409
-0.617845
-1.441784
-2.414117
-3.512064
-4.682892
-5.834973
-6.911299
-7.888646
-8.756949
-9.515642
-10.170259
-10.729749
-11.204570
-11.605443
-11.942610
-12.225435
-12.462239
-12.510837
-12.657895
-12.430430
-12.159117
-11.836016
-11.452114
-10.997412
-10.461183
-9.832513
-9.101242
-8.259481
-7.303864
-6.238616
-5.079300
-3.868082
-2.691655
-1.627557
-0.705786
0.052415
0.637462
1.053135
1.316409
1.454874
1.501698
1.488558
1.440334
1.379984
1.294521
1.151891
0.916704
0.556340
0.046093
-0.627146
-1.463303
-2.449623
-3.562721
-4.748898
-5.915255
-7.004192
-7.992390
-8.869863
-9.636211
-10.297169
-10.861887
-11.341006
-11.745409
-12.085474
-12.370680
-12.609442
-12.657895
-12.804833
-12.575434
-12.301781
-11.975850
-11.588522
-11.129672
-10.588427
-9.953704
-9.215154
-8.364693
-7.398771
-6.321483
-5.148384
-3.921997
-2.730067
-1.651254
-0.716222
0.053197
0.646994
1.068754
1.335553
1.475381
1.522052
1.508013
1.458855
1.398020
1.312067
1.168127
0.930035
0.564591
0.046782
-0.636507
-1.484941
-2.485290
-3.613563
-4.815091
-5.995709
-7.097228
-8.096243
-8.982850
-9.756820
-10.424088
-10.994005
-11.477398
-11.885310
-12.228255
-12.515827
-12.756534
-12.804833
-12.951650
-12.720327
-12.444347
-12.115600
-11.724863
-11.261886
-10.715649
-10.074900
-9.329101
-8.469970
-7.493773
-6.404475
-5.217612
-3.976064
-2.768617
-1.675057
-0.726715
0.053985
0.656598
1.084515
1.354902
1.496146
1.542707
1.527792
1.477699
1.416356
1.329872
1.184568
0.943510
0.572917
0.047477
-0.645929
-1.506696
-2.521116
-3.664589
-4.881469
-6.076330
-7.190404
-8.200201
-9.095907
-9.877464
-10.551010
-11.126100
-11.613743
-12.025143
-12.370951
-12.660874
-12.903514
-12.951650
-13.098343
-12.865106
-12.586813
-12.255265
-11.861135
-11.394051
-10.842846
-10.196097
-9.443078
-8.575308
-7.588869
-6.487587
-5.286981
-4.030278
-2.807304
-1.698966
-0.737264
0.054777
0.666275
1.100417
1.374457
1.517172
1.563662
1.547894
1.496867
1.434992
1.347936
1.201215
0.957127
0.581318
0.048176
-0.655411
-1.528567
-2.557101
-3.715796
-4.948029
-6.157116
-7.283715
-8.304261
-9.209030
-9.998140
-10.677935
-11.258169
-11.750037
-12.164905
-12.513559
-12.805819
-13.050379
-13.098343
-13.244911
-13.009772
-12.729176
-12.394842
-11.997337
-11.526166
-10.970015
-10.317292
-9.557082
-8.680705
-7.684054
-6.570817
-5.356489
-4.084639
-2.846126
-1.722979
-0.747870
0.055575
0.676025
1.116461
1.394218
1.538458
1.584920
1.568322
1.516360
1.453929
1.366261
1.218068
0.970887
0.589793
0.048881
-0.664954
-1.550555
-2.593243
-3.767181
-5.014768
-6.238064
-7.377159
-8.408419
-9.322216
-10.118845
-10.804857
-11.390209
-11.886280
-12.304596
-12.656078
-12.950659
-13.197127
-13.244911
-13.391353
-13.154320
-12.871435
-12.534328
-12.133466
-11.658227
-11.097153
-10.438482
-9.671110
-8.786157
-7.779325
-6.654162
-5.426133
-4.139143
-2.885082
-1.747096
-0.758530
0.056377
0.685848
1.132646
1.414184
1.560006
1.606480
1.589075
1.536178
1.473169
1.384847
1.235128
0.984792
0.598343
0.049592
-0.674556
-1.572658
-2.629541
-3.818744
-5.081684
-6.319170
-7.470731
-8.512672
-9.435461
-10.239576
-10.931775
-11.522217
-12.022467
-12.444211
-12.798505
-13.095393
-13.343758
-13.391353
-13.537666
-13.298751
-13.013588
-12.673723
-12.269520
-11.790233
-11.224259
-10.559665
-9.785160
-8.891661
-7.874679
-6.737618
-5.495910
-4.193790
-2.924170
-1.771315
-0.769247
0.057185
0.695744
1.148973
1.434357
1.581815
1.628344
1.610155
1.556323
1.492712
1.403695
1.252396
0.998839
0.606968
0.050307
-0.684219
-1.594876
-2.665993
-3.870482
-5.148774
-6.400431
-7.564429
-8.617015
-9.548762
-10.360330
-11.058685
-11.654191
-12.158598
-12.583749
-12.940837
-13.240020
-13.490268
-13.537666
-13.683849
-13.443061
-13.155633
-12.813024
-12.405496
-11.922181
-11.351329
-10.680839
-9.899228
-8.997214
-7.970114
-6.821184
-5.565817
-4.248575
-2.963389
-1.795636
-0.780018
0.057997
0.705712
1.165441
1.454736
1.603886
1.650512
1.631563
1.576795
1.512558
1.422804
1.269871
1.013031
0.615668
0.051028
-0.693941
-1.617209
-2.702598
-3.922393
-5.216035
-6.481844
-7.658250
-8.721446
-9.662115
-10.481103
-11.185584
-11.786128
-12.294668
-12.723208
-13.083074
-13.384536
-13.636657
-13.683849
-13.829901
-13.587251
-13.297569
-12.952230
-12.541393
-12.054069
-11.478361
-10.801999
-10.013312
-9.102814
-8.065626
-6.904855
-5.635853
-4.303498
-3.002737
-1.820058
-0.790844
0.058815
0.715752
1.182051
1.475322
1.626220
1.672985
1.653300
1.597595
1.532709
1.442177
1.287553
1.027366
0.624442
0.051754
-0.703722
-1.639654
-2.739356
-3.974475
-5.283465
-6.563406
-7.752189
-8.825962
-9.775518
-10.601892
-11.312470
-11.918026
-12.430676
-12.862585
-13.225214
-13.528941
-13.782923
-13.829901
-13.975820
-13.731317
-13.439393
-13.091337
-12.677209
-12.185894
-11.605352
-10.923144
-10.127408
-9.208456
-8.161212
-6.988630
-5.706013
-4.358557
-3.042213
-1.844581
-0.801725
0.059637
0.725864
1.198802
1.496114
1.648817
1.695763
1.675365
1.618725
1.553165
1.461812
1.305444
1.041845
0.633292
0.052485
-0.713562
-1.662213
-2.776264
-4.026726
-5.351061
-6.645114
-7.846244
-8.930559
-9.888968
-10.722696
-11.439341
-12.049882
-12.566620
-13.001879
-13.367253
-13.673233
-13.929064
-13.975820
-14.121605
-13.875259
-13.581104
-13.230346
-12.812941
-12.317655
-11.732301
-11.044272
-10.241515
-9.314139
-8.256869
-7.072504
-5.776297
-4.413749
-3.081816
-1.869202
-0.812659
0.060465
0.736049
1.215695
1.517113
1.671677
1.718847
1.697761
1.640184
1.573927
1.481712
1.323544
1.056468
0.642215
0.053221
-0.723462
-1.684884
-2.813322
-4.079145
-5.418821
-6.726964
-7.940411
-9.035233
-10.002460
-10.843509
-11.566192
-12.181693
-12.702498
-13.141088
-13.509192
-13.817410
-14.075079
-14.121605
-14.267255
-14.019076
-13.722701
-13.369254
-12.948589
-12.449349
-11.859205
-11.165379
-10.355629
-9.419859
-8.352595
-7.156476
-5.846701
-4.469072
-3.121543
-1.893922
-0.823648
0.061297
0.746306
1.232728
1.538319
1.694801
1.742238
1.720487
1.661973
1.594995
1.501876
1.341852
1.071235
0.651214
0.053963
-0.733420
-1.707666
-2.850528
-4.131728
-5.486742
-6.808955
-8.034688
-9.139983
-10.115993
-10.964331
-11.693023
-12.313458
-12.838307
-13.280209
-13.651027
-13.961470
-14.220967
-14.267255
-14.412769
-14.162765
-13.864182
-13.508059
-13.084149
-12.580975
-11.986061
-11.286464
-10.469748
-9.525614
-8.448386
-7.240543
-5.917222
-4.524524
-3.161394
-1.918740
-0.834690
0.062134
0.756634
1.249903
1.559732
1.718189
1.765936
1.743544
1.684094
1.616371
1.522304
1.360369
1.086147
0.660287
0.054710
-0.743436
-1.730559
-2.887881
-4.184475
-5.554821
-6.891083
-8.129071
-9.244804
-10.229563
-11.085158
-11.819829
-12.445174
-12.974045
-13.419241
-13.792757
-14.105413
-14.366725
-14.412769
-14.558145
-14.306326
-14.005545
-13.646759
-13.219621
-12.712531
-12.112869
-11.407523
-10.583869
-9.631400
-8.544240
-7.324702
-5.987859
-4.580103
-3.201366
-1.943654
-0.845785
0.062976
0.767034
1.267219
1.581353
1.741841
1.789942
1.766933
1.706546
1.638054
1.542998
1.379096
1.101202
0.669434
0.055462
-0.753511
-1.753563
-2.925380
-4.237384
-5.623057
-6.973346
-8.223558
-9.349694
-10.343168
-11.205987
-11.946610
-12.576838
-13.109710
-13.558183
-13.934381
-14.249236
-14.512354
-14.558145
-14.703382
-14.449758
-14.146790
-13.785355
-13.355003
-12.844014
-12.239625
-11.528556
-10.697990
-9.737217
-8.640154
-7.408950
-6.058609
-4.635808
-3.241459
-1.968665
-0.856933
0.063823
0.777505
1.284676
1.603180
1.765758
1.814256
1.790654
1.729330
1.660045
1.563958
1.398032
1.116402
0.678656
0.056219
-0.763644
-1.776676
-2.963023
-4.290452
-5.691446
-7.055739
-8.318144
-9.454650
-10.456804
-11.326816
-12.073362
-12.708449
-13.245301
-13.697031
-14.075898
-14.392939
-14.657851
-14.703382
-14.848479
-14.593058
-14.287915
-13.923843
-13.490292
-12.975423
-12.366327
-11.649558
-10.812109
-9.843060
-8.736126
-7.493285
-6.129469
-4.691635
-3.281672
-1.993771
-0.868133
0.064675
0.788048
1.302273
1.625215
1.789940
1.838879
1.814708
1.752447
1.682345
1.585183
1.417178
1.131746
0.687952
0.056981
-0.773834
-1.799898
-3.000809
-4.343678
-5.759986
-7.138262
-8.412828
-9.559669
-10.570470
-11.447643
-12.200083
-12.840005
-13.380816
-13.835786
-14.217304
-14.536519
-14.803215
-14.848479
-14.993435
-14.736227
-14.428919
-14.062222
-13.625488
-13.106756
-12.492975
-11.770529
-10.926223
-9.948928
-8.832152
-7.577704
-6.200437
-4.747584
-3.322002
-2.018971
-0.879386
0.065531
0.798662
1.320011
1.647457
1.814387
1.863810
1.839096
1.775897
1.704953
1.606675
1.436534
1.147235
0.697323
0.057749
-0.784083
-1.823228
-3.038737
-4.397059
-5.828675
-7.220910
-8.507607
-9.664748
-10.684161
-11.568464
-12.326771
-12.971504
-13.516252
-13.974444
-14.358600
-14.679977
-14.948445
-14.993435
-15.138249
-14.879262
-14.569800
-14.200491
-13.760589
-13.238011
-12.619565
-11.891467
-11.040329
-10.054817
-8.928231
-7.662205
-6.271511
-4.803652
-3.362448
-2.044264
-0.890690
0.066393
0.809347
1.337890
1.669906
1.839100
1.889051
1.863817
1.799681
1.727872
1.628434
1.456100
1.162868
0.706768
0.058521
-0.794388
-1.846665
-3.076806
-4.450594
-5.897510
-7.303681
-8.602477
-9.769884
-10.797876
-11.689278
-12.453423
-13.102943
-13.651608
-14.113005
-14.499784
-14.823309
-15.093540
-15.138249
-15.282920
-15.022163
-14.710557
-14.338649
-13.895593
-13.369187
-12.746095
-12.012368
-11.154426
-10.160726
-9.024360
-7.746784
-6.342688
-4.859837
-3.403009
-2.069650
-0.902046
0.067259
0.820103
1.355909
1.692562
1.864078
1.914602
1.888873
1.823800
1.751100
1.650460
1.475876
1.178645
0.716287
0.059299
-0.804751
-1.870210
-3.115014
-4.504282
-5.966489
-7.386572
-8.697436
-9.875074
-10.911611
-11.810081
-12.580038
-13.234320
-13.786883
-14.251466
-14.640854
-14.966515
-15.238499
-15.282920
-15.427447
-15.164929
-14.851190
-14.476695
-14.030499
-13.500282
-12.872565
-12.133232
-11.268511
-10.266652
-9.120536
-7.831441
-6.413966
-4.916137
-3.443684
-2.095128
-0.913454
0.068130
0.830929
1.374068
1.715426
1.889322
1.940463
1.914264
1.848253
1.774639
1.672753
1.495863
1.194566
0.725880
0.060082
-0.815170
-1.893860
-3.153361
-4.558119
-6.035610
-7.469582
-8.792481
-9.980317
-11.025365
-11.930872
-12.706613
-13.365634
-13.922073
-14.389827
-14.781809
-15.109595
-15.383321
-15.427447
-15.571829
-15.307558
-14.991696
-14.614626
-14.165305
-13.631294
-12.998972
-12.254056
-11.382582
-10.372592
-9.216756
-7.916171
-6.485343
-4.972551
-3.484470
-2.120697
-0.924912
0.069005
0.841826
1.392368
1.738497
1.914832
1.966634
1.939990
1.873041
1.798489
1.695314
1.516061
1.210632
0.735547
0.060870
-0.825646
-1.917616
-3.191844
-4.612105
-6.104870
-7.552706
-8.887609
-10.085608
-11.139135
-12.051648
-12.833147
-13.496883
-14.057179
-14.528086
-14.922647
-15.252546
-15.528005
-15.571829
-15.716065
-15.450051
-15.132075
-14.752442
-14.300011
-13.762222
-13.125315
-12.374838
-11.496637
-10.478545
-9.313019
-8.000973
-6.556817
-5.029076
-3.525367
-2.146356
-0.936420
0.069885
0.852793
1.410807
1.761775
1.940608
1.993116
1.966052
1.898165
1.822650
1.718142
1.536469
1.226843
0.745288
0.061663
-0.836179
-1.941477
-3.230463
-4.666237
-6.174267
-7.635943
-8.982818
-10.190945
-11.252918
-12.172408
-12.959637
-13.628065
-14.192198
-14.666242
-15.063368
-15.395367
-15.672549
-15.716065
-15.860155
-15.592405
-15.272326
-14.890142
-14.434614
-13.893065
-13.251591
-12.495576
-11.610674
-10.584509
-9.409323
-8.085845
-6.628385
-5.085711
-3.566374
-2.172104
-0.947979
0.070770
0.863830
1.429386
1.785261
1.966650
2.019910
1.992450
1.923625
1.847122
1.741239
1.557088
1.243197
0.755102
0.062461
-0.846767
-1.965442
-3.269217
-4.720514
-6.243798
-7.719290
-9.078104
-10.296327
-11.366712
-12.293148
-13.086080
-13.759178
-14.327128
-14.804292
-15.203970
-15.538059
-15.816953
-15.860155
-16.004098
-15.734620
-15.412448
-15.027725
-14.569114
-14.023820
-13.377800
-12.616268
-11.724691
-10.690480
-9.505663
-8.170783
-6.700045
-5.142453
-3.607488
-2.197941
-0.959588
0.071660
0.874937
1.448105
1.808953
1.992959
2.047014
2.019184
1.949421
1.871906
1.764604
1.577917
1.259696
0.764991
0.063264
-0.857411
-1.989511
-3.308104
-4.774934
-6.313461
-7.802744
-9.173466
-10.401750
-11.480514
-12.413867
-13.212477
-13.890221
-14.461969
-14.942236
-15.344452
-15.680618
-15.961216
-16.004098
-16.147892
-15.876694
-15.552439
-15.165189
-14.703509
-14.154487
-13.503939
-12.736914
-11.838686
-10.796456
-9.602040
-8.255787
-6.771795
-5.199301
-3.648709
-2.223865
-0.971247
0.072554
0.886114
1.466962
1.832853
2.019534
2.074430
2.046255
1.975554
1.897002
1.788238
1.598958
1.276338
0.774953
0.064072
-0.868111
-2.013682
-3.347122
-4.829495
-6.383255
-7.886303
-9.268901
-10.507211
-11.594323
-12.534562
-13.338823
-14.021192
-14.596718
-15.080073
-15.484813
-15.823046
-16.105337
-16.147892
-16.291537
-16.018629
-15.692300
-15.302533
-14.837797
-14.285064
-13.630007
-12.857510
-11.952656
-10.902437
-9.698449
-8.340852
-6.843633
-5.256254
-3.690035
-2.249876
-0.982954
0.073453
0.897360
1.485959
1.856959
2.046376
2.102158
2.073663
2.002024
1.922411
1.812141
1.620210
1.293125
0.784988
0.064885
-0.878867
-2.037955
-3.386271
-4.884195
-6.453176
-7.969964
-9.364406
-10.612709
-11.708135
-12.655232
-13.465118
-14.152089
-14.731375
-15.217801
-15.625052
-15.965339
-16.249315
-16.291537
-16.435033
-16.160421
-15.832028
-15.439756
-14.971979
-14.415550
-13.756002
-12.978055
-12.066601
-11.008419
-9.794890
-8.425978
-6.915557
-5.313308
-3.731465
-2.275973
-0.994710
0.074357
0.908676
1.505095
1.881272
2.073484
2.130198
2.101408
2.028831
1.948133
1.836312
1.641672
1.310056
0.795097
0.065704
-0.889677
-2.062330
-3.425550
-4.939032
-6.523223
-8.053725
-9.459978
-10.718241
-11.821949
-12.775874
-13.591360
-14.282910
-14.865937
-15.355419
-15.765168
-16.107499
-16.393150
-16.435033
-16.578378
-16.302071
-15.971623
-15.576858
-15.106052
-14.545943
-13.881924
-13.098548
-12.180518
-11.114400
-9.891359
-8.511162
-6.987564
-5.370463
-3.772997
-2.302155
-1.006515
0.075265
0.920060
1.524369
1.905792
2.100858
2.158550
2.129491
2.055976
1.974167
1.860753
1.663346
1.327131
0.805279
0.066527
-0.900542
-2.086805
-3.464957
-4.994004
-6.593393
-8.137583
-9.555615
-10.823804
-11.935763
-12.896486
-13.717547
-14.413655
-15.000404
-15.492926
-15.905159
-16.249523
-16.536840
-16.578378
-16.721572
-16.443578
-16.111084
-15.713837
-15.240016
-14.676242
-14.007770
-13.218986
-12.294404
-11.220379
-9.987855
-8.596402
-7.059653
-5.427717
-3.814630
-2.328422
-1.018369
0.076177
0.931514
1.543782
1.930518
2.128499
2.187215
2.157912
2.083458
2.000515
1.885462
1.685231
1.344349
0.815534
0.067355
-0.911462
-2.111380
-3.504490
-5.049111
-6.663684
-8.221536
-9.651315
-10.929397
-12.049574
-13.017067
-13.843678
-14.544321
-15.134774
-15.630321
-16.045025
-16.391411
-16.680384
-16.721572
-16.864614
-16.584941
-16.250411
-15.850692
-15.373869
-14.806446
-14.133539
-13.339369
-12.408260
-11.326354
-10.084375
-8.681696
-7.131821
-5.485067
-3.856363
-2.354772
-1.030269
0.077095
0.943036
1.563333
1.955450
2.156407
2.216192
2.186670
2.111279
2.027176
1.910442
1.707327
1.361712
0.825863
0.068188
-0.922436
-2.136054
-3.544149
-5.104349
-6.734093
-8.305582
-9.747076
-11.035016
-12.163380
-13.137615
-13.969749
-14.674908
-15.269047
-15.767602
-16.184765
-16.533162
-16.823783
-16.864614
-17.007505
-16.726159
-16.389602
-15.987423
-15.507610
-14.936554
-14.259229
-13.459695
-12.522082
-11.432322
-10.180918
-8.767041
-7.204066
-5.542512
-3.898194
-2.381205
-1.042218
0.078016
0.954627
1.583022
1.980589
2.184581
2.245481
2.215767
2.139438
2.054150
1.935690
1.729633
1.379217
0.836264
0.069026
-0.933464
-2.160827
-3.583933
-5.159717
-6.804620
-8.389717
-9.842894
-11.140660
-12.277179
-13.258128
-14.095761
-14.805413
-15.403219
-15.904769
-16.324377
-16.674775
-16.967035
-17.007505
-17.150242
-16.867232
-16.528657
-16.124028
-15.641239
-15.066564
-14.384840
-13.579961
-12.635869
-11.538282
-10.277482
-8.852435
-7.276387
-5.600051
-3.940122
-2.407719
-1.054213
0.078943
0.966285
1.602848
2.005934
2.213021
2.275083
2.245202
2.167936
2.081439
1.961208
1.752151
1.396866
0.846737
0.069869
-0.944546
-2.185697
-3.623839
-5.215214
-6.875261
-8.473941
-9.938768
-11.246326
-12.390969
-13.378603
-14.221711
-14.935835
-15.537291
-16.041820
-16.463861
-16.816249
-17.110139
-17.150242
-17.292826
-17.008158
-16.667574
-16.260507
-15.774754
-15.196476
-14.510370
-13.700167
-12.749619
-11.644231
-10.374063
-8.937877
-7.348781
-5.657681
-3.982146
-2.434314
-1.066256
0.079873
0.978012
1.622812
2.031484
2.241728
2.304997
2.274976
2.196772
2.109041
1.986995
1.774880
1.414659
0.857284
0.070717
-0.955681
-2.210664
-3.663868
-5.270837
-6.946014
-8.558250
-10.034695
-11.352013
-12.504749
-13.499039
-14.347598
-15.066173
-15.671262
-16.178754
-16.603217
-16.957584
-17.253095
-17.292826
-17.435255
-17.148939
-16.806354
-16.396858
-15.908154
-15.326287
-14.635817
-13.820312
-12.863330
-11.750169
-10.470661
-9.023364
-7.421247
-5.715400
-4.024264
-2.460990
-1.078345
0.080808
0.989806
1.642913
2.057240
2.270701
2.335225
2.305089
2.225948
2.136957
2.013053
1.797819
1.432594
0.867902
0.071570
-0.966870
-2.235728
-3.704017
-5.326585
-7.016877
-8.642642
-10.130672
-11.457717
-12.618515
-13.619435
-14.473420
-15.196426
-15.805129
-16.315571
-16.742442
-17.098778
-17.395903
-17.435255
-17.577531
-17.289572
-16.944996
-16.533082
-16.041439
-15.455998
-14.761181
-13.940392
-12.977002
-11.856092
-10.567274
-9.108895
-7.493782
-5.773208
-4.066475
-2.487744
-1.090479
0.081748
1.001668
1.663150
2.083201
2.299941
2.365765
2.335540
2.255462
2.165187
2.039379
1.820969
1.450673
0.878593
0.072428
-0.978111
-2.260887
-3.744285
-5.382456
-7.087848
-8.727115
-10.226699
-11.563437
-12.732266
-13.739788
-14.599175
-15.326591
-15.938892
-16.452269
-16.881536
-17.239832
-17.538561
-17.577531
-17.719651
-17.430057
-17.083498
-16.669176
-16.174607
-15.585607
-14.886460
-14.060408
-13.090632
-11.962000
-10.663899
-9.194467
-7.566385
-5.831102
-4.108777
-2.514577
-1.102660
0.082692
1.013597
1.683524
2.109367
2.329446
2.396617
2.366330
2.285316
2.193732
2.065975
1.844330
1.468894
0.889356
0.073290
-0.989405
-2.286141
-3.784671
-5.438449
-7.158925
-8.811666
-10.322772
-11.669171
-12.846001
-13.860097
-14.724863
-15.456669
-16.072550
-16.588847
-17.020499
-17.380744
-17.681070
-17.719651
-17.861615
-17.570394
-17.221861
-16.805141
-16.307658
-15.715112
-15.011653
-14.180358
-13.204219
-12.067891
-10.760535
-9.280078
-7.639053
-5.889080
-4.151170
-2.541488
-1.114886
0.083640
1.025593
1.704034
2.135738
2.359217
2.427783
2.397459
2.315508
2.222590
2.092841
1.867901
1.487258
0.900191
0.074158
-1.000751
-2.311489
-3.825174
-5.494560
-7.230106
-8.896294
-10.418889
-11.774917
-12.959717
-13.980360
-14.850481
-15.586658
-16.206102
-16.725305
-17.159330
-17.521514
-17.823427
-17.861615
-18.003424
-17.710581
-17.360082
-16.940976
-16.440590
-15.844514
-15.136759
-14.300241
-13.317761
-12.173762
-10.857180
-9.365726
-7.711785
-5.947142
-4.193652
-2.568475
-1.127157
0.084593
1.037656
1.724680
2.162313
2.389254
2.459261
2.428928
2.346041
2.251763
2.119977
1.891683
1.505764
0.911097
0.075030
-1.012149
-2.336930
-3.865792
-5.550790
-7.301389
-8.980996
-10.515048
-11.880672
-13.073412
-14.100576
-14.976029
-15.716555
-16.339547
-16.861642
-17.298027
-17.662141
-17.965634
-18.003424
-18.145076
-17.850620
-17.498163
-17.076679
-16.573403
-15.973810
-15.261777
-14.420054
-13.431256
-12.279612
-10.953831
-9.451410
-7.784578
-6.005284
-4.236221
-2.595538
-1.139472
0.085550
1.049785
1.745461
2.189093
2.419557
2.491052
2.460735
2.376912
2.281251
2.147382
1.915675
1.524413
0.922076
0.075907
-1.023599
-2.362464
-3.906525
-5.607135
-7.372771
-9.065770
-10.611246
-11.986435
-13.187085
-14.220743
-15.101505
-15.846362
-16.472883
-16.997857
-17.436591
-17.802624
-18.107689
-18.145076
-18.286571
-17.990508
-17.636102
-17.212251
-16.706096
-16.103001
-15.386705
-14.539798
-13.544704
-12.385440
-11.050488
-9.537128
-7.857432
-6.063506
-4.278876
-2.622676
-1.151832
0.086511
1.061980
1.766378
2.216077
2.450125
2.523155
2.492882
2.408124
2.311052
2.175056
1.939877
1.543203
0.933125
0.076789
-1.035100
-2.388089
-3.947370
-5.663595
-7.444251
-9.150614
-10.707483
-12.092203
-13.300734
-14.340860
-15.226907
-15.976075
-16.606109
-17.133948
-17.575020
-17.942964
-18.249592
-18.286571
-18.427909
-18.130246
-17.773899
-17.347690
-16.838668
-16.232084
-15.511542
-14.659470
-13.658103
-12.491244
-11.147148
-9.622877
-7.930343
-6.121806
-4.321617
-2.649888
-1.164236
0.087476
1.074242
1.787429
2.243264
2.480958
2.555571
2.525367
2.439674
2.341169
2.203000
1.964288
1.562135
0.944246
0.077675
-1.046653
-2.413806
-3.988327
-5.720167
-7.515827
-9.235525
-10.803755
-12.197975
-13.414357
-14.460924
-15.352234
-16.105694
-16.739226
-17.269915
-17.713313
-18.083158
-18.391342
-18.427909
-18.569089
-18.269832
-17.911553
-17.482996
-16.971118
-16.361060
-15.636288
-14.779069
-13.771451
-12.597023
-11.243810
-9.708656
-8.003311
-6.180182
-4.364441
-2.677174
-1.176683
0.088446
1.086569
1.808614
2.270654
2.512055
2.588299
2.558192
2.471565
2.371599
2.231212
1.988910
1.581209
0.955437
0.078567
-1.058256
-2.439612
-4.029394
-5.776850
-7.587496
-9.320502
-10.900060
-12.303749
-13.527952
-14.580934
-15.477485
-16.235218
-16.872231
-17.405758
-17.851471
-18.223207
-18.532939
-18.569089
-18.710110
-18.409268
-18.049063
-17.618168
-17.103447
-16.489926
-15.760941
-14.898595
-13.884747
-12.702773
-11.340471
-9.794463
-8.076333
-6.238632
-4.407348
-2.704532
-1.189173
0.089420
1.098961
1.829934
2.298247
2.543418
2.621340
2.591356
2.503794
2.402344
2.259695
2.013741
1.600424
0.966700
0.079463
-1.069909
-2.465508
-4.070570
-5.833642
-7.659256
-9.405542
-10.996397
-12.409522
-13.641518
-14.700890
-15.602659
-16.364645
-17.005124
-17.541475
-17.989492
-18.363110
-18.674382
-18.710110
-18.850973
-18.548551
-18.186430
-17.753205
-17.235651
-16.618684
-15.885500
-15.018045
-13.997989
-12.808495
-11.437131
-9.880297
-8.149408
-6.297156
-4.450336
-2.731961
-1.201706
0.090398
1.111418
1.851387
2.326043
2.575045
2.654692
2.624858
2.536364
2.433403
2.288446
2.038782
1.619780
0.978033
0.080363
-1.081613
-2.491493
-4.111854
-5.890542
-7.731106
-9.490644
-11.092764
-12.515294
-13.755053
-14.820789
-15.727754
-16.493976
-17.137904
-17.677066
-18.127375
-18.502867
-18.815672
-18.850973
-18.991678
-18.687682
-18.323652
-17.888108
-17.367733
-16.747330
-16.009964
-15.137419
-14.111177
-12.914187
-11.533787
-9.966154
-8.222533
-6.355750
-4.493403
-2.759461
-1.214281
0.091381
1.123940
1.872973
2.354040
2.606936
2.688356
2.658700
2.569273
2.464776
2.317465
2.064031
1.639276
0.989436
0.081269
-1.093366
-2.517565
-4.153245
-5.947546
-7.803044
-9.575804
-11.189158
-12.621062
-13.868555
-14.940630
-15.852770
-16.623207
-17.270570
-17.812529
-18.265121
-18.642476
-18.956806
-18.991678
-19.132223
-18.826660
-18.460729
-18.022874
-17.499689
-16.875865
-16.134333
-15.256716
-14.224309
-13.019847
-11.630438
-10.052035
-8.295708
-6.414415
-4.536549
-2.787032
-1.226899
0.092367
1.136527
1.894692
2.382240
2.639090
2.722332
2.692880
2.602521
2.496463
2.346754
2.089489
1.658914
1.000909
0.082179
-1.105169
-2.543725
-4.194740
-6.004655
-7.875067
-9.661022
-11.285577
-12.726824
-13.982023
-15.060411
-15.977704
-16.752340
-17.403121
-17.947865
-18.402728
-18.781938
-19.097786
-19.132223
-19.272608
-18.965486
-18.597660
-18.157505
-17.631520
-17.004288
-16.258604
-15.375934
-14.337383
-13.125473
-11.727082
-10.137936
-8.368930
-6.473147
-4.579772
-2.814671
-1.239558
0.093358
1.149177
1.916543
2.410640
2.671508
2.756620
2.727400
2.636109
2.528465
2.376311
2.115156
1.678691
1.012453
0.083094
-1.117021
-2.569971
-4.236340
-6.061866
-7.947173
-9.746295
-11.382020
-12.832578
-14.095455
-15.180132
-16.102556
-16.881372
-17.535556
-18.083073
-18.540196
-18.921253
-19.238610
-19.272608
-19.412834
-19.104157
-18.734446
-18.291998
-17.763225
-17.132598
-16.382779
-15.495073
-14.450398
-13.231065
-11.823718
-10.223857
-8.442198
-6.531946
-4.623071
-2.842378
-1.252258
0.094352
1.161892
1.938526
2.439242
2.704190
2.791218
2.762257
2.670035
2.560780
2.406137
2.141031
1.698608
1.024066
0.084013
-1.128922
-2.596302
-4.278042
-6.119177
-8.019361
-9.831621
-11.478484
-12.938324
-14.208850
-15.299790
-16.227325
-17.010302
-17.667874
-18.218151
-18.677525
-19.060418
-19.379279
-19.412834
-19.552899
-19.242675
-18.871085
-18.426355
-17.894804
-17.260794
-16.506854
-15.614130
-14.563354
-13.336620
-11.920343
-10.309795
-8.515509
-6.590810
-4.666445
-2.870153
-1.264999
0.095351
1.174670
1.960640
2.468044
2.737133
2.826128
2.797453
2.704301
2.593409
2.436230
2.167115
1.718665
1.035748
0.084937
-1.140872
-2.622718
-4.319845
-6.176587
-8.091629
-9.916999
-11.574968
-13.044058
-14.322206
-15.419385
-16.352009
-17.139130
-17.800076
-18.353099
-18.814713
-19.199435
-19.519791
-19.552899
-19.692804
-19.381038
-19.007578
-18.560573
-18.026255
-17.388875
-16.630830
-15.733106
-14.676248
-13.442138
-12.016957
-10.395749
-8.588863
-6.649737
-4.709892
-2.897994
-1.277780
0.096354
1.187511
1.982886
2.497046
2.770340
2.861348
2.832988
2.738906
2.626351
2.466591
2.193405
1.738861
1.047500
0.085866
-1.152869
-2.649218
-4.361748
-6.234094
-8.163975
-10.002425
-11.671470
-13.149780
-14.435521
-15.538915
-16.476607
-17.267855
-17.932159
-18.487917
-18.951760
-19.338302
-19.660147
-19.692804
-19.832548
-19.519247
-19.143923
-18.694653
-18.157579
-17.516842
-16.754706
-15.851999
-14.789080
-13.547616
-12.113558
-10.481717
-8.662257
-6.708726
-4.753411
-2.925900
-1.290602
0.097360
1.200415
2.005262
2.526247
2.803808
2.896879
2.868860
2.773850
2.659607
2.497220
2.219904
1.759196
1.059321
0.086799
-1.164914
-2.675800
-4.403750
-6.291697
-8.236396
-10.087898
-11.767988
-13.255487
-14.548795
-15.658380
-16.601119
-17.396476
-18.064123
-18.622604
-19.088666
-19.477020
-19.800346
-19.832548
-19.972130
-19.657300
-19.280120
-18.828594
-18.288774
-17.644692
-16.878480
-15.970809
-14.901848
-13.653054
-12.210144
-10.567698
-8.735690
-6.767775
-4.797000
-2.953871
-1.303463
0.098371
1.213382
2.027768
2.555647
2.837537
2.932720
2.905070
2.809133
2.693176
2.528116
2.246609
1.779669
1.071210
0.087736
-1.177007
-2.702465
-4.445850
-6.349393
-8.308892
-10.173417
-11.864520
-13.361178
-14.662025
-15.777776
-16.725543
-17.524991
-18.195968
-18.757159
-19.225429
-19.615587
-19.940388
-19.972130
-20.111552
-19.795199
-19.416169
-18.962396
-18.419839
-17.772425
-17.002152
-16.089533
-15.014552
-13.758451
-12.306714
-10.653690
-8.809161
-6.826883
-4.840659
-2.981907
-1.316363
0.099386
1.226411
2.050404
2.585246
2.871528
2.968871
2.941617
2.844754
2.727058
2.559280
2.273521
1.800281
1.083168
0.088678
-1.189147
-2.729212
-4.488045
-6.407181
-8.381459
-10.258980
-11.961064
-13.466852
-14.775210
-15.897104
-16.849878
-17.653400
-18.327692
-18.891581
-19.362051
-19.754003
-20.080272
-20.111552
-20.250812
-19.932941
-19.552070
-19.096057
-18.550776
-17.900041
-17.125722
-16.208171
-15.127189
-13.863804
-12.403267
-10.739691
-8.882667
-6.886047
-4.884387
-3.010005
-1.329303
0.100404
1.239502
2.073169
2.615043
2.905779
3.005331
2.978502
2.880713
2.761252
2.590710
2.300639
1.821030
1.095194
0.089625
-1.201333
-2.756039
-4.530335
-6.465059
-8.454097
-10.344583
-12.057619
-13.572506
-14.888349
-16.016363
-16.974123
-17.781703
-18.459295
-19.025871
-19.498530
-19.892269
-20.219999
-20.250812
-20.389910
-20.070528
-19.687822
-19.229579
-18.681582
-18.027539
-17.249187
-16.326723
-15.239760
-13.969113
-12.499800
-10.825700
-8.956207
-6.945268
-4.928181
-3.038165
-1.342280
0.101427
1.252654
2.096062
2.645037
2.940291
3.042100
3.015724
2.917010
2.795759
2.622406
2.327964
1.841917
1.107288
0.090576
-1.213566
-2.782945
-4.572719
-6.523026
-8.526803
-10.430226
-12.154182
-13.678140
-15.001441
-16.135550
-17.098277
-17.909898
-18.590776
-19.160027
-19.634865
-20.030383
-20.359567
-20.389910
-20.528846
-20.207959
-19.823425
-19.362959
-18.812257
-18.154918
-17.372548
-16.445187
-15.352262
-14.074376
-12.596313
-10.911715
-9.029779
-7.004543
-4.972041
-3.066386
-1.355296
0.102453
1.265868
2.119084
2.675228
2.975062
3.079178
3.053283
2.953645
2.830578
2.654368
2.355494
1.862941
1.119449
0.091531
-1.225845
-2.809931
-4.615195
-6.581080
-8.599575
-10.515907
-12.250753
-13.783751
-15.114483
-16.254665
-17.222339
-18.037984
-18.722135
-19.294049
-19.771057
-20.168345
-20.498977
-20.528846
-20.667619
-20.345233
-19.958878
-19.496198
-18.942801
-18.282177
-17.495804
-16.563562
-15.464695
-14.179592
-12.692804
-10.997734
-9.103382
-7.063870
-5.015966
-3.094668
-1.368350
0.103483
1.279142
2.142233
2.705616
3.010092
3.116564
3.091178
2.990618
2.865709
2.686597
2.383229
1.884102
1.131678
0.092491
-1.238170
-2.836995
-4.657762
-6.639220
-8.672412
-10.601624
-12.347329
-13.889337
-15.227475
-16.373707
-17.346308
-18.165961
-18.853370
-19.427936
-19.907104
-20.306155
-20.638227
-20.667619
-20.806230
-20.482350
-20.094181
-19.629296
-19.073213
-18.409317
-17.618953
-16.681848
-15.577058
-14.284761
-12.789271
-11.083757
-9.177015
-7.123248
-5.059954
-3.123010
-1.381440
0.104517
1.292477
2.165509
2.736199
3.045381
3.154258
3.129409
3.027927
2.901152
2.719090
2.411169
1.905399
1.143974
0.093455
-1.250540
-2.864135
-4.700419
-6.697443
-8.745312
-10.687375
-12.443908
-13.994899
-15.340415
-16.492675
-17.470184
-18.293827
-18.984482
-19.561688
-20.043007
-20.443812
-20.777319
-20.806230
-20.944678
-20.619310
-20.229334
-19.762251
-19.203492
-18.536336
-17.741996
-16.800043
-15.689349
-14.389879
-12.885714
-11.169782
-9.250675
-7.182676
-5.104004
-3.151410
-1.394568
0.105554
1.305872
2.188911
2.766977
3.080928
3.192259
3.167976
3.065574
2.936905
2.751849
2.439313
1.926832
1.156337
0.094424
-1.262955
-2.891353
-4.743163
-6.755748
-8.818272
-10.773158
-12.540489
-14.100433
-15.453302
-16.611567
-17.593964
-18.421583
-19.115469
-19.695304
-20.178764
-20.581317
-20.916252
-20.944678
-21.082964
-20.756113
-20.364337
-19.895064
-19.333639
-18.663233
-17.864931
-16.918146
-15.801568
-14.494948
-12.982130
-11.255806
-9.324361
-7.242153
-5.148114
-3.179868
-1.407732
0.106596
1.319327
2.212439
2.797950
3.116733
3.230567
3.206878
3.103557
2.972970
2.784872
2.467661
1.948401
1.168766
0.095397
-1.275414
-2.918646
-4.785995
-6.814133
-8.891292
-10.858972
-12.637070
-14.205939
-15.566135
-16.730382
-17.717649
-18.549227
-19.246332
-19.828784
-20.314376
-20.718668
-21.055025
-21.082964
-21.221086
-20.892758
-20.499188
-20.027734
-19.463653
-18.790009
-17.987758
-17.036158
-15.913714
-14.599964
-13.078519
-11.341830
-9.398072
-7.301676
-5.192284
-3.208383
-1.420932
0.107641
1.332841
2.236093
2.829117
3.152794
3.269181
3.246115
3.141876
3.009345
2.818159
2.496213
1.970104
1.181262
0.096374
-1.287918
-2.946013
-4.828913
-6.872598
-8.964370
-10.944814
-12.733650
-14.311414
-15.678912
-16.849119
-17.841237
-18.676758
-19.377068
-19.962127
-20.449843
-20.855866
-21.193638
-21.221086
-21.359045
-21.029245
-20.633888
-20.160260
-19.593532
-18.916662
-18.110475
-17.154076
-16.025785
-14.704928
-13.174880
-11.427850
-9.471806
-7.361244
-5.236513
-3.236954
-1.434167
0.108689
1.346414
2.259871
2.860477
3.189112
3.308101
3.285686
3.180531
3.046030
2.851709
2.524967
1.991943
1.193823
0.097355
-1.300465
-2.973454
-4.871915
-6.931139
-9.037503
-11.030683
-12.830226
-14.416858
-15.791633
-16.967778
-17.964728
-18.804176
-19.507678
-20.095333
-20.585162
-20.992910
-21.332091
-21.359045
-21.496840
-21.165574
-20.768437
-20.292643
-19.723278
-19.043192
-18.233083
-17.271901
-16.137781
-14.809837
-13.271210
-11.513867
-9.545561
-7.420856
-5.280798
-3.265580
-1.447438
0.109742
1.360046
2.283774
2.892030
3.225686
3.347327
3.325591
3.219521
3.083025
2.885523
2.553924
2.013915
1.206450
0.098341
-1.313056
-3.000969
-4.915000
-6.989756
-9.110689
-11.116577
-12.926798
-14.522270
-15.904295
-17.086357
-18.088121
-18.931481
-19.638161
-20.228401
-20.720336
-21.129800
-21.470383
-21.496840
-21.634471
-21.301745
-20.902834
-20.424882
-19.852888
-19.169598
-18.355581
-17.389630
-16.249700
-14.914691
-13.367509
-11.599877
-9.619337
-7.480511
-5.325140
-3.294261
-1.460744
0.110798
1.373736
2.307800
2.923774
3.262514
3.386858
3.365830
3.258847
3.120329
2.919600
2.583083
2.036021
1.219142
0.099331
-1.325689
-3.028555
-4.958167
-7.048447
-9.183928
-11.202495
-13.023364
-14.627647
-16.016898
-17.204855
-18.211414
-19.058670
-19.768517
-20.361331
-20.855362
-21.266535
-21.608515
-21.634471
-21.771939
-21.437758
-21.037079
-20.556977
-19.982364
-19.295880
-18.477968
-17.507264
-16.361542
-15.019489
-13.463776
-11.685881
-9.693131
-7.540207
-5.369535
-3.322995
-1.474084
0.111857
1.387484
2.331949
2.955710
3.299597
3.426692
3.406403
3.298507
3.157942
2.953939
2.612443
2.058260
1.231899
0.100325
-1.338366
-3.056213
-5.001415
-7.107210
-9.257217
-11.288435
-13.119922
-14.732988
-16.129441
-17.323271
-18.334607
-19.185745
-19.898745
-20.494123
-20.990240
-21.403116
-21.746486
-21.771939
-21.909243
-21.573612
-21.171171
-20.688927
-20.111704
-19.422038
-18.600242
-17.624802
-16.473305
-15.124230
-13.560008
-11.771876
-9.766943
-7.599942
-5.413985
-3.351782
-1.487458
0.112920
1.401289
2.356220
2.987837
3.336934
3.466831
3.447307
3.338501
3.195863
2.988540
2.642004
2.080632
1.244721
0.101323
-1.351084
-3.083941
-5.044741
-7.166044
-9.330555
-11.374394
-13.216470
-14.838292
-16.241922
-17.441604
-18.457700
-19.312703
-20.028844
-20.626775
-21.124971
-21.539541
-21.884296
-21.909243
-22.046382
-21.709306
-21.305111
-20.820732
-20.240908
-19.548070
-18.722405
-17.742243
-16.584990
-15.228912
-13.656206
-11.857862
-9.840771
-7.659716
-5.458486
-3.380620
-1.500865
0.113987
1.415152
2.380613
3.020153
3.374524
3.507272
3.488544
3.378829
3.234092
3.023402
2.671766
2.103136
1.257607
0.102326
-1.363845
-3.111739
-5.088146
-7.224948
-9.403940
-11.460373
-13.313007
-14.943558
-16.354340
-17.559853
-18.580690
-19.439545
-20.158814
-20.759288
-21.259554
-21.675812
-22.021945
-22.046382
-22.183357
-21.844842
-21.438898
-20.952391
-20.369975
-19.673977
-18.844454
-17.859586
-16.696594
-15.333534
-13.752367
-11.943837
-9.914612
-7.719526
-5.503039
-3.409510
-1.514306
0.115057
1.429071
2.405127
3.052658
3.412366
3.548016
3.530112
3.419490
3.272628
3.058525
2.701727
2.125771
1.270557
0.103332
-1.376647
-3.139605
-5.131627
-7.283918
-9.477371
-11.546367
-13.409532
-15.048784
-16.466694
-17.678017
-18.703578
-19.566270
-20.288654
-20.891661
-21.393988
-21.811927
-22.159433
-22.183357
-22.320168
-21.980218
-21.572532
-21.083904
-20.498906
-19.799757
-18.966390
-17.976830
-16.808118
-15.438096
-13.848490
-12.029799
-9.988467
-7.779372
-5.547642
-3.438449
-1.527779
0.116130
1.443046
2.429761
3.085352
3.450459
3.589061
3.572012
3.460483
3.311471
3.093907
2.731888
2.148538
1.283571
0.104343
-1.389490
-3.167539
-5.175184
-7.342955
-9.550844
-11.632377
-13.506043
-15.153969
-16.578983
-17.796096
-18.826363
-19.692876
-20.418364
-21.023894
-21.528273
-21.947886
-22.296759
-22.320168
-22.456814
-22.115435
-21.706012
-21.215272
-20.627699
-19.925411
-19.088212
-18.093975
-16.919559
-15.542597
-13.944575
-12.115747
-10.062334
-7.839253
-5.592293
-3.467438
-1.541284
0.117207
1.457077
2.454515
3.118233
3.488804
3.630407
3.614241
3.501809
3.350621
3.129549
2.762247
2.171436
1.296648
0.105357
-1.402373
-3.195540
-5.218815
-7.402056
-9.624360
-11.718401
-13.602539
-15.259112
-16.691206
-17.914088
-18.949044
-19.819364
-20.547943
-21.155985
-21.662410
-22.083689
-22.433923
-22.456814
-22.593295
-22.250493
-21.839339
-21.346493
-20.756355
-20.050937
-19.209919
-18.211020
-17.030918
-15.647034
-14.040620
-12.201681
-10.136211
-7.899165
-5.636992
-3.496475
-1.554822
0.118287
1.471164
2.479388
3.151301
3.527399
3.672054
3.656800
3.543466
3.390076
3.165451
2.792804
2.194463
1.309788
0.106376
-1.415297
-3.223607
-5.262519
-7.461220
-9.697916
-11.804436
-13.699018
-15.364211
-16.803362
-18.031993
-19.071620
-19.945733
-20.677392
-21.287936
-21.796397
-22.219335
-22.570925
-22.593295
-22.729612
-22.385390
-21.972512
-21.477568
-20.884872
-20.176336
-19.331511
-18.327964
-17.142194
-15.751408
-14.136624
-12.287598
-10.210096
-7.959110
-5.681737
-3.525560
-1.568391
0.119370
1.485305
2.504380
3.184556
3.566242
3.714001
3.699689
3.585454
3.429836
3.201610
2.823559
2.217620
1.322990
0.107398
-1.428261
-3.251739
-5.306294
-7.520445
-9.771511
-11.890482
-13.795478
-15.469265
-16.915449
-18.149809
-19.194091
-20.071982
-20.806708
-21.419745
-21.930234
-22.354825
-22.707765
-22.729612
-22.865763
-22.520127
-22.105531
-21.608496
-21.013252
-20.301606
-19.452986
-18.444807
-17.253384
-15.855718
-14.232586
-12.373497
-10.283989
-8.019084
-5.726527
-3.554691
-1.581991
0.120457
1.499501
2.529489
3.217995
3.605335
3.756246
3.742906
3.627773
3.469901
3.238027
2.854510
2.240906
1.336254
0.108425
-1.441264
-3.279936
-5.350139
-7.579730
-9.845142
-11.976537
-13.891919
-15.574274
-17.027467
-18.267536
-19.316455
-20.198111
-20.935893
-21.551412
-22.063921
-22.490159
-22.844443
-22.865763
-23.001750
-22.654704
-22.238396
-21.739276
-21.141492
-20.426748
-19.574346
-18.561548
-17.364490
-15.959962
-14.328505
-12.459378
-10.357889
-8.079088
-5.771361
-3.583869
-1.595621
0.121547
1.513751
2.554715
3.251619
3.644675
3.798789
3.786451
3.670421
3.510269
3.274701
2.885657
2.264321
1.349581
0.109455
-1.454306
-3.308196
-5.394054
-7.639074
-9.918809
-12.062598
-13.988338
-15.679234
-17.139415
-18.385172
-19.438713
-20.324119
-21.064945
-21.682937
-22.197458
-22.625335
-22.980958
-23.001750
-23.137571
-22.789121
-22.371106
-21.869909
-21.269594
-20.551761
-19.695588
-18.678186
-17.475510
-16.064139
-14.424379
-12.545238
-10.431793
-8.139119
-5.816238
-3.613091
-1.609282
0.122641
1.528055
2.580058
3.285426
3.684262
3.841630
3.830322
3.713398
3.550941
3.311632
2.917000
2.287863
1.362968
0.110489
-1.467387
-3.336519
-5.438036
-7.698474
-9.992510
-12.148666
-14.084735
-15.784147
-17.251291
-18.502718
-19.560863
-20.450005
-21.193864
-21.814320
-22.330844
-22.760355
-23.117311
-23.137571
-23.273227
-22.923378
-22.503662
-22.000395
-21.397556
-20.676645
-19.816713
-18.794720
-17.586443
-16.168249
-14.520208
-12.631078
-10.505701
-8.199176
-5.861157
-3.642357
-1.622972
0.123737
1.542412
2.605516
3.319416
3.724095
3.884768
3.874521
3.756704
3.591916
3.348818
2.948537
2.311533
1.376417
0.111528
-1.480506
-3.364903
-5.482084
-7.757929
-10.066243
-12.234737
-14.181109
-15.889009
-17.363095
-18.620171
-19.682904
-20.575769
-21.322649
-21.945559
-22.464080
-22.895217
-23.253501
-23.273227
-23.408717
-23.057473
-22.636062
-22.130732
-21.525379
-20.801399
-19.937719
-18.911151
-17.697288
-16.272291
-14.615991
-12.716894
-10.579611
-8.259258
-5.906116
-3.671667
-1.636692
0.124837
1.556821
2.631089
3.353588
3.764173
3.928201
3.919044
3.800337
3.633192
3.386259
2.980269
2.335329
1.389926
0.112570
-1.493663
-3.393348
-5.526198
-7.817438
-10.140006
-12.320812
-14.277457
-15.993821
-17.474825
-18.737532
-19.804837
-20.701411
-21.451300
-22.076655
-22.597164
-23.029921
-23.389528
-23.408717
-23.544042
-23.191408
-22.768308
-22.260921
-21.653061
-20.926022
-20.058607
-19.027476
-17.808045
-16.376263
-14.711726
-12.802688
-10.653522
-8.319363
-5.951115
-3.701019
-1.650440
0.125939
1.571283
2.656776
3.387941
3.804495
3.971929
3.963893
3.844298
3.674769
3.423954
3.012194
2.359251
1.403496
0.113615
-1.506857
-3.421853
-5.570376
-7.876999
-10.213799
-12.406887
-14.373778
-16.098581
-17.586481
-18.854799
-19.926660
-20.826929
-21.579818
-22.207608
-22.730097
-23.164467
-23.525391
-23.544042
-23.679202
-23.325183
-22.900398
-22.390962
-21.780603
-21.050515
-20.179376
-19.143697
-17.918713
-16.480165
-14.807412
-12.888456
-10.727433
-8.379491
-5.996152
-3.730412
-1.664217
0.127045
1.585797
2.682576
3.422473
3.845060
4.015951
4.009066
3.888585
3.716647
3.461903
3.044311
2.383298
1.417126
0.114665
-1.520088
-3.450417
-5.614616
-7.936611
-10.287619
-12.492962
-14.470071
-16.203287
-17.698062
-18.971972
-20.048373
-20.952324
-21.708200
-22.338416
-22.862878
-23.298856
-23.661092
-23.679202
-23.814196
-23.458796
-23.032333
-22.520854
-21.908004
-21.174877
-20.300026
-19.259811
-18.029292
-16.583997
-14.903049
-12.974198
-10.801342
-8.439641
-6.041226
-3.759847
-1.678023
0.128154
1.600363
2.708489
3.457186
3.885868
4.060266
4.054562
3.933197
3.758825
3.500104
3.076621
2.407471
1.430815
0.115718
-1.533356
-3.479039
-5.658917
-7.996272
-10.361465
-12.579036
-14.566336
-16.307939
-17.809566
-19.089050
-20.169974
-21.077595
-21.836447
-22.469080
-22.995508
-23.433087
-23.796629
-23.814196
-23.949024
-23.592248
-23.164112
-22.650596
-22.035265
-21.299107
-20.420555
-19.375819
-18.139779
-16.687756
-14.998635
-13.059914
-10.875249
-8.499810
-6.086337
-3.789321
-1.691855
0.129266
1.614979
2.734514
3.492076
3.926917
4.104874
4.100381
3.978134
3.801301
3.538557
3.109121
2.431767
1.444563
0.116775
-1.546659
-3.507718
-5.703279
-8.055981
-10.435335
-12.665106
-14.662569
-16.412536
-17.920993
-19.206032
-20.291465
-21.202741
-21.964559
-22.599600
-23.127985
-23.567159
-23.932003
-23.949024
-24.083686
-23.725538
-23.295736
-22.780190
-22.162384
-21.423206
-20.540964
-19.491720
-18.250176
-16.791442
-15.094169
-13.145600
-10.949151
-8.559998
-6.131482
-3.818835
-1.705715
0.130381
1.629646
2.760649
3.527143
3.968206
4.149772
4.146521
4.023396
3.844076
3.577262
3.141812
2.456187
1.458370
0.117835
-1.559999
-3.536454
-5.747700
-8.115736
-10.509229
-12.751172
-14.758771
-16.517076
-18.032342
-19.322918
-20.412843
-21.327762
-22.092535
-22.729974
-23.260310
-23.701073
-24.067213
-24.083686
-24.218182
-23.858668
-23.427203
-22.909635
-22.289361
-21.547172
-20.661252
-19.607514
-18.360480
-16.895055
-15.189651
-13.231258
-11.023049
-8.620203
-6.176661
-3.848387
-1.719602
0.131499
1.644363
2.786895
3.562387
4.009735
4.194962
4.192982
4.068980
3.887148
3.616217
3.174692
2.480730
1.472235
0.118899
-1.573373
-3.565245
-5.792178
-8.175536
-10.583144
-12.837231
-14.854941
-16.621559
-18.143612
-19.439706
-20.534108
-21.452658
-22.220374
-22.860204
-23.392483
-23.834828
-24.202260
-24.218182
-24.352513
-23.991636
-23.558515
-23.038929
-22.416197
-21.671006
-20.781418
-19.723199
-18.470692
-16.998594
-15.285079
-13.316885
-11.096940
-8.680425
-6.221873
-3.877976
-1.733515
0.132619
1.659130
2.813251
3.597806
4.051502
4.240440
4.239762
4.114887
3.930517
3.655421
3.207761
2.505395
1.486157
0.119967
-1.586783
-3.594091
-5.836713
-8.235380
-10.657079
-12.923283
-14.951075
-16.725983
-18.254802
-19.556396
-20.655260
-21.577427
-22.348077
-22.990288
-23.524503
-23.968424
-24.337143
-24.352513
-24.486677
-24.124442
-23.689670
-23.168074
-22.542890
-21.794707
-20.901463
-19.838775
-18.580810
-17.102057
-15.380453
-13.402481
-11.170824
-8.740661
-6.267117
-3.907602
-1.747454
0.133743
1.673946
2.839715
3.633400
4.093507
4.286207
4.286862
4.161115
3.974181
3.694874
3.241018
2.530181
1.500138
0.121039
-1.600227
-3.622991
-5.881303
-8.295265
-10.731032
-13.009327
-15.047175
-16.830348
-18.365912
-19.672987
-20.776298
-21.702069
-22.475642
-23.120226
-23.656369
-24.101861
-24.471862
-24.486677
-24.620675
-24.257087
-23.820669
-23.297069
-22.669441
-21.918274
-21.021385
-19.954242
-18.690835
-17.205444
-15.475771
-13.488043
-11.244699
-8.800912
-6.312391
-3.937264
-1.761418
0.134870
1.688810
2.866287
3.669167
4.135747
4.332261
4.334280
4.207664
4.018140
3.734574
3.274462
2.555088
1.514175
0.122113
-1.613704
-3.651943
-5.925947
-8.355191
-10.805003
-13.095360
-15.143238
-16.934651
-18.476939
-19.789479
-20.897221
-21.826585
-22.603071
-23.250018
-23.788083
-24.235139
-24.606417
-24.620675
-24.754507
-24.389569
-23.951511
-23.425914
-22.795850
-22.041708
-21.141184
-20.069599
-18.800765
-17.308755
-15.571033
-13.573573
-11.318564
-8.861175
-6.357695
-3.966961
-1.775408
0.135999
1.703722
2.892966
3.705106
4.178223
4.378602
4.382014
4.254532
4.062393
3.774522
3.308092
2.580115
1.528269
0.123192
-1.627216
-3.680948
-5.970643
-8.415156
-10.878989
-13.181382
-15.239262
-17.038893
-18.587884
-19.905871
-21.018030
-21.950973
-22.730361
-23.379664
-23.919643
-24.368258
-24.740807
-24.754507
-24.888173
-24.521890
-24.082197
-23.554608
-22.922115
-22.165008
-21.260861
-20.184845
-18.910600
-17.411987
-15.666237
-13.659067
-11.392418
-8.921450
-6.403028
-3.996692
-1.789422
0.137131
1.718683
2.919751
3.741217
4.220933
4.425228
4.430065
4.301719
4.106939
3.814715
3.341908
2.605261
1.542418
0.124273
-1.640760
-3.710003
-6.015391
-8.475159
-10.952989
-13.267391
-15.335248
-17.143073
-18.698746
-20.022162
-21.138723
-22.075234
-22.857513
-23.509163
-24.051050
-24.501218
-24.875034
-24.888173
-25.021673
-24.654049
-24.212726
-23.683151
-23.048238
-22.288174
-21.380413
-20.299981
-19.020338
-17.515142
-15.761383
-13.744526
-11.466260
-8.981735
-6.448388
-4.026457
-1.803460
0.138266
1.733690
2.946642
3.777498
4.263877
4.472138
4.478431
4.349225
4.151777
3.855154
3.375908
2.630526
1.556624
0.125359
-1.654337
-3.739109
-6.060190
-8.535198
-11.027002
-13.353386
-15.431194
-17.247188
-18.809524
-20.138351
-21.259299
-22.199365
-22.984527
-23.638515
-24.182303
-24.634018
-25.009096
-25.021673
-25.155006
-24.786046
-24.343098
-23.811544
-23.174217
-22.411205
-21.499842
-20.415005
-19.129981
-17.618217
-15.856471
-13.829948
-11.540089
-9.042030
-6.493774
-4.056254
-1.817523
0.139403
1.748744
2.973637
3.813948
4.307052
4.519332
4.527111
4.397047
4.196906
3.895836
3.410091
2.655908
1.570885
0.126447
-1.667946
-3.768264
-6.105037
-8.595272
-11.101027
-13.439366
-15.527099
-17.351239
-18.920217
-20.254438
-21.379759
-22.323369
-23.111402
-23.767721
-24.313401
-24.766658
-25.142994
-25.155006
-25.288173
-24.917881
-24.473313
-23.939786
-23.300052
-22.534102
-21.619146
-20.529918
-19.239526
-17.721213
-15.951498
-13.915332
-11.613903
-9.102333
-6.539186
-4.086083
-1.831608
0.140543
1.763844
3.000736
3.850566
4.350457
4.566807
4.576103
4.445184
4.242325
3.936762
3.444458
2.681408
1.585200
0.127539
-1.681587
-3.797468
-6.149933
-8.655380
-11.175061
-13.525329
-15.622961
-17.455225
-19.030823
-20.370422
-21.500102
-22.447243
-23.238138
-23.896779
-24.444346
-24.899139
-25.276727
-25.288173
-25.421173
-25.049554
-24.603370
-24.067877
-23.425743
-22.656863
-21.738326
-20.644718
-19.348973
-17.824128
-16.046464
-14.000677
-11.687703
-9.162643
-6.584622
-4.115943
-1.845717
0.141686
1.778990
3.027938
3.887352
4.394093
4.614563
4.625408
4.493637
4.288034
3.977929
3.479006
2.707024
1.599570
0.128634
-1.695260
-3.826719
-6.194875
-8.715520
-11.249105
-13.611274
-15.718779
-17.559144
-19.141344
-20.486303
-21.620327
-22.570987
-23.364735
-24.025689
-24.575136
-25.031459
-25.410296
-25.421173
-25.554008
-25.181064
-24.733271
-24.195816
-23.551291
-22.779488
-21.857380
-20.759405
-19.458322
-17.926961
-16.141369
-14.085983
-11.761485
-9.222958
-6.630081
-4.145833
-1.859848
0.142831
1.794182
3.055241
3.924303
4.437957
4.662599
4.675023
4.542404
4.334030
4.019338
3.513735
2.732756
1.613994
0.129733
-1.708963
-3.856017
-6.239862
-8.775690
-11.323155
-13.697200
-15.814553
-17.662995
-19.251777
-20.602079
-21.740434
-22.694602
-23.491192
-24.154452
-24.705772
-25.163620
-25.543700
-25.554008
-25.686675
-25.312412
-24.863014
-24.323604
-23.676693
-22.901978
-21.976309
-20.873979
-19.567572
-18.029713
-16.236211
-14.171247
-11.835250
-9.283279
-6.675563
-4.175753
-1.874001
0.143979
1.809417
3.082646
3.961419
4.482048
4.710913
4.724948
4.591483
4.380314
4.060987
3.548644
2.758603
1.628471
0.130834
-1.722697
-3.885360
-6.284894
-8.835891
-11.397212
-13.783105
-15.910281
-17.766778
-19.362122
-20.717751
-21.860422
-22.818086
-23.617509
-24.283066
-24.836253
-25.295620
-25.676940
-25.686675
-25.819176
-25.443597
-24.992599
-24.451240
-23.801952
-23.024332
-22.095111
-20.988439
-19.676723
-18.132382
-16.330990
-14.256471
-11.908997
-9.343603
-6.721065
-4.205701
-1.888176
0.145129
1.824698
3.110151
3.998699
4.526365
4.759505
4.775182
4.640874
4.426883
4.102875
3.583732
2.784563
1.643001
0.131939
-1.736461
-3.914749
-6.329969
-8.896119
-11.471273
-13.868989
-16.005963
-17.870491
-19.472378
-20.833317
-21.980291
-22.941439
-23.743685
-24.411532
-24.966580
-25.427461
-25.810014
-25.819176
-25.951511
-25.574620
-25.122027
-24.578725
-23.927065
-23.146550
-22.213788
-21.102784
-19.785773
-18.234967
-16.425705
-14.341651
-11.982724
-9.403930
-6.766589
-4.235677
-1.902372
0.146282
1.840022
3.137755
4.036142
4.570906
4.808373
4.825723
4.690575
4.473738
4.145001
3.618997
2.810637
1.657584
0.133047
-1.750254
-3.944182
-6.375086
-8.956374
-11.545337
-13.954850
-16.101596
-17.974135
-19.582545
-20.948778
-22.100041
-23.064662
-23.869721
-24.539850
-25.096751
-25.559140
-25.942924
-25.951511
-26.083679
-25.705481
-25.251297
-24.706057
-24.052034
-23.268630
-22.332338
-21.217015
-19.894723
-18.337469
-16.520355
-14.426788
-12.056430
-9.464259
-6.812131
-4.265681
-1.916589
0.147437
1.855389
3.165458
4.073746
4.615672
4.857516
4.876570
4.740586
4.520876
4.187363
3.654440
2.836823
1.672218
0.134158
-1.764077
-3.973658
-6.420244
-9.016655
-11.619403
-14.040687
-16.197181
-18.077707
-19.692622
-21.064132
-22.219670
-23.187752
-23.995616
-24.668019
-25.226767
-25.690660
-26.075669
-26.083679
-26.215680
-25.836178
-25.380409
-24.833238
-24.176858
-23.390574
-22.450761
-21.331131
-20.003572
-18.439886
-16.614939
-14.511881
-12.130115
-9.524588
-6.857692
-4.295710
-1.930826
0.148595
1.870799
3.193258
4.111511
4.660659
4.906932
4.927722
4.790905
4.568297
4.229962
3.690059
2.863121
1.686904
0.135273
-1.777928
-4.003177
-6.465442
-9.076961
-11.693470
-14.126499
-16.292716
-18.181208
-19.802607
-21.179379
-22.339179
-23.310711
-24.121370
-24.796040
-25.356628
-25.822018
-26.208249
-26.215680
-26.347515
-25.966714
-25.509363
-24.960266
-24.301536
-23.512381
-22.569056
-21.445131
-20.112320
-18.542217
-16.709457
-14.596928
-12.203777
-9.584917
-6.903270
-4.325766
-1.945084
0.149755
1.886251
3.221155
4.149434
4.705867
4.956620
4.979178
4.841532
4.616000
4.272795
3.725852
2.889530
1.701641
0.136390
-1.791808
-4.032737
-6.510678
-9.137289
-11.767537
-14.212284
-16.388200
-18.284635
-19.912501
-21.294518
-22.458566
-23.433538
-24.246982
-24.923911
-25.486334
-25.953216
-26.340664
-26.347515
-26.479183
-26.097086
-25.638160
-25.087142
-24.426068
-23.634050
-22.687224
-21.559016
-20.220965
-18.644463
-16.803907
-14.681930
-12.277415
-9.645244
-6.948865
-4.355846
-1.959361
0.150917
1.901745
3.249148
4.187516
4.751296
5.006580
5.030936
4.892464
4.663983
4.315862
3.761820
2.916049
1.716429
0.137510
-1.805715
-4.062337
-6.555951
-9.197639
-11.841602
-14.298042
-16.483632
-18.387990
-20.022303
-21.409550
-22.577832
-23.556232
-24.372453
-25.051633
-25.615884
-26.084254
-26.472914
-26.479183
-26.610684
-26.227296
-25.766798
-25.213865
-24.550455
-23.755582
-22.805264
-21.672783
-20.329507
-18.746622
-16.898290
-14.766884
-12.351029
-9.705569
-6.994475
-4.385950
-1.973657
0.152082
1.917280
3.277235
4.225754
4.796942
5.056809
5.082995
4.943701
4.712245
4.359162
3.797960
2.942677
1.731267
0.138634
-1.819650
-4.091978
-6.601260
-9.258009
-11.915663
-14.383771
-16.579012
-18.491269
-20.132011
-21.524472
-22.696977
-23.678794
-24.497782
-25.179205
-25.745278
-26.215130
-26.604999
-26.610684
-26.742019
-26.357342
-25.895278
-25.340436
-24.674696
-23.876976
-22.923176
-21.786434
-20.437946
-18.848694
-16.992603
-14.851790
-12.424617
-9.765891
-7.040100
-4.416077
-1.987973
0.153249
1.932856
3.305417
4.264148
4.842805
5.107306
5.135355
4.995241
4.760785
4.402692
3.834272
2.969413
1.746154
0.139760
-1.833612
-4.121657
-6.646605
-9.318399
-11.989721
-14.469471
-16.674337
-18.594474
-20.241626
-21.639285
-22.815998
-23.801222
-24.622968
-25.306628
-25.874516
-26.345846
-26.736918
-26.742019
-26.873187
-26.487226
-26.023600
-25.466854
-24.798790
-23.998232
-23.040959
-21.899968
-20.546281
-18.950677
-17.086847
-14.936647
-12.498179
-9.826207
-7.085738
-4.446227
-2.002306
0.154418
1.948472
3.333691
4.302697
4.888884
5.158070
5.188012
5.047083
4.809602
4.446453
3.870755
2.996257
1.761090
0.140889
-1.847600
-4.151375
-6.691984
-9.378806
-12.063772
-14.555139
-16.769608
-18.697602
-20.351147
-21.753989
-22.934898
-23.923517
-24.748013
-25.433901
-26.003599
-26.476400
-26.868673
-26.873187
-27.004188
-26.616947
-26.151763
-25.593119
-24.922739
-24.119349
-23.158613
-22.013385
-20.654513
-19.052573
-17.181021
-15.021455
-12.571713
-9.886519
-7.131389
-4.476399
-2.016658
0.155589
1.964127
3.362057
4.341398
4.935177
5.209100
5.240967
5.099227
4.858694
4.490442
3.907407
3.023207
1.776075
0.142021
-1.861614
-4.181130
-6.737395
-9.439230
-12.137818
-14.640776
-16.864823
-18.800654
-20.460572
-21.868582
-23.053673
-24.045678
-24.872914
-25.561024
-26.132525
-26.606793
-27.000262
-27.004188
-27.135023
-26.746505
-26.279768
-25.719231
-25.046541
-24.240328
-23.276139
-22.126683
-20.762639
-19.154379
-17.275124
-15.106212
-12.645219
-9.946824
-7.177051
-4.506592
-2.031027
0.156763
1.979822
3.390514
4.380251
4.981683
5.260393
5.294218
5.151670
4.908061
4.534659
3.944228
3.050264
1.791109
0.143156
-1.875654
-4.210922
-6.782838
-9.499670
-12.211855
-14.726379
-16.959981
-18.903628
-20.569902
-21.983064
-23.172326
-24.167704
-24.997672
-25.687996
-26.261295
-26.737026
-27.131686
-27.135023
-27.265691
-26.875900
-26.407614
-25.845190
-25.170196
-24.361168
-23.393534
-22.239863
-20.870661
-19.256096
-17.369156
-15.190918
-12.718695
-10.007121
-7.222725
-4.536806
-2.045413
0.157938
1.995555
3.419062
4.419255
5.028401
5.311950
5.347763
5.204411
4.957701
4.579103
3.981217
3.077425
1.806189
0.144293
-1.889720
-4.240749
-6.828312
-9.560124
-12.285883
-14.811949
-17.055082
-19.006523
-20.679136
-22.097435
-23.290854
-24.289597
-25.122288
-25.814819
-26.389909
-26.867096
-27.262944
-27.265691
-27.396192
-27.005132
-26.535302
-25.970996
-25.293705
-24.481869
-23.510800
-22.352924
-20.978576
-19.357723
-17.463115
-15.275572
-12.792142
-10.067411
-7.268408
-4.567039
-2.059816
0.159116
2.011327
3.447698
4.458408
5.075328
5.363767
5.401601
5.257449
5.007612
4.623772
4.018371
3.104690
1.821317
0.145434
-1.903810
-4.270610
-6.873816
-9.620591
-12.359901
-14.897483
-17.150124
-19.109340
-20.788273
-22.211694
-23.409258
-24.411354
-25.246760
-25.941490
-26.518367
-26.997006
-27.394037
-27.396192
-27.526526
-27.134201
-26.662831
-26.096649
-25.417067
-24.602430
-23.627936
-22.465866
-21.086386
-19.459259
-17.557001
-15.360173
-12.865557
-10.127691
-7.314100
-4.597290
-2.074235
0.160296
2.027136
3.476423
4.497710
5.122464
5.415844
5.455731
5.310782
5.057794
4.668664
4.055691
3.132058
1.836492
0.146577
-1.917924
-4.300506
-6.919347
-9.681070
-12.433908
-14.982981
-17.245107
-19.212077
-20.897312
-22.325841
-23.527538
-24.532977
-25.371088
-26.068011
-26.646667
-27.126754
-27.524965
-27.526526
-27.656694
-27.263107
-26.790202
-26.222148
-25.540281
-24.722852
-23.744941
-22.578689
-21.194089
-19.560703
-17.650814
-15.444721
-12.938941
-10.187960
-7.359800
-4.627560
-2.088671
0.161477
2.042982
3.505235
4.537158
5.169807
5.468180
5.510151
5.364410
5.108244
4.713779
4.093175
3.159528
1.851712
0.147723
-1.932062
-4.330435
-6.964907
-9.741560
-12.507902
-15.068442
-17.340030
-19.314733
-21.006254
-22.439875
-23.645692
-24.654464
-25.495273
-26.194382
-26.774812
-27.256341
-27.655727
-27.656694
-27.786695
-27.391850
-26.917414
-26.347494
-25.663349
-24.843135
-23.861816
-22.691391
-21.301686
-19.662056
-17.744552
-15.529214
-13.012291
-10.248219
-7.405508
-4.657848
-2.103122
0.162661
2.058865
3.534133
4.576752
5.217356
5.520772
5.564859
5.418330
5.158962
4.759116
4.130821
3.187100
1.866978
0.148871
-1.946224
-4.360396
-7.010492
-9.802059
-12.581882
-15.153865
-17.434891
-19.417308
-21.115097
-22.553795
-23.763721
-24.775815
-25.619313
-26.320601
-26.902799
-27.385766
-27.786324
-27.786695
-27.916529
-27.520430
-27.044467
-26.472686
-25.786269
-24.963277
-23.978560
-22.803974
-21.409175
-19.763317
-17.838215
-15.613651
-13.085608
-10.308466
-7.451222
-4.688152
-2.117588
0.163847
2.074783
3.563117
4.616490
5.265109
5.573619
5.619855
5.472541
5.209946
4.804672
4.168629
3.214772
1.882289
0.150022
-1.960409
-4.390389
-7.056103
-9.862567
-12.655848
-15.239248
-17.529691
-19.519800
-21.223840
-22.667602
-23.881624
-24.897031
-25.743209
-26.446669
-27.030630
-27.515030
-27.916756
-27.916529
-28.046197
-27.648846
-27.171361
-26.597724
-25.909041
-25.083280
-24.095172
-22.916436
-21.516556
-19.864484
-17.931803
-15.698033
-13.158891
-10.368699
-7.496941
-4.718473
-2.132069
0.165034
2.090738
3.592185
4.656370
5.313064
5.626720
5.675136
5.527043
5.261195
4.850447
4.206598
3.242544
1.897645
0.151176
-1.974616
-4.420412
-7.101738
-9.923082
-12.729797
-15.324592
-17.624428
-19.622211
-21.332484
-22.781295
-23.999401
-25.018110
-25.866961
-26.572586
-27.158303
-27.644132
-28.047021
-28.046197
-28.175698
-27.777100
-27.298096
-26.722608
-26.031666
-25.203142
-24.211654
-23.028778
-21.623829
-19.965558
-18.025315
-15.782359
-13.232138
-10.428919
-7.542666
-4.748809
-2.146564
0.166223
2.106727
3.621336
4.696393
5.361221
5.680073
5.730701
5.581832
5.312707
4.896439
4.244726
3.270414
1.913045
0.152332
-1.988846
-4.450466
-7.147397
-9.983603
-12.803730
-15.409894
-17.719101
-19.724538
-21.441028
-22.894874
-24.117051
-25.139053
-25.990568
-26.698351
-27.285820
-27.773072
-28.177122
-28.175698
-28.305032
-27.905190
-27.424672
-26.847339
-26.154143
-25.322864
-24.328003
-23.140998
-21.730993
-20.066539
-18.118750
-15.866627
-13.305349
-10.489124
-7.588393
-4.779159
-2.161074
0.167414
2.122750
3.650570
4.736555
5.409577
5.733676
5.786548
5.636908
5.364481
4.942647
4.283012
3.298382
1.928488
0.153491
-2.003097
-4.480548
-7.193077
-10.044130
-12.877645
-15.495154
-17.813710
-19.826780
-21.549471
-23.008337
-24.234575
-25.259860
-26.114031
-26.823965
-27.413179
-27.901851
-28.307057
-28.305032
-28.434199
-28.033117
-27.551089
-26.971916
-26.276473
-25.442445
-24.444221
-23.253097
-21.838048
-20.167424
-18.212107
-15.950837
-13.378523
-10.549314
-7.634124
-4.809524
-2.175597
0.168607
2.138808
3.679885
4.776857
5.458132
5.787528
5.842677
5.692269
5.416516
4.989069
4.321454
3.326447
1.943975
0.154652
-2.017370
-4.510659
-7.238779
-10.104660
-12.951541
-15.580371
-17.908254
-19.928938
-21.657812
-23.121685
-24.351971
-25.380529
-26.237348
-26.949427
-27.540381
-28.030467
-28.436826
-28.434199
-28.563200
-28.160880
-27.677347
-27.096338
-26.398654
-25.561886
-24.560307
-23.365074
-21.944994
-20.268215
-18.305386
-16.034988
-13.451659
-10.609487
-7.679857
-4.839902
-2.190133
0.169802
2.154899
3.709280
4.817296
5.506882
5.841627
5.899084
5.747914
5.468809
5.035705
4.360053
3.354607
1.959503
0.155815
-2.031663
-4.540797
-7.284500
-10.165193
-13.025416
-15.665544
-18.002732
-20.031011
-21.766052
-23.234917
-24.469240
-25.501061
-26.360520
-27.074737
-27.667426
-28.158922
-28.566429
-28.563200
